-8.31746,-2.01831,-4.41491,-0.00107878,0.0444613,0.0308798,13.5791,55.5791,-39.0685,2804288
-8.36055,-1.98719,-4.2952,0.084056,0.0415303,0.0308798,13.217,55.2146,-39.0685,2862822
-8.37492,-1.96564,-4.40294,0.0578094,0.0202133,0.0276822,13.217,55.2146,-39.0685,2921061
-8.31985,-2.02071,-4.19703,0.0430208,0.0724399,0.0302136,11.9496,54.668,-38.8933,2979521
-8.40604,-1.9824,-4.40054,0.0663362,0.022345,0.0315459,11.9496,54.668,-38.8933,3045141
-8.3414,-1.98479,-4.49152,0.0360928,0.031005,0.0394066,12.1307,55.9435,-39.4189,3115769
-8.27915,-2.01352,-4.41491,0.0147758,0.0493909,0.0312795,12.1307,55.9435,-39.4189,3177380
-8.2983,-1.94649,-4.26407,0.0131769,0.0323373,0.00476648,12.6738,54.668,-39.5941,3238332
-8.40125,-1.89381,-4.46758,0.0542122,0.0102209,0.016624,12.6738,54.668,-39.5941,3297992
-8.32463,-2.03986,-4.33829,0.0279656,0.0504568,0.0152917,12.6738,56.1258,-38.8933,3358651
-8.37731,-1.90578,-4.40054,0.0580759,0.0343358,0.0278155,12.6738,56.1258,-38.8933,3417457
-8.39646,-1.96085,-4.35026,0.0611402,0.0529881,0.038474,10.8633,55.3969,-38.1926,3488069
-8.36773,-1.98,-4.38618,0.0620728,0.0529881,0.0395398,10.8633,55.3969,-38.1926,3546490
-8.33182,-1.91536,-4.3359,0.0901846,0.0464598,0.0423377,13.0359,54.668,-38.1926,3605250
-8.32943,-2.04225,-4.26647,-0.0045428,0.0392653,0.0360758,13.0359,54.668,-38.1926,3666526
-8.2983,-1.95367,-4.52504,0.0853883,-0.00256927,0.0216868,13.398,54.3035,-39.5941,3729254
-8.44435,-1.90339,-4.32393,0.0150422,0.0631137,0.0315459,13.398,54.3035,-39.5941,3791147
-8.42519,-1.96324,-4.27604,0.0571432,0.0580509,0.0595245,11.9496,55.3969,-39.5941,3859957
-8.28872,-1.95846,-4.49392,0.0499488,0.018348,0.0386072,11.9496,55.3969,-39.5941,3920161
-8.2169,-1.84593,-4.35266,-0.00774035,0.0445946,0.0255505,12.8549,55.2146,-38.3678,3978617
-8.4204,-1.8579,-4.40533,0.117897,0.00808923,-0.00216155,12.8549,55.2146,-38.3678,4039476
-8.47308,-1.82917,-4.52743,0.0420881,0.0399315,-0.0148185,12.6738,55.0324,-39.5941,4098464
-8.30788,-2.02549,-4.27125,0.085255,0.0485915,-0.016817,12.6738,55.0324,-39.5941,4155969
-8.30548,-2.14042,-4.38378,0.0137099,0.0383327,-0.0198813,13.398,55.0324,-38.8933,4224902
-8.39167,-2.21942,-4.34069,-0.00480923,0.055786,-0.00562556,13.398,55.0324,-38.8933,4283524
-8.30309,-2.11647,-4.41969,-0.0502411,0.0543204,0.0108951,11.9496,55.0324,-40.2949,4341509
-8.32703,-1.94888,-4.40294,-0.0607664,0.0681765,0.0328783,11.9496,55.0324,-40.2949,4406335
-8.2552,-1.96324,-4.32871,-0.0136025,0.0547201,0.0553943,13.0359,54.3035,-39.2437,4464017
-8.29351,-1.93212,-4.55138,-0.0274586,0.0387324,0.064987,13.0359,54.3035,-39.2437,4534411
-8.32463,-1.98,-4.42688,-0.0542381,0.0267416,0.0655199,10.8633,53.2101,-39.2437,4595523
-8.32463,-1.8579,-4.54419,-0.0045428,0.0210126,0.0612565,10.8633,53.2101,-39.2437,4653159
-8.29591,-1.80762,-4.39575,-0.057702,0.0640463,0.0521968,12.8549,55.2146,-38.7182,4713302
-8.36294,-1.6927,-4.44603,-0.013869,0.0515226,0.0330115,12.8549,55.2146,-38.7182,4776994
-8.32463,-1.70228,-4.59208,0.0298308,0.0352684,0.039673,11.0443,54.1213,-39.7693,4834531
-8.32463,-1.67594,-4.54419,0.0115782,0.0515226,0.0363423,11.0443,54.1213,-39.7693,4905817
-8.31746,-1.73819,-4.38378,0.0121111,0.0535211,0.0311463,11.2254,55.0324,-39.9445,4964551
-8.33182,-1.72143,-4.57532,0.0487497,0.0324705,0.0335444,11.2254,55.0324,-39.9445,5022275
-8.27675,-1.74777,-4.53462,0.0410223,0.0116865,0.0366087,10.8633,53.2101,-38.543,5083995
-8.35815,-1.78607,-4.50828,0.0214373,0.000361821,0.0549946,10.8633,53.2101,-38.543,5142475
-8.31266,-1.72382,-4.44124,0.0241019,-0.0298816,0.0639211,10.5012,55.7613,-38.8933,5199848
-8.34618,-1.75974,-4.35984,-0.0286576,-0.0599919,0.0653867,10.5012,55.7613,-38.8933,5273851
-8.21929,-1.71185,-4.43885,-0.0310558,-0.152987,0.0824403,10.5012,55.3969,-38.1926,5331652
-8.2983,-1.82678,-4.1276,-0.16402,-0.165644,0.0880359,10.5012,55.3969,-38.1926,5389011
-8.90164,-1.652,-4.07014,-0.17348,-0.126607,0.0640543,10.3201,57.4014,-37.667,5455684
-8.15465,-1.44849,-3.66552,-0.347613,-0.0160256,0.119479,10.3201,57.4014,-37.667,5513712
-8.13549,-1.12527,-3.78523,-0.178276,-0.183098,0.127073,7.78535,56.308,-37.3166,5584286
-7.40047,-0.857124,-3.22978,-0.271671,-0.150589,0.175302,7.78535,56.308,-37.3166,5646570
-7.77397,-0.845153,-3.99353,0.130554,-0.452891,0.190224,6.15586,56.1258,-36.4406,5704885
-8.08761,-0.73502,-3.28006,-0.324564,-0.203482,0.187959,6.15586,56.1258,-36.4406,5768007
-7.72609,-0.270545,-3.24175,0.000386745,-0.385476,0.232858,3.44004,58.1303,-34.5135,5827680
-8.04451,-0.169988,-3.46441,-0.062898,-0.452624,0.192756,3.44004,58.1303,-34.5135,5887140
-8.0517,-0.361524,-2.5163,-0.112194,-0.376016,0.189825,4.70742,59.0414,-31.1848,5957908
-8.46111,-0.301669,-2.32956,0.0583423,-0.420116,0.164244,4.70742,59.0414,-31.1848,6021653
-9.59596,-0.186748,-2.13323,-0.0386499,-0.372819,0.0611233,2.53477,59.0414,-27.6809,6080834
-9.84256,0.215478,-2.07098,-0.176278,-0.209877,0.096696,2.53477,59.0414,-27.6809,6144890
-9.30147,0.0646434,-1.69509,0.0658033,-0.147658,0.0911003,0.724219,58.3125,-24.8777,6206091
-9.9072,-0.160411,-1.65918,0.13535,-0.150323,-0.0198813,0.724219,58.3125,-24.8777,6264693
-9.68933,0.047884,-1.81241,-0.16442,0.0676436,-0.14312,2.89687,59.0414,-24.1769,6336071
-9.83538,-0.251391,-0.907402,0.0620728,0.145051,-0.116207,2.89687,59.0414,-24.1769,6397067
-10.3956,-0.670376,-0.778115,0.19597,0.177293,-0.124468,2.71582,58.1303,-25.0529,6457981
-11.3533,-0.924162,-1.2402,0.0342275,0.533153,-0.167235,2.71582,58.1303,-25.0529,6517988
-11.8058,-0.505176,-2.15957,-0.16895,0.596305,-0.120338,2.17266,56.8547,-29.0824,6576049
-10.6973,-0.299275,-2.5163,0.0514143,0.769106,-0.0517235,2.17266,56.8547,-29.0824,6646133
-10.5273,-1.16119,-3.15316,0.119495,0.677443,-0.179626,2.53477,56.1258,-30.1336,6705266
-8.57124,-0.459687,-3.73495,-0.277533,0.985473,-0.18682,2.53477,56.1258,-30.1336,6763793
-7.48427,-1.00078,-4.10127,0.594065,0.615623,-0.242111,5.06953,54.3035,-36.4406,6827637
-7.8027,-1.62566,-4.52983,-0.0739563,0.796685,-0.227322,5.06953,54.3035,-36.4406,6885414
-7.8051,-1.20668,-5.74369,0.113766,0.516633,-0.153112,7.06113,51.5701,-38.7182,6942807
-7.95354,-1.68073,-5.782,0.099644,0.567527,-0.106082,7.06113,51.5701,-38.7182,7015320
-7.53934,-1.47722,-6.17943,0.0955138,0.433097,-0.0310727,5.61269,49.3834,-41.8717,7074797
-7.46512,-1.68791,-6.02381,0.251394,0.423637,-0.0304065,5.61269,49.3834,-41.8717,7135271
-6.83544,-1.51313,-6.54814,0.0903178,0.4287,-0.025477,5.43164,49.2012,-43.098,7193889
-7.0198,-1.54426,-6.79714,0.264051,0.353957,-0.0248109,5.43164,49.2012,-43.098,7252414
-6.90009,-1.72622,-6.63194,0.0812581,0.428034,-0.020281,6.15586,48.4723,-45.5508,7310159
-6.83305,-1.69988,-7.14669,0.194904,0.0617814,0.0480666,6.15586,48.4723,-45.5508,7383053
-6.89051,-1.67594,-6.41406,0.181581,0.170232,0.0635214,7.24219,47.3789,-44.85,7440505
-6.90248,-1.77171,-6.24647,0.263785,0.00129444,0.117613,7.24219,47.3789,-44.85,7501113
-7.30471,-1.6927,-6.37815,0.124159,0.104016,0.0940314,7.6043,46.2855,-45.9012,7564602
-7.43878,-1.80044,-7.34062,0.19224,0.163304,0.0619226,7.6043,46.2855,-45.9012,7622532
-6.74207,-1.86508,-6.87375,0.223149,0.0569851,0.116015,7.42324,47.1967,-46.7771,7680162
-6.69658,-1.92733,-6.60321,0.153603,-0.0707836,0.0783101,7.42324,47.1967,-46.7771,7752698
-7.05811,-1.63284,-6.32787,0.284835,0.0809667,0.118946,8.32851,47.3789,-45.9012,7813442
-6.87375,-2.23618,-6.32308,0.155468,-0.16298,0.142794,8.32851,47.3789,-45.9012,7873715
-7.76918,-2.43011,-6.38054,0.121227,-0.136866,0.0780436,8.14746,46.4678,-46.4267,7934888
-7.50343,-1.9393,-6.07648,-0.335222,0.126665,0.0977618,8.14746,46.4678,-46.4267,7992695
-7.18739,-1.46046,-6.17225,0.0306302,-0.105024,0.147324,6.88008,47.0144,-46.6019,8049922
-7.56807,-1.30005,-5.77721,0.314946,0.000761515,0.144926,6.88008,47.0144,-46.6019,8121660
-7.56568,-1.85551,-5.65031,0.298558,0.00728984,0.122943,7.06113,46.1033,-45.0252,8182407
-7.46512,-1.9393,-6.00705,0.183846,-0.0623901,0.119212,7.06113,46.1033,-45.0252,8242479
-7.46272,-2.01831,-5.45878,0.158266,-0.0209552,0.062722,8.32851,48.1078,-45.9012,8304577
-7.46512,-1.67355,-5.76045,-0.0695596,-0.0653211,0.0282152,8.32851,48.1078,-45.9012,8363255
-7.59919,-1.64242,-5.87058,0.177717,-0.041606,0.0930987,8.32851,47.0144,-46.9523,8424860
-7.55849,-1.95606,-5.33189,0.111635,-0.0461359,0.055794,8.32851,47.0144,-46.9523,8493743
-7.82904,-1.87227,-5.4492,-0.0832824,0.0331367,-2.9847e-05,8.32851,48.1078,-43.7988,8555875
-7.72848,-1.72382,-5.53779,0.0897849,-0.0683855,0.0464678,8.32851,48.1078,-43.7988,8614552
-7.74285,-1.63284,-5.35583,0.0865873,-0.0302813,0.0491325,9.23379,47.9256,-43.974,8673598
-7.83861,-1.901,-5.37498,0.0797926,-0.111286,0.0363423,9.23379,47.9256,-43.974,8731321
-7.78834,-1.81002,-5.40132,0.0479503,0.00462522,0.0204878,9.41484,49.5656,-44.1492,8805566
-7.73327,-1.84832,-5.45638,0.00105292,-0.00776528,0.00823048,9.41484,49.5656,-44.1492,8866995
-7.75961,-1.74298,-5.48272,0.0579426,0.0282071,0.0343438,9.41484,48.8367,-44.1492,8924447
-7.84819,-1.71664,-5.47314,0.0811249,-0.0204222,0.047134,9.41484,48.8367,-44.1492,8982653
-7.73806,-1.69509,-5.32231,0.0965797,0.00196059,0.066719,9.23379,48.6545,-44.6748,9043973
-7.82904,-1.87945,-5.3678,0.059275,-0.0296152,0.0351432,9.23379,48.6545,-44.6748,9101796
-7.85777,-1.76931,-5.46836,0.066203,0.0224782,0.0278155,8.69062,49.2012,-42.3972,9171707
-7.8434,-1.8172,-5.38216,0.0258339,0.0196803,0.0318124,8.69062,49.2012,-42.3972,9232701
-7.86734,-1.71904,-5.34864,0.0330284,0.0243434,0.0299472,9.59589,49.3834,-42.5725,9290692
-7.8841,-1.71425,-5.3654,0.0670024,0.013152,0.0244847,9.59589,49.3834,-42.5725,9349144
-7.82186,-1.79086,-5.31273,0.0207711,0.0421964,0.0212871,8.50957,49.0189,-43.974,9409907
-7.82186,-1.74058,-5.37498,0.0435537,0.0308718,0.00756432,8.50957,49.0189,-43.974,9467656
-7.83143,-1.75255,-5.33428,0.0503485,0.0291398,0.0107619,9.05273,48.8367,-44.1492,9542157
-7.86256,-1.77171,-5.2864,0.0452857,0.0348687,0.0192887,9.05273,48.8367,-44.1492,9603192
-7.85777,-1.77171,-5.3247,0.0412887,0.0387324,0.0172902,10.8633,48.8367,-43.7988,9660844
-7.80988,-1.82917,-5.38456,0.0294312,0.0296727,0.0187557,10.8633,48.8367,-43.7988,9718135
-7.7189,-1.74777,-5.41808,0.0611402,0.0102209,0.0230191,8.69062,49.9301,-42.7477,9776511
-7.85059,-1.86269,-5.29358,-0.00307727,0.0389989,0.00902987,8.69062,49.9301,-42.7477,9846559
-7.82186,-1.76213,-5.40611,0.0335613,0.0267416,0.0222198,8.50957,50.4767,-43.2732,9907945
-7.80031,-1.79565,-5.35822,0.0675353,0.0385992,0.0164908,8.50957,50.4767,-43.2732,9966619
-7.84101,-1.82199,-5.26724,0.0272995,0.0537875,0.0232856,8.32851,49.9301,-44.1492,10025042
-7.82425,-1.80044,-5.39892,0.0678017,0.0278074,0.0204878,8.32851,49.9301,-44.1492,10083032
-7.81228,-1.80762,-5.26724,0.0773944,0.0769697,0.027549,8.69062,48.8367,-42.7477,10145009
-7.77158,-1.84353,-5.34625,0.0642045,0.0617814,0.022353,8.69062,48.8367,-42.7477,10216563
-7.81707,-1.84353,-5.50187,0.067402,0.0359345,0.0238185,9.05273,49.5656,-44.85,10273962
-7.81467,-1.81241,-5.3678,0.0527466,0.0607155,0.0228859,9.05273,49.5656,-44.85,10337609
-7.81707,-1.83875,-5.44441,0.037958,0.0331367,0.0259502,10.8633,47.7433,-43.098,10395561
-7.81946,-1.81002,-5.27443,0.0282321,0.0407309,0.0274158,10.8633,47.7433,-43.098,10453297
-7.77637,-1.76931,-5.55694,0.083523,-0.00137019,0.0239518,9.05273,49.9301,-42.0469,10515122
-7.85537,-1.84593,-5.284,0.037958,0.0571183,0.0263499,9.05273,49.9301,-42.0469,10586207
-7.79791,-1.8148,-5.30316,0.025301,0.0354016,0.0308798,9.41484,50.2945,-43.7988,10643582
-7.73806,-1.80283,-5.4492,0.0634051,0.025809,0.0264832,9.41484,50.2945,-43.7988,10702085
-7.79313,-1.82678,-5.28879,0.0231693,0.027541,0.0339441,9.41484,48.4723,-43.4484,10760853
-7.83143,-1.82917,-5.43484,0.0302306,0.0242102,0.0220865,9.41484,48.4723,-43.4484,10818191
-7.81467,-1.8172,-5.45638,0.0634051,0.0228779,0.0295475,8.69062,49.9301,-43.4484,10893909
-7.77876,-1.78847,-5.33428,0.0326287,0.0455272,0.0311463,8.69062,49.9301,-43.4484,10954308
-7.83143,-1.8172,-5.41808,0.0432872,0.0306053,0.0343438,10.1391,48.4723,-43.7988,11011973
-7.79791,-1.79805,-5.37498,0.0572765,0.0323373,0.0308798,10.1391,48.4723,-43.7988,11074004
-7.78834,-1.84114,-5.30555,0.0383577,0.0377998,0.0239518,10.3201,48.6545,-43.974,11131804
-7.80031,-1.78847,-5.38935,0.0451525,0.0366007,0.0266164,10.3201,48.6545,-43.974,11189949
-7.81946,-1.72861,-5.30555,0.0174404,0.0480586,0.0282152,7.78535,49.0189,-44.3244,11265580
-7.79791,-1.85072,-5.29837,-0.00201139,0.0359345,0.0236853,7.78535,49.0189,-44.3244,11324145
-7.80988,-1.74058,-5.50666,0.0732642,0.0160831,0.0228859,10.3201,49.3834,-43.974,11382419
-7.77637,-1.76931,-5.35822,0.0142428,0.0632469,0.032745,10.3201,49.3834,-43.974,11440714
-7.79073,-1.75495,-5.48751,0.0827236,0.0182148,0.0239518,9.41484,50.659,-42.7477,11499193
-7.8051,-1.81959,-5.42765,0.0647374,0.0499238,0.025817,9.41484,50.659,-42.7477,11557254
-7.81707,-1.82438,-5.27203,0.0278324,0.0484583,0.0288813,8.14746,49.3834,-44.3244,11633159
-7.76679,-1.76692,-5.3247,0.0504817,0.0323373,0.0184893,8.14746,49.3834,-44.3244,11690803
-7.79313,-1.78607,-5.47554,0.0631386,0.031005,0.0235521,9.23379,48.29,-43.2732,11750794
-7.78594,-1.84593,-5.3247,0.0342275,0.0339361,0.0339441,9.23379,48.29,-43.2732,11810856
-7.80988,-1.72622,-5.34864,0.0492826,0.0283404,0.0235521,9.23379,49.3834,-43.6236,11869496
-7.83383,-1.78847,-5.39653,0.0563439,0.0180816,0.0199548,9.23379,49.3834,-43.6236,11942425
-7.81707,-1.8172,-5.39413,0.0415552,0.0239437,0.027549,8.87168,49.7478,-43.6236,12001393
-7.82904,-1.82438,-5.37977,0.0203714,0.0262087,0.032745,8.87168,49.7478,-43.6236,12059170
-7.73806,-1.75016,-5.4516,0.0981784,0.00902185,0.0290146,7.9664,49.2012,-43.7988,12117877
-7.8458,-1.87705,-5.26485,-0.0054754,0.0537875,0.0202213,7.9664,49.2012,-43.7988,12175544
-7.81467,-1.80523,-5.3678,0.0468845,0.0219453,0.0246179,9.41484,49.5656,-43.7988,12237143
-7.8027,-1.76213,-5.40371,0.0430208,0.0358013,0.0212871,9.41484,49.5656,-43.7988,12308042
-7.82664,-1.80762,-5.21696,0.0139764,0.0472592,0.0270161,7.24219,48.1078,-43.4484,12365439
-7.8458,-1.77171,-5.42047,0.0499488,0.022345,0.0286149,7.24219,48.1078,-43.4484,12423797
-7.85059,-1.84114,-5.33189,0.050082,0.0409973,0.0235521,9.23379,49.0189,-42.2221,12482303
-7.79791,-1.82199,-5.284,0.0479503,0.0507232,0.0316792,9.23379,49.0189,-42.2221,12539839
-7.85777,-1.78129,-5.46836,0.0572765,0.031005,0.0319456,8.14746,49.3834,-43.2732,12598565
-7.86495,-1.75255,-5.27921,0.0390238,0.0572515,0.0371417,8.14746,49.3834,-43.2732,12672983
-7.84819,-1.83875,-5.34625,0.0454189,0.0411306,0.0263499,9.59589,49.3834,-45.0252,12730851
-7.87692,-1.81241,-5.37498,0.0338278,0.0528549,0.024085,9.59589,49.3834,-45.0252,12792489
-7.86974,-1.78607,-5.36062,0.0478171,0.0591168,0.0263499,8.69062,49.9301,-42.7477,12850646
-7.91044,-1.84114,-5.26485,-0.0194647,0.0769697,0.0312795,8.69062,49.9301,-42.7477,12908443
-7.85537,-1.74537,-5.57131,0.0799258,0.0513894,0.0239518,7.78535,48.6545,-45.3756,12983654
-7.82904,-1.72861,-5.51145,0.0370254,0.0940233,0.029281,7.78535,48.6545,-45.3756,13042712
-7.79073,-1.79805,-5.27443,-0.0164004,0.128663,0.0356761,7.6043,48.4723,-43.7988,13100063
-7.79073,-1.73101,-5.4899,0.0503485,0.11201,0.0284816,7.6043,48.4723,-43.7988,13163680
-7.73088,-1.78368,-5.41089,-0.00174496,0.15984,0.0394066,9.05273,47.7433,-43.7988,13221796
-7.74524,-1.70228,-5.54258,-0.022529,0.144518,0.054062,9.05273,47.7433,-43.7988,13279524
-7.56807,-1.60651,-5.69341,0.0450192,0.154643,0.0420712,8.14746,45.7389,-44.6748,13354540
-7.5561,-1.71664,-5.61919,0.00678188,0.161172,0.0519303,8.14746,45.7389,-44.6748,13413009
-7.64708,-1.6113,-5.74848,0.003984,0.173696,0.0532626,7.9664,46.2855,-45.9012,13473325
-7.49624,-1.58496,-5.96874,0.0515476,0.15944,0.0616562,7.9664,46.2855,-45.9012,13534469
-7.40287,-1.63763,-5.97832,0.0712658,0.14625,0.0536623,6.51797,47.3789,-45.9012,13592127
-7.41245,-1.55144,-5.98311,0.0659365,0.154643,0.0652534,6.51797,47.3789,-45.9012,13650590
-7.37174,-1.49877,-6.15549,0.0241019,0.167034,0.0559272,6.51797,45.9211,-47.6531,13727240
-7.2257,-1.51553,-6.11718,-0.00840649,0.151446,0.0665857,6.51797,45.9211,-47.6531,13785860
-7.09881,-1.47243,-6.46195,0.127223,0.10668,0.0415383,6.51797,44.8277,-46.2516,13844404
-7.185,-1.63763,-6.09324,-0.034653,0.140921,0.036209,6.51797,44.8277,-46.2516,13902682
-7.1826,-1.43652,-6.41406,0.034494,0.0850968,0.0244847,6.33691,45.7389,-47.8283,13961954
-7.10599,-1.34554,-6.38773,-0.00960556,0.101618,0.0320789,6.33691,45.7389,-47.8283,14019624
-7.1443,-1.3216,-6.42603,0.0404893,0.105348,0.0272825,6.88008,46.2855,-47.6531,14095677
-7.02459,-1.39103,-6.61757,0.0867206,0.0441949,0.0319456,6.88008,46.2855,-47.6531,14153586
-7.0198,-1.52032,-6.5242,0.0678017,0.0565854,0.0238185,6.88008,44.0988,-48.0035,14210883
-7.09641,-1.46525,-6.49547,0.01784,0.0628473,0.0232856,6.88008,44.0988,-48.0035,14274657
-7.04613,-1.38864,-6.56251,0.0571432,0.0323373,0.0348767,5.25058,44.6455,-47.4779,14332643
-7.05332,-1.403,-6.50265,0.0515476,0.0387324,0.0323453,5.25058,44.6455,-47.4779,14406369
-7.05571,-1.39821,-6.47153,0.0538125,0.00955477,0.0266164,6.15586,43.7344,-46.6019,14466546
-7.12993,-1.46046,-6.44279,0.0684679,0.020613,0.0182228,6.15586,43.7344,-46.6019,14524004
-7.13472,-1.55144,-6.39012,0.0392903,0.0251428,0.0168905,6.51797,45.5566,-47.6531,14583215
-7.20894,-1.5275,-6.38533,0.0716655,0.0238105,0.0192887,6.51797,45.5566,-47.6531,14640600
-7.18739,-1.52032,-6.29914,0.0418217,0.0331367,0.0263499,6.88008,44.4633,-48.0035,14698434
-7.15627,-1.57299,-6.50504,0.0372918,-0.00216957,0.0167573,6.88008,44.4633,-48.0035,14774321
-7.20894,-1.47483,-6.46913,0.0715322,0.0187477,0.0196884,6.69902,45.3744,-47.1275,14831808
-7.11078,-1.59214,-6.22253,0.0193056,0.0587171,0.0236853,6.69902,45.3744,-47.1275,14889189
-7.12514,-1.48919,-6.40449,0.0861876,0.00875538,0.0199548,6.51797,43.3699,-47.6531,14947249
-7.16105,-1.58257,-6.3183,0.0491494,0.0307385,0.0271493,6.51797,43.3699,-47.6531,15005782
-7.17542,-1.52989,-6.20816,0.0259671,0.0255425,0.020621,6.51797,45.1922,-46.2516,15063872
-7.14669,-1.50356,-6.40928,0.0398232,0.0176819,0.0140927,6.51797,45.1922,-46.2516,15138826
-7.17781,-1.54426,-6.359,0.0820575,0.0312715,0.0287481,7.6043,44.8277,-46.2516,15196276
-7.17781,-1.58017,-6.38054,0.0520805,0.0208794,0.0291478,7.6043,44.8277,-46.2516,15254121
-7.08444,-1.52511,-6.3997,0.0511478,0.018348,0.0300804,7.24219,46.2855,-48.3539,15317847
-7.185,-1.51792,-6.3566,0.0619396,0.00289321,0.0383407,7.24219,46.2855,-48.3539,15375804
-7.17303,-1.53229,-6.22013,0.0630054,0.00462522,0.0411386,5.79375,45.1922,-46.9523,15449981
-7.35259,-1.53229,-6.26323,0.0544786,0.0136849,0.0308798,5.79375,45.1922,-46.9523,15512305
-7.15387,-1.52271,-6.42125,0.110036,-0.0178908,0.0306133,6.69902,45.3744,-47.8283,15570445
-7.22809,-1.63524,-6.14352,0.0103791,0.0409973,0.0222198,6.69902,45.3744,-47.8283,15630308
-7.21133,-1.52511,-6.24887,0.0705996,-0.00550035,0.0232856,6.15586,45.1922,-46.2516,15691325
-7.22091,-1.54426,-6.23211,0.0856547,0.0110203,0.0212871,6.15586,45.1922,-46.2516,15749058
-7.25443,-1.57778,-6.16267,0.0474174,0.0350019,0.0246179,7.42324,44.281,-49.2299,15822226
-7.20176,-1.59693,-6.25365,0.0571432,-0.0113625,0.0287481,7.42324,44.281,-49.2299,15883498
-7.29753,-1.59693,-6.28957,0.0965797,-0.00629974,0.0186225,7.42324,45.3744,-47.4779,15940954
-7.29034,-1.66876,-6.10761,0.0540789,0.02008,0.0246179,7.42324,45.3744,-47.4779,16001040
-7.30231,-1.59454,-6.1531,0.0780605,-0.00296896,0.0220865,7.42324,43.9166,-48.5291,16061997
-7.31189,-1.68312,-6.10521,0.0602076,0.0144843,0.0280819,7.42324,43.9166,-48.5291,16119477
-7.34062,-1.67115,-6.13394,0.0380912,0.0174154,0.032745,7.78535,46.4678,-47.8283,16193901
-7.31907,-1.63045,-6.15788,0.0262336,0.02008,0.034477,7.78535,46.4678,-47.8283,16254934
-7.28555,-1.62087,-6.15788,0.074863,-0.00843144,0.0355429,7.6043,45.1922,-47.3027,16313722
-7.39569,-1.67115,-6.00705,0.021837,0.0401979,0.0256838,7.6043,45.1922,-47.3027,16373796
-7.41484,-1.59693,-6.13394,0.0488829,-0.00550035,0.0295475,9.23379,45.7389,-45.726,16432428
-7.35977,-1.61848,-5.95198,0.0360928,0.0399315,0.0392734,9.23379,45.7389,-45.726,16506666
-7.34541,-1.62087,-6.02142,0.0372918,0.041397,0.0311463,5.9748,46.4678,-46.7771,16568934
-7.36456,-1.652,-6.09564,0.0282321,0.0142179,0.0356761,5.9748,46.4678,-46.7771,16627714
-7.34062,-1.59933,-6.04536,0.0639381,0.0481918,0.0391401,7.42324,45.01,-46.4267,16685340
-7.37414,-1.6113,-6.01902,0.0384909,0.0403312,0.041938,7.42324,45.01,-46.4267,16743926
-7.3478,-1.59933,-6.12915,0.0582091,0.0224782,0.0475337,6.69902,45.01,-46.0764,16806052
-7.39808,-1.58017,-6.10521,0.0779273,0.036201,0.0555276,6.69902,45.01,-46.0764,16877915
-7.36456,-1.59933,-6.03099,0.0632719,0.0244767,0.0495321,6.88008,44.8277,-47.3027,16939632
-7.35738,-1.53229,-6.10282,0.0522137,0.0252761,0.0484663,6.88008,44.8277,-47.3027,16997605
-7.42202,-1.5275,-6.0262,0.0408891,0.0276742,0.0623223,7.6043,46.2855,-46.9523,17055189
-7.3502,-1.52989,-6.03339,0.119895,0.0140846,0.0665857,7.6043,46.2855,-46.9523,17113950
-7.44836,-1.63045,-5.9448,0.0430208,0.0461933,0.0509977,6.69902,46.1033,-46.7771,17174902
-7.49624,-1.52511,-6.18422,-0.0852809,0.125199,0.0616562,7.24219,45.9211,-46.9523,17329320
-7.27837,-1.49877,-6.20816,0.2009,-0.0249521,0.0326118,7.24219,45.9211,-46.9523,17387064
-7.3502,-1.62566,-5.97593,-0.0627648,0.0901597,0.0272825,7.06113,45.01,-46.4267,17445485
-7.27837,-1.36948,-6.26802,0.169457,-0.0557285,0.0174234,7.06113,45.01,-46.4267,17503003
-7.43399,-1.66158,-5.87776,-0.121786,0.13306,0.0174234,7.6043,44.4633,-47.3027,17564755
-7.33344,-1.42694,-6.24168,0.0980452,-0.0432048,0.0142259,7.6043,44.4633,-47.3027,17622863
-7.33344,-1.41976,-6.1531,0.0163745,0.0747048,0.00543264,7.06113,44.6455,-47.4779,17696755
-7.38372,-1.5275,-6.11718,0.055278,0.0106206,0.0014357,7.06113,44.6455,-47.4779,17757802
-7.3095,-1.51553,-6.14112,-0.046111,0.0545869,0.017157,7.42324,45.3744,-46.7771,17815649
-7.32626,-1.52511,-6.13634,0.1139,0.00196059,0.001036,7.42324,45.3744,-46.7771,17875569
-7.32626,-1.58736,-6.16028,-0.0666285,0.0533878,0.0134265,5.9748,45.3744,-46.4267,17934240
-7.33583,-1.42455,-6.28238,0.142678,-0.030681,0.00303447,5.9748,45.3744,-46.4267,18006983
-7.30471,-1.39103,-6.29914,-0.0141355,0.0415303,0.0167573,6.88008,44.8277,-47.6531,18069230
-7.40526,-1.64242,-5.81791,0.0372918,0.0625808,0.0276822,6.88008,44.8277,-47.6531,18127062
-7.32386,-1.40061,-6.32787,0.0624725,0.00675692,0.0144924,7.6043,44.8277,-45.5508,18184522
-7.39329,-1.63524,-5.96156,0.0102459,0.0647125,0.0294142,7.6043,44.8277,-45.5508,18243412
-7.27598,-1.43173,-6.13634,0.0721984,0.00822246,0.027549,6.69902,45.7389,-48.5291,18304784
-7.3885,-1.59693,-6.11958,0.0354266,0.0651122,0.0218201,6.69902,45.7389,-48.5291,18376166
-7.39808,-1.49159,-6.30393,0.104041,0.00129444,0.0219533,6.51797,45.1922,-46.9523,18435775
-7.27598,-1.52511,-6.11958,0.0121111,0.044861,0.0334112,6.51797,45.1922,-46.9523,18494244
-7.3502,-1.56102,-6.12437,0.10444,0.0374001,0.029281,7.42324,46.1033,-47.1275,18551784
-7.34301,-1.5275,-6.13634,0.0123776,0.0348687,0.0274158,7.42324,46.1033,-47.1275,18614878
-7.38132,-1.55384,-5.97353,0.0769947,0.0543204,0.0194219,8.32851,44.0988,-46.9523,18673734
-7.39329,-1.50595,-6.18183,0.0352933,0.048325,0.0268829,8.32851,44.0988,-46.9523,18747152
-7.28077,-1.46765,-6.07409,0.0506149,0.0449943,0.0199548,7.24219,45.9211,-46.9523,18808573
-7.3095,-1.6113,-6.03099,0.0190391,0.0271413,0.0268829,7.24219,45.9211,-46.9523,18867329
-7.39808,-1.52271,-6.33027,0.0879197,0.00502491,0.0295475,6.88008,46.65,-48.3539,18924997
-7.29992,-1.52989,-6.11479,0.0103791,0.0195471,0.0152917,6.88008,46.65,-48.3539,18983591
-7.37893,-1.53708,-6.05733,0.120028,0.0355348,0.0176899,5.06953,45.9211,-47.3027,19057073
-7.3502,-1.50356,-6.22013,0.0956471,0.0178151,0.0203545,5.06953,45.9211,-47.3027,19116945
-7.36696,-1.6113,-5.97593,-0.00614157,0.0640463,0.0216868,7.06113,45.01,-47.1275,19175453
-7.35259,-1.5275,-6.22732,0.0931157,0.02008,0.0087634,7.06113,45.01,-47.1275,19234020
-7.29513,-1.58017,-6.09803,0.0263669,0.0681765,0.0160911,6.51797,44.8277,-45.9012,19292488
-7.31907,-1.58257,-6.16028,0.0576762,0.0331367,0.0236853,6.51797,44.8277,-45.9012,19351158
-7.37174,-1.59214,-6.05972,0.0403561,0.0581842,0.0140927,7.42324,44.6455,-47.4779,19424139
-7.35259,-1.55384,-6.12676,0.0723316,0.0615149,0.0195551,7.42324,44.6455,-47.4779,19481727
-7.33583,-1.59454,-6.09324,0.0496823,0.0930907,0.0174234,6.15586,45.5566,-46.9523,19543562
-7.35499,-1.5682,-6.03339,0.011445,0.10708,0.00463325,6.15586,45.5566,-46.9523,19601416
-7.23767,-1.51792,-6.24887,0.107105,0.0849636,0.00849695,7.78535,46.1033,-48.1787,19659049
-7.35499,-1.70707,-5.97353,-0.0136025,0.165169,-0.00695787,7.78535,46.1033,-48.1787,19718301
-7.29753,-1.59693,-6.21535,0.0194388,0.151846,-0.00935604,7.24219,44.8277,-48.0035,19790897
-7.20894,-1.55384,-6.30154,0.090451,0.151046,-0.0177496,7.24219,44.8277,-48.0035,19850261
-7.11557,-1.60411,-6.16028,0.114832,0.134392,-0.00429325,7.78535,45.01,-47.1275,19907904
-7.04135,-1.70228,-6.30154,0.10937,0.126265,-0.0096225,7.78535,45.01,-47.1275,19965720
-7.15148,-1.70707,-6.29914,0.150805,0.173829,-0.0164173,7.78535,43.1877,-48.1787,20024384
-7.03895,-1.79086,-6.50504,0.223682,0.149181,-0.0489257,7.78535,43.1877,-48.1787,20098253
-6.83066,-1.81241,-6.54814,0.181448,0.170098,-0.0389334,7.6043,43.7344,-48.7043,20161252
-6.76601,-1.99198,-6.69179,0.10977,0.190083,-0.0273423,7.6043,43.7344,-48.7043,20218712
-6.53617,-2.08774,-6.65588,0.108437,0.148115,0.0126271,9.41484,42.641,-50.1059,20276481
-6.63912,-2.08774,-6.8522,0.00997943,0.213532,-0.0302733,9.41484,42.641,-50.1059,20334710
-6.41167,-2.16436,-7.16345,0.0274327,0.18915,-0.0278752,8.50957,41.3654,-50.6314,20395902
-5.89692,-1.97043,-6.60081,-0.0179991,0.080567,0.00969602,8.50957,41.3654,-50.6314,20467662
-6.60321,-2.02549,-6.8953,0.0443531,0.21966,-0.0274755,8.32851,41.1832,-49.4051,20531097
-6.11239,-2.2697,-7.57286,0.0987114,0.0268748,0.0212871,8.32851,41.1832,-49.4051,20589267
-6.23689,-2.16436,-6.87614,0.046618,0.0916252,0.015425,8.69062,41.9121,-49.4051,20646776
-6.51223,-2.16436,-6.94318,-0.0283912,0.11161,-0.0112213,8.69062,41.9121,-49.4051,20708944
-6.59363,-1.96085,-6.92882,-0.0358521,0.277483,-0.0137527,8.69062,40.0898,-50.1059,20769802
-6.15788,-2.07338,-7.39329,0.0203714,0.154777,0.03501,8.69062,40.0898,-50.1059,20838493
-6.05254,-2.07577,-7.49864,-0.072091,0.155043,0.0548614,7.24219,39.7254,-51.157,20897343
-6.00226,-1.93212,-7.52737,0.0542122,0.0186145,0.0322121,7.24219,39.7254,-51.157,20955947
-6.14352,-2.01352,-7.21612,0.0452857,0.0443281,-0.000962466,7.42324,40.6365,-52.3834,21013463
-6.10761,-2.07817,-7.3095,0.0668691,0.0299391,0.00450002,7.42324,40.6365,-52.3834,21071846
-6.09085,-2.13084,-7.07965,0.0891187,0.00902185,0.0513974,7.42324,39.1787,-50.9818,21147163
-6.2345,-2.19309,-7.14669,-0.0114708,0.00822246,0.0548614,7.42324,39.1787,-50.9818,21205922
-6.24887,-2.03507,-7.33823,0.0125108,0.0152837,0.0559272,7.9664,38.2676,-51.8578,21267655
-6.12197,-1.95846,-7.10599,-0.046777,0.0332699,0.0330115,7.9664,38.2676,-51.8578,21326233
-6.06691,-1.80044,-7.27119,0.0619396,0.00489168,0.0270161,6.88008,38.9965,-50.4562,21383883
-6.17704,-1.89621,-7.27358,0.0767282,-0.0112293,0.0427374,6.88008,38.9965,-50.4562,21448955
-6.42603,-1.95367,-7.16584,0.0359595,0.0447278,0.0427374,6.33691,40.2721,-49.9306,21519050
-6.26802,-1.86987,-7.18739,-0.00440958,-0.00803174,0.0415383,6.33691,40.2721,-49.9306,21576743
-6.39012,-1.79565,-7.09162,0.0916501,0.0687094,0.0336776,7.42324,39.5432,-48.1787,21635295
-6.27041,-1.93691,-7.26161,0.0717987,0.0267416,0.0179564,7.42324,39.5432,-48.1787,21693810
-6.19859,-2.09014,-7.20415,0.0504817,0.0444613,0.0183561,6.88008,39.3609,-49.7555,21752700
-6.25605,-1.97043,-7.15866,-0.0148016,0.0477921,0.027549,6.88008,39.3609,-49.7555,21819069
-6.18183,-1.95367,-7.32626,0.0667359,-0.0336121,0.016624,7.42324,39.9076,-50.6314,21888273
-6.26802,-1.98719,-7.10599,0.0298308,0.0564522,0.0298139,7.42324,39.9076,-50.6314,21949110
-6.23689,-1.99437,-7.07486,0.0474174,0.0135517,0.0334112,8.87168,40.6365,-51.3322,22010451
-6.27041,-1.90339,-7.28795,0.0491494,0.0192806,0.0260835,8.87168,40.6365,-51.3322,22068069
-6.26562,-1.95606,-7.02698,0.0487497,0.027541,0.0382075,7.42324,39.1787,-50.9818,22131388
-6.29196,-1.901,-7.18021,0.0162413,0.0252761,0.0218201,7.42324,39.1787,-50.9818,22201198
-6.26562,-1.89381,-7.23767,0.0311632,0.0280739,0.0214204,7.06113,38.8142,-50.281,22259351
-6.29196,-1.86987,-7.10599,0.0199718,0.0364675,0.0219533,7.06113,38.8142,-50.281,22317632
-6.24408,-1.901,-7.26161,0.0386241,-0.00696589,0.0175567,6.15586,40.0898,-49.7555,22375439
-6.27999,-1.9393,-7.04853,0.037958,0.0461933,0.0146256,6.15586,40.0898,-49.7555,22433433
-6.27999,-1.87466,-7.20894,0.0251678,0.00942154,0.0214204,8.32851,39.7254,-50.4562,22496233
-6.3183,-1.93451,-7.13232,0.0105123,0.0299391,0.0183561,8.32851,39.7254,-50.4562,22564923
-6.28717,-1.86269,-7.3071,0.0833898,-0.023753,0.014892,8.32851,39.3609,-49.4051,22625961
-6.47631,-1.91536,-7.07247,-0.00574189,0.0688426,0.0231524,8.32851,39.3609,-49.4051,22683730
-6.28717,-1.87466,-7.09881,0.028765,0.0106206,0.0236853,7.6043,38.632,-49.4051,22741467
-6.2776,-1.89142,-7.21852,0.036226,0.0202133,0.0194219,7.6043,38.632,-49.4051,22806255
-6.29914,-1.92733,-7.01501,0.0173071,0.0460601,0.0271493,7.9664,40.0898,-51.8578,22863891
-6.29675,-1.85072,-7.27119,0.0239687,0.01142,0.0200881,7.9664,40.0898,-51.8578,22935468
-6.30633,-1.90578,-7.19936,0.060474,0.0195471,0.0204878,6.51797,40.4543,-50.1059,22996493
-6.29435,-1.94649,-7.09402,0.0151754,0.0404644,0.0207542,6.51797,40.4543,-50.1059,23054470
-6.35181,-1.81959,-7.05571,0.0502152,0.0304721,0.0271493,6.33691,39.9076,-49.5803,23114443
-6.30872,-1.87227,-7.10838,0.0598079,0.071374,0.0248844,6.33691,39.9076,-49.5803,23176136
-6.30393,-1.87705,-7.07965,0.0634051,0.0556528,0.0268829,5.06953,40.0898,-50.1059,23245842
-6.26802,-1.94409,-6.99346,0.0411555,0.0553863,0.0360758,5.06953,40.0898,-50.1059,23307869
-6.22013,-1.92973,-7.25922,0.128022,0.0302056,0.0360758,7.06113,39.9076,-50.6314,23365567
-6.32069,-1.9417,-6.99825,0.0439534,0.103083,0.0355429,7.06113,39.9076,-50.6314,23423132
-6.20098,-1.93212,-7.28555,0.0704664,0.0326038,0.036209,7.42324,39.5432,-50.281,23481701
-6.23929,-1.9417,-7.12993,0.0576762,0.0476589,0.0403392,7.42324,39.5432,-50.281,23546140
-6.25605,-1.85551,-7.16345,0.025301,0.043129,0.0300804,7.78535,40.6365,-49.5803,23614706
-6.24168,-1.91057,-7.2688,0.0300973,0.0174154,0.0264832,7.78535,40.6365,-49.5803,23678510
-6.26802,-1.84832,-7.2257,0.0711325,0.0248764,0.0382075,8.14746,38.8142,-50.281,23736396
-6.26323,-1.93451,-7.17303,0.0334281,0.041397,0.0298139,8.14746,38.8142,-50.281,23794097
-6.28957,-1.83156,-7.23049,0.0576762,0.0106206,0.0296807,7.42324,39.5432,-48.5291,23859810
-6.24408,-1.9393,-7.10359,0.0492826,0.0395318,0.0339441,7.42324,39.5432,-48.5291,23918500
-6.24887,-1.93691,-7.1419,0.036226,0.0267416,0.0208874,6.88008,39.7254,-50.1059,23990972
-6.3159,-1.86748,-7.21373,0.0376915,0.0416635,0.0220865,6.88008,39.7254,-50.1059,24052020
-6.20337,-1.82678,-7.04374,0.0455522,0.0295394,0.0294142,5.79375,40.8187,-50.8066,24110122
-6.29196,-1.96803,-7.22091,0.0360928,0.0122194,0.0190222,5.79375,40.8187,-50.8066,24170616
-6.30872,-1.82917,-7.28316,0.0551448,0.0190142,0.0267496,6.69902,41.001,-50.6314,24233167
-6.2776,-1.89381,-7.05332,0.0231693,0.0497906,0.0278155,6.69902,41.001,-50.6314,24304303
-6.29675,-1.84832,-7.13472,0.0614066,0.0250096,0.0283484,6.33691,39.1787,-50.6314,24366713
-6.26802,-1.86987,-7.30471,0.0440866,0.0295394,0.0196884,6.33691,39.1787,-50.6314,24424413
-6.29675,-1.88663,-7.12514,0.0334281,0.0424629,0.0308798,7.78535,39.1787,-49.5803,24483129
-6.30393,-1.86987,-7.17063,0.0580759,0.032737,0.0283484,7.78535,39.1787,-49.5803,24544543
-6.27281,-1.87227,-7.20415,0.0403561,0.0343358,0.0264832,7.06113,39.9076,-49.5803,24606004
-6.29914,-1.86269,-7.15387,0.0498155,0.0284736,0.0268829,6.69902,40.2721,-50.9818,24675057
-6.25126,-1.88663,-7.1443,0.0384909,0.0302056,0.0232856,6.69902,40.2721,-50.9818,24738563
-6.28957,-1.86748,-7.11078,0.0635383,0.0334031,0.0267496,6.69902,40.2721,-50.9818,24796743
-6.23929,-1.91297,-7.15866,0.0262336,0.0342025,0.0296807,6.69902,40.2721,-50.9818,24854206
-6.30393,-1.86508,-7.24964,0.062739,0.0389989,0.0207542,6.69902,40.2721,-50.9818,24916562
-6.21774,-1.78129,-7.1012,0.0392903,0.0367339,0.0295475,7.9664,40.0898,-50.1059,24974937
-6.25844,-1.93691,-7.15387,-0.0279914,0.0613817,0.0170237,6.69902,40.2721,-49.9306,25045132
-6.30154,-1.78847,-7.38611,0.0825904,-0.00496743,0.0194219,6.69902,40.2721,-49.9306,25103317
-6.25605,-1.91776,-7.01501,-0.0124035,0.0543204,0.0211539,6.69902,40.2721,-49.9306,25160949
-6.3183,-1.83875,-7.25443,0.0562106,-0.00390158,0.0147588,7.9664,38.632,-51.5074,25222604
-6.26802,-1.87705,-7.2233,0.0138431,0.0208794,0.0160911,7.9664,38.632,-51.5074,25280029
-6.32548,-1.89142,-7.05332,0.0233025,0.0242102,0.0196884,5.9748,40.2721,-49.5803,25382574
-6.38294,-1.89381,-7.05811,0.00465018,0.0415303,0.0176899,7.24219,39.7254,-50.8066,25441583
-6.33745,-1.84114,-7.15627,0.0275659,-0.0138939,0.017157,7.24219,39.7254,-50.8066,25502420
-6.3159,-1.84114,-7.11557,0.0157084,0.0244767,0.0196884,5.9748,41.7299,-51.6826,25564257
-6.37097,-1.83156,-7.05332,0.01784,0.0198136,0.0170237,5.9748,41.7299,-51.6826,25621914
-6.34942,-1.85551,-7.09881,0.0137099,0.0255425,0.0227527,5.9748,41.3654,-49.2299,25683590
-6.35421,-1.78368,-7.07486,0.0227696,0.022345,0.0204878,5.9748,41.3654,-49.2299,25752519
-6.23211,-1.7358,-7.05811,0.0491494,0.0132852,0.0247511,5.79375,40.4543,-50.1059,25810373
-6.38294,-1.87705,-7.07247,-0.00560865,0.0388656,0.0115613,5.79375,40.4543,-50.1059,25871994
-6.3566,-1.71185,-7.16105,0.0650039,0.0342025,0.0268829,6.33691,40.6365,-50.281,25930650
-6.3159,-1.8172,-7.03895,0.0242352,0.0533878,0.0296807,6.33691,40.6365,-50.281,25988133
-6.39012,-1.8148,-7.18021,0.0663362,0.0432623,0.0250176,7.24219,41.1832,-50.4562,26049891
-6.33984,-1.81241,-7.20894,0.0618063,0.0198136,0.0255505,7.24219,41.1832,-50.4562,26118615
-6.34703,-1.79805,-7.09402,0.062206,0.0376666,0.0316792,6.88008,40.4543,-50.1059,26179006
-6.37815,-1.86508,-7.08444,0.030497,0.0439284,0.0230191,6.88008,40.4543,-50.1059,26243677
-6.36618,-1.81959,-7.18021,0.0595414,0.0194139,0.0247511,7.24219,40.4543,-50.1059,26301419
-6.33984,-1.81959,-7.11317,0.0419549,0.0335364,0.0286149,7.24219,40.4543,-50.1059,26361397
-6.38294,-1.84353,-7.23288,0.0591417,0.0368672,0.0280819,5.43164,39.7254,-50.1059,26433985
-6.36618,-1.81002,-7.14908,0.0420881,0.0460601,0.0270161,5.43164,39.7254,-50.1059,26492389
-6.32308,-1.76453,-7.07965,0.0217037,0.0303388,0.0319456,6.69902,41.001,-51.3322,26553044
-6.359,-1.83396,-7.17781,0.035693,0.0280739,0.0156914,6.69902,41.001,-51.3322,26617355
-6.42125,-1.70946,-7.19218,0.0963132,0.0312715,0.0284816,6.15586,40.8187,-50.1059,26676151
-6.33027,-1.82199,-7.02459,0.0150422,0.0593832,0.0278155,6.15586,40.8187,-50.1059,26734640
-6.36139,-1.77889,-7.19218,0.100976,0.0243434,0.0256838,6.88008,40.8187,-49.4051,26808529
-6.32069,-1.85551,-7.10838,0.0639381,0.039665,0.0262167,6.88008,40.8187,-49.4051,26867501
-6.3566,-1.85072,-7.03416,0.0554112,0.0692424,0.0272825,5.25058,42.4588,-51.3322,26931779
-6.31351,-1.84593,-7.19218,0.0747298,0.0400647,0.0278155,5.25058,42.4588,-51.3322,26993339
-6.37097,-1.85311,-7.08923,0.0648707,0.0836313,0.0308798,7.9664,40.4543,-49.7555,27052251
-6.3159,-1.85311,-7.11796,0.0699334,0.0640463,0.0366087,7.9664,40.4543,-49.7555,27112351
-6.27999,-1.84114,-7.11317,0.0717987,0.0641796,0.0324786,6.51797,41.5476,-50.8066,27182880
-6.29435,-1.87466,-7.26401,0.0375583,0.0543204,0.0347435,6.51797,41.5476,-50.8066,27243537
-6.26562,-1.86269,-7.17542,0.0492826,0.0423297,0.0340773,6.88008,40.4543,-50.1059,27302140
-6.21774,-1.78607,-7.10599,0.0716655,0.0452607,0.0398063,6.88008,40.4543,-50.1059,27360641
-6.30154,-1.94649,-7.20654,0.0323623,0.0108871,0.0203545,6.51797,40.8187,-50.4562,27418032
-6.30154,-1.81959,-7.24725,0.061007,0.0288733,0.0306133,6.51797,40.8187,-50.4562,27488033
-6.28957,-1.86748,-7.07486,0.0157084,0.0443281,0.0314127,8.87168,39.9076,-50.281,27546221
-6.30393,-1.7765,-7.31907,0.0755292,0.0234108,0.0220865,8.87168,39.9076,-50.281,27609148
-6.26802,-1.8986,-7.20176,0.0331616,0.0312715,0.0288813,7.42324,40.6365,-48.8795,27667216
-6.28717,-1.84832,-7.02219,0.0532795,0.0371336,0.0311463,7.42324,40.6365,-48.8795,27724856
-6.30393,-1.89142,-7.18021,0.0498155,0.0318044,0.0259502,7.6043,39.7254,-49.7555,27785886
-6.28957,-1.85311,-7.18739,0.044886,0.0364675,0.0303469,7.6043,39.7254,-49.7555,27854693
-6.27281,-1.87466,-7.15866,0.0400896,0.0263419,0.0250176,7.6043,40.0898,-50.8066,27915103
-6.26323,-1.86029,-7.1826,0.0414219,0.0316712,0.0215536,7.6043,40.0898,-50.8066,27973960
-6.32308,-1.86029,-7.17781,0.0582091,0.0291398,0.0286149,7.06113,39.5432,-49.2299,28032473
-6.35421,-1.82678,-7.11557,0.0408891,0.0372669,0.0242182,7.06113,39.5432,-49.2299,28089977
-6.30633,-1.87945,-7.07008,0.00118616,0.0351352,0.0318124,6.33691,40.2721,-50.6314,28148082
-6.32787,-1.82199,-7.46512,0.0768615,0.00236029,0.0107619,6.33691,40.2721,-50.6314,28219990
-6.36379,-1.85072,-7.03177,0.0265001,0.0421964,0.0230191,5.61269,39.5432,-50.6314,28281204
-6.29196,-1.91536,-7.09162,0.0290315,0.0254093,0.0204878,5.61269,39.5432,-50.6314,28342637
-6.30393,-1.7765,-7.31189,0.0624725,0.00822246,0.0179564,5.79375,39.7254,-49.0547,28400710
-6.34703,-1.901,-7.02459,0.0268998,0.0416635,0.0239518,5.79375,39.7254,-49.0547,28458378
-6.2776,-1.82678,-7.13951,0.0311632,0.027541,0.020621,8.14746,39.5432,-51.3322,28531438
-6.31351,-1.8148,-7.23528,0.0355598,0.025809,0.0182228,8.14746,39.5432,-51.3322,28592557
-6.33506,-1.83635,-7.12993,0.0286318,0.0404644,0.0210207,6.15586,39.7254,-51.157,28649910
-6.35181,-1.82678,-7.22091,0.0350269,0.00862215,0.0283484,6.15586,39.7254,-51.157,28708316
-6.33745,-1.82438,-7.1012,0.0386241,0.0380662,0.0196884,7.42324,39.9076,-50.6314,28766804
-6.33745,-1.80283,-7.17063,0.0343607,0.0340693,0.0231524,7.42324,39.9076,-50.6314,28824046
-6.36139,-1.79326,-7.21133,0.0259671,0.0287401,0.0254173,7.24219,40.8187,-50.4562,28897419
-6.31111,-1.82438,-7.02459,-0.00933912,0.0371336,0.0263499,7.24219,40.8187,-50.4562,28957955
-6.30154,-1.79086,-7.31189,0.0989778,-0.00550035,0.0198216,6.51797,40.0898,-49.0547,29015339
-6.42603,-1.81959,-7.06529,-0.00627479,0.0605823,0.0227527,6.51797,40.0898,-49.0547,29073597
-6.32069,-1.81241,-7.06529,0.050082,0.0324705,0.0220865,6.15586,41.1832,-50.4562,29135480
-6.30872,-1.80523,-7.24964,0.0510146,0.032737,0.0172902,6.15586,41.1832,-50.4562,29193348
-6.3183,-1.81241,-7.05092,0.0458186,0.0397982,0.0267496,6.69902,39.9076,-49.5803,29265067
-6.29435,-1.81959,-7.09162,0.0177068,0.0384659,0.0246179,6.69902,39.9076,-49.5803,29326651
-6.29914,-1.7741,-7.1826,0.0744633,0.0302056,0.0207542,7.06113,39.1787,-50.6314,29386755
-6.30872,-1.78847,-7.18021,0.04835,0.0445946,0.0235521,7.06113,39.1787,-50.6314,29448957
-6.29196,-1.82199,-7.13232,0.0538125,0.0250096,0.0330115,7.24219,39.7254,-49.4051,29508645
-6.29675,-1.81002,-7.16345,0.046618,0.0507232,0.0228859,7.24219,39.7254,-49.4051,29582124
-6.31111,-1.80044,-7.13711,0.0534128,0.0441949,0.0299472,7.24219,40.8187,-49.7555,29644039
-6.26802,-1.82678,-7.09881,0.0186394,0.0330035,0.0314127,7.24219,40.8187,-49.7555,29702818
-6.3159,-1.83396,-7.16105,0.0916501,0.00888862,0.0226195,6.51797,39.7254,-50.4562,29761267
-6.44279,-1.82917,-7.09402,0.0312964,0.048325,0.0295475,6.51797,39.7254,-50.4562,29819697
-6.28238,-1.82199,-7.16824,0.0776609,0.0296727,0.0262167,7.9664,39.3609,-52.2082,29877567
-6.26323,-1.8172,-7.17781,0.051814,0.0314047,0.0283484,7.9664,39.3609,-52.2082,29950888
-6.32548,-1.86987,-7.06289,0.0516808,0.0366007,0.029281,5.79375,40.8187,-51.157,30011791
-6.30393,-1.82917,-7.11078,0.0316961,0.0469927,0.0264832,5.79375,40.8187,-51.157,30071707
-6.29914,-1.79565,-7.27358,0.0811249,0.0288733,0.0251508,6.51797,40.0898,-49.0547,30130168
-6.34703,-1.91297,-7.0174,0.0263669,0.0744384,0.0220865,6.51797,40.0898,-49.0547,30187823
-6.33745,-1.84353,-7.31189,0.0510146,0.0328702,0.0298139,6.33691,41.001,-51.6826,30246835
-6.28957,-1.86029,-7.11557,0.04835,0.0625808,0.031013,6.33691,41.001,-51.6826,30319238
-6.25365,-1.86508,-7.24006,0.0434204,0.0604491,0.0255505,6.15586,40.4543,-50.1059,30377133
-6.21056,-1.90339,-7.1826,0.0423546,0.0543204,0.0283484,6.15586,40.4543,-50.1059,30438245
-6.17943,-1.78847,-7.1443,0.00651538,0.0428626,0.0375413,5.79375,39.3609,-50.1059,30496084
-6.14591,-1.8172,-7.49146,0.131353,-0.0157591,0.0274158,5.79375,39.3609,-50.1059,30553541
-6.30154,-1.98479,-7.22809,-1.29342e-05,-0.0498663,0.0430038,6.69902,40.2721,-49.9306,30626245
-6.37815,-1.83156,-7.03895,0.0214373,-0.000837261,0.0499318,6.69902,40.2721,-49.9306,30688406
-6.35421,-1.82917,-7.11796,0.0752627,-0.0389414,0.0159579,5.25058,40.6365,-49.9306,30745861
-6.43322,-1.83635,-6.84502,-0.0374509,0.0585839,0.0410054,5.25058,40.6365,-49.9306,30804149
-6.30633,-1.75495,-7.23767,0.0660697,-0.00283573,0.0235521,8.32851,42.2765,-50.4562,30862638
-6.43082,-1.80283,-7.07965,0.0284985,0.0338029,0.0215536,8.32851,42.2765,-50.4562,30920328
-6.41885,-1.75016,-7.01022,0.000520021,0.0705747,0.0227527,7.06113,39.5432,-48.8795,30996306
-6.31351,-1.68312,-7.22091,0.0279656,0.0160831,0.0231524,7.06113,39.5432,-48.8795,31054210
-6.36857,-1.71904,-7.1012,0.0314296,0.045394,0.014892,6.15586,39.3609,-49.7555,31113979
-6.32308,-1.74058,-7.15387,0.0367589,0.0271413,0.0160911,6.15586,39.3609,-49.7555,31174943
-6.32787,-1.75495,-7.17303,0.0560774,0.0384659,0.0111616,4.88848,41.7299,-49.5803,31232847
-6.36139,-1.79086,-7.07486,0.0352933,0.0342025,0.0172902,4.88848,41.7299,-49.5803,31290440
-6.27999,-1.78607,-7.04613,-0.0275918,0.0250096,0.0187557,6.51797,40.4543,-48.7043,31368266
-6.41885,-1.74058,-7.2257,0.0643377,-0.0023028,0.00130247,6.51797,40.4543,-48.7043,31425901
-6.46434,-1.80283,-7.07965,-0.0137357,0.0420632,0.0191554,5.9748,40.2721,-50.6314,31483566
-6.34224,-1.71425,-7.11317,0.0430208,0.0119529,0.0227527,5.9748,40.2721,-50.6314,31542290
-6.35421,-1.74298,-7.14908,0.0247681,0.0163496,0.0143591,5.25058,40.2721,-50.281,31600855
-6.38773,-1.73101,-7.06529,0.0122443,0.0372669,0.0230191,5.25058,40.2721,-50.281,31672488
-6.38054,-1.72622,-7.05092,0.00558278,0.0146176,0.0167573,6.51797,40.8187,-50.8066,31730935
-6.35421,-1.71664,-7.1443,0.042621,0.0247431,0.0155582,6.51797,40.8187,-50.8066,31789455
-6.36379,-1.68552,-7.0605,0.0254343,0.0248764,0.0176899,7.06113,41.3654,-50.6314,31848282
-6.39252,-1.74298,-7.09162,0.0177068,0.0326038,0.0175567,7.06113,41.3654,-50.6314,31909874
-6.32787,-1.63524,-6.98867,0.0135767,0.0521888,0.00663172,4.52637,40.2721,-50.281,31968554
-6.42603,-1.70467,-7.10599,0.0129105,0.0605823,0.0123607,4.52637,40.2721,-50.281,32043063
-6.32069,-1.59214,-7.09402,0.0527466,0.0283404,0.0431371,6.69902,39.5432,-49.2299,32104338
-6.4404,-1.78368,-6.95037,0.0283653,0.0521888,0.0463346,6.69902,39.5432,-49.2299,32163286
-6.30154,-1.79326,-7.35977,0.0808584,0.007956,0.0623223,5.9748,39.9076,-50.6314,32224140
-6.39012,-1.61369,-7.06768,0.00691509,0.0652454,0.0282152,5.9748,39.9076,-50.6314,32282532
-6.35181,-1.59454,-7.16824,0.097912,0.0128855,0.0251508,5.06953,41.5476,-49.7555,32339959
-6.41167,-1.59214,-7.18979,0.067402,0.0254093,0.00396709,5.06953,41.5476,-49.7555,32416633
-6.45237,-1.69031,-7.08205,0.0795261,0.0272745,0.0226195,4.52637,41.001,-50.281,32474473
-6.45955,-1.66876,-7.03656,0.0372918,0.0561857,0.0291478,4.52637,41.001,-50.281,32531940
-6.4404,-1.71664,-7.12275,0.0896516,0.0665777,0.0319456,4.88848,41.3654,-48.5291,32590467
-6.26562,-1.6927,-7.16824,0.0779273,0.0699085,0.0339441,4.88848,41.3654,-48.5291,32651921
-6.26562,-1.81959,-7.12275,0.0733975,0.0604491,0.0331447,5.61269,40.6365,-48.8795,32723754
-6.28717,-1.73101,-7.21612,0.0439534,0.0913587,0.0332779,5.61269,40.6365,-48.8795,32784090
-6.38054,-1.73101,-7.12275,0.0494158,0.0829651,0.031013,5.43164,38.9965,-50.8066,32841750
-6.38054,-1.70467,-7.24006,0.0544786,0.0917584,0.0480666,5.43164,38.9965,-50.8066,32900746
-6.27041,-1.70228,-7.12275,-0.023728,0.0727063,0.0564602,5.79375,39.7254,-51.8578,32958290
-6.21535,-1.56341,-7.54173,0.110302,0.00982123,0.0407389,5.79375,39.7254,-51.8578,33015992
-6.26323,-1.69988,-7.18979,0.0495491,0.039665,0.0407389,6.15586,39.3609,-51.157,33090415
-6.17943,-1.68552,-7.31189,0.0258339,0.0208794,0.0320789,6.15586,39.3609,-51.157,33147877
-6.18901,-1.66158,-7.41484,0.0812581,0.00382583,0.0324786,6.69902,40.6365,-50.281,33207856
-6.24887,-1.78847,-7.10838,0.0138431,0.0376666,0.0374081,6.69902,40.6365,-50.281,33268898
-6.32548,-1.63763,-7.2233,0.0543454,0.00702338,0.0315459,5.61269,40.6365,-50.281,33326567
-6.39252,-1.69988,-7.16824,0.0452857,0.0354016,0.0290146,5.61269,40.6365,-50.281,33388060
-6.32069,-1.66158,-7.08205,0.043154,0.0545869,0.0230191,6.51797,38.9965,-50.4562,33460501
-6.25605,-1.68073,-7.38372,0.0334281,0.0259422,0.0284816,6.51797,38.9965,-50.4562,33520544
-6.22492,-1.63045,-7.27598,0.0534128,0.0411306,0.0267496,6.33691,39.1787,-49.9306,33581736
-6.28478,-1.63045,-7.34062,0.0394235,0.0296727,0.0307466,6.33691,39.1787,-49.9306,33639395
-6.28957,-1.66636,-7.27837,0.0563439,0.0239437,0.0239518,6.51797,39.7254,-50.8066,33697060
-6.31351,-1.71904,-7.21373,0.0400896,0.0271413,0.0300804,6.51797,39.7254,-50.8066,33773211
-6.36139,-1.66876,-7.17781,0.0544786,0.0290065,0.0219533,5.79375,40.0898,-49.7555,33830756
-6.30872,-1.60172,-7.02937,0.0122443,0.0491244,0.0291478,5.79375,40.0898,-49.7555,33888323
-6.2752,-1.68312,-7.33823,0.0616731,0.00049505,0.0152917,6.15586,40.8187,-50.1059,33946532
-6.33984,-1.59454,-7.26401,0.0371586,0.048858,0.0270161,6.15586,40.8187,-50.1059,34005341
-6.29675,-1.65439,-7.17781,0.0370254,0.0469927,0.0215536,6.15586,40.4543,-50.1059,34063505
-6.25605,-1.58975,-7.34301,0.0923163,0.0260754,0.0200881,6.15586,40.4543,-50.1059,34139391
-6.29675,-1.65918,-7.22091,0.0242352,0.0318044,0.0234188,5.25058,39.5432,-50.281,34197840
-6.33745,-1.65918,-7.16824,0.0368921,0.0351352,0.0187557,5.25058,39.5432,-50.281,34257801
-6.34224,-1.652,-7.28555,0.0559442,0.0108871,0.0150253,5.43164,40.0898,-50.1059,34318944
-6.33984,-1.72861,-7.17303,0.0211708,0.0347355,0.0164908,5.43164,40.0898,-50.1059,34376931
-6.35421,-1.64482,-7.24006,0.0450192,0.0219453,0.0167573,4.70742,40.4543,-50.4562,34434612
-6.29196,-1.63524,-7.17542,0.0279656,0.0368672,0.0124939,4.70742,40.4543,-50.4562,34511517
-6.29675,-1.63524,-7.18739,0.0399564,0.0304721,0.0146256,6.88008,40.0898,-49.4051,34570031
-6.27281,-1.67594,-7.18979,0.0443531,0.0364675,0.0218201,6.88008,40.0898,-49.4051,34628635
-6.3159,-1.66158,-7.23767,0.0331616,0.0259422,0.0230191,5.9748,39.9076,-49.5803,34687014
-6.31351,-1.62566,-7.12035,0.0175736,0.0263419,0.0291478,5.9748,39.9076,-49.5803,34746290
-6.31351,-1.66876,-7.35259,0.106306,0.00182736,0.0211539,5.9748,39.1787,-49.9306,34819456
-6.41646,-1.65918,-7.11317,0.00864711,0.055786,0.0226195,5.9748,39.1787,-49.9306,34883748
-6.28478,-1.70228,-7.1012,0.0419549,0.0367339,0.0224862,6.69902,40.2721,-50.281,34942663
-6.30872,-1.64482,-7.23049,0.0692673,0.0295394,0.0178231,6.69902,40.2721,-50.281,35000364
-6.29675,-1.66397,-7.17063,0.0310299,0.0475257,0.0296807,5.25058,40.2721,-50.9818,35062475
-6.24168,-1.66158,-7.20415,0.0312964,0.0280739,0.0192887,5.25058,40.2721,-50.9818,35120346
-6.36139,-1.63763,-7.2688,0.0703332,0.0232776,0.0219533,5.61269,40.6365,-49.2299,35191868
-6.32787,-1.68552,-7.185,0.0459518,0.0383327,0.0294142,5.61269,40.6365,-49.2299,35251002
-6.32787,-1.65918,-7.17303,0.0462183,0.0284736,0.0295475,7.42324,39.5432,-50.281,35312302
-6.30872,-1.68312,-7.17063,0.0447527,0.0424629,0.0244847,7.42324,39.5432,-50.281,35370149
-6.33027,-1.66158,-7.20176,0.0530131,0.0432623,0.0271493,6.69902,41.001,-50.6314,35429637
-6.34942,-1.63763,-7.23049,0.0387573,0.0491244,0.0288813,6.69902,41.001,-50.6314,35487569
-6.24408,-1.66636,-7.14908,0.0308967,0.0409973,0.0338109,4.52637,41.3654,-50.281,35559877
-6.3183,-1.68073,-7.30231,0.0772612,0.0215456,0.0235521,4.52637,41.3654,-50.281,35617681
-6.37336,-1.65439,-7.11557,0.0515476,0.0536543,0.0287481,6.15586,40.4543,-50.8066,35675249
-6.33506,-1.63524,-7.17063,0.0588753,0.0437952,0.0324786,6.15586,40.4543,-50.8066,35732927
-6.24168,-1.63524,-7.16824,0.0671356,0.0356681,0.0283484,6.33691,39.9076,-50.9818,35791523
-6.29196,-1.66636,-7.1826,0.0332949,0.0528549,0.0352764,6.33691,39.9076,-50.9818,35862478
-6.26084,-1.69988,-7.2233,0.0400896,0.0294062,0.0234188,5.25058,40.2721,-49.5803,35925832
-6.29914,-1.68791,-7.28795,0.0723316,0.0232776,0.0351432,5.25058,40.2721,-49.5803,35983657
-6.28717,-1.69749,-7.18979,0.0284985,0.0381995,0.0319456,7.06113,39.9076,-49.9306,36041469
-6.27281,-1.62087,-7.26401,0.0634051,0.0171489,0.0286149,7.06113,39.9076,-49.9306,36103016
-6.31111,-1.69031,-7.18021,0.0324955,0.037933,0.0340773,6.51797,40.0898,-49.7555,36161007
-6.30154,-1.67594,-7.20654,0.0626057,0.0350019,0.0320789,6.51797,40.0898,-49.7555,36231617
-6.27281,-1.68791,-7.21852,0.0259671,0.0278074,0.0295475,6.15586,40.8187,-51.8578,36290215
-6.27281,-1.68552,-7.14669,0.032762,0.0315379,0.0291478,6.15586,40.8187,-51.8578,36348626
-6.23929,-1.61609,-7.23049,0.0699334,0.0303388,0.0340773,5.79375,41.1832,-51.157,36406189
-6.31111,-1.72622,-7.1419,0.00704831,0.0314047,0.0160911,5.79375,41.1832,-51.157,36464939
-6.32308,-1.56581,-7.33583,0.0847221,0.0190142,0.0279487,5.25058,39.5432,-50.281,36526085
-6.26562,-1.652,-7.19457,0.0267666,0.041397,0.0235521,5.25058,39.5432,-50.281,36597455
-6.39252,-1.67355,-7.22091,0.0554112,0.0330035,0.0254173,7.24219,40.0898,-49.4051,36659043
-6.26802,-1.64482,-7.24246,0.0422214,0.0262087,0.027549,7.24219,40.0898,-49.4051,36717057
-6.30154,-1.67594,-7.12754,0.0496823,0.0407309,0.0284816,5.25058,41.001,-51.3322,36774733
-6.31111,-1.69031,-7.16824,0.0504817,0.0348687,0.0284816,5.25058,41.001,-51.3322,36833346
-6.30872,-1.68791,-7.18739,0.03969,0.0328702,0.027549,5.43164,40.4543,-50.8066,36905814
-6.33745,-1.67355,-7.08923,0.0507481,0.032737,0.0308798,5.43164,40.4543,-50.8066,36964232
-6.31351,-1.66636,-7.21373,0.0318293,0.0328702,0.0198216,5.25058,40.2721,-49.9306,37022514
-6.35181,-1.68312,-7.17063,0.0704664,0.0316712,0.0260835,5.25058,40.2721,-49.9306,37081303
-6.34703,-1.69031,-7.11078,0.0234358,0.0391321,0.0239518,6.33691,39.5432,-49.5803,37139906
-6.34463,-1.64721,-7.22809,0.0611402,0.029273,0.0288813,6.33691,39.5432,-49.5803,37201866
-6.27041,-1.57778,-7.11796,0.0306302,0.0428626,0.0288813,5.06953,40.8187,-51.157,37274489
-6.38054,-1.77171,-7.10359,-0.0198644,0.0524552,0.0168905,5.06953,40.8187,-51.157,37333059
-6.359,-1.5706,-7.33583,0.0847221,0.0111535,0.0184893,7.42324,39.5432,-50.6314,37391944
-6.32069,-1.70228,-7.15627,0.00824741,0.0555195,0.0254173,7.42324,39.5432,-50.6314,37450451
-6.36379,-1.61848,-7.32147,0.0788599,0.0184813,0.0199548,7.24219,40.0898,-49.7555,37509342
-6.34463,-1.69988,-7.14908,0.0139764,0.0421964,0.0242182,7.24219,40.0898,-49.7555,37567780
-6.37815,-1.68552,-7.14669,0.0455522,0.0387324,0.0212871,4.70742,40.0898,-49.7555,37642568
-6.34942,-1.69509,-7.13711,0.0330284,0.0328702,0.0156914,4.70742,40.0898,-49.7555,37701308
-6.29914,-1.62806,-7.21133,0.0348937,0.0291398,0.0218201,5.25058,41.001,-49.9306,37763104
-6.38533,-1.63763,-7.19936,0.0443531,0.0304721,0.0252841,5.25058,41.001,-49.9306,37820785
-6.3159,-1.65439,-7.22091,0.0155751,0.0385992,0.0160911,6.15586,39.3609,-50.8066,37878159
-6.32787,-1.60651,-7.30471,0.0490162,0.0298059,0.0242182,6.15586,39.3609,-50.8066,37953724
-6.27999,-1.62566,-7.18021,0.0239687,0.0391321,0.0210207,5.79375,40.8187,-50.8066,38012790
-6.33266,-1.62087,-7.18021,0.0446195,0.0334031,0.0232856,5.79375,40.8187,-50.8066,38070066
-6.27281,-1.6113,-7.08444,0.00638217,0.0372669,0.0279487,5.79375,40.8187,-50.1059,38128521
-6.33266,-1.67594,-7.23528,0.0603408,0.00715661,0.0112948,5.79375,40.8187,-50.1059,38187566
-6.3973,-1.62087,-7.16824,0.0241019,0.0464598,0.0248844,4.52637,40.2721,-49.9306,38246566
-6.28238,-1.64242,-7.14908,0.0300973,0.0424629,0.025817,4.52637,40.2721,-49.9306,38317607
-6.36139,-1.66158,-7.27837,0.0579426,0.0287401,0.0214204,6.69902,39.9076,-49.9306,38375255
-6.30154,-1.68552,-7.21373,0.0520805,0.0469927,0.0286149,6.69902,39.9076,-49.9306,38432986
-6.30872,-1.66397,-7.17781,0.0292979,0.0383327,0.025817,4.70742,38.9965,-49.4051,38491699
-6.30872,-1.6113,-7.28795,0.0707328,0.0164828,0.0208874,4.70742,38.9965,-49.4051,38549604
-6.36618,-1.62327,-7.21133,0.0455522,0.0467263,0.0272825,5.43164,40.0898,-50.1059,38611918
-6.33027,-1.67594,-7.20176,0.0424878,0.0331367,0.0287481,5.43164,40.0898,-50.1059,38683157
-6.33506,-1.6113,-7.16584,0.0430208,0.0395318,0.0260835,5.9748,39.9076,-50.9818,38743369
-6.30872,-1.63045,-7.18021,0.0539457,0.0407309,0.0287481,5.9748,39.9076,-50.9818,38804408
-6.3183,-1.64003,-7.22809,0.0482168,0.0397982,0.0271493,5.43164,40.0898,-50.1059,38861948
-6.22013,-1.67115,-7.16824,0.0434204,0.045394,0.0336776,5.43164,40.0898,-50.1059,38919705
-6.37576,-1.67594,-7.25204,0.0725981,0.024077,0.0232856,5.06953,40.0898,-50.4562,38995082
-6.32548,-1.58257,-7.22809,0.0630054,0.0342025,0.0326118,5.06953,40.0898,-50.4562,39052645
-6.30633,-1.68791,-7.13232,0.0419549,0.048858,0.0315459,4.16426,39.5432,-50.281,39112985
-6.32548,-1.65679,-7.3478,0.0700667,0.0178151,0.0359426,4.16426,39.5432,-50.281,39174332
-6.32787,-1.67594,-7.20176,0.0635383,0.0416635,0.0354096,6.33691,40.2721,-49.9306,39232067
-6.32308,-1.68791,-7.17781,0.0335613,0.0298059,0.0330115,6.33691,40.2721,-49.9306,39292042
-6.32069,-1.63524,-7.25204,0.0760621,0.02008,0.0320789,6.69902,40.6365,-50.281,39366796
-6.32548,-1.68073,-7.14669,0.0303638,0.0417967,0.0279487,6.69902,40.6365,-50.281,39424007
-6.37336,-1.64482,-7.14669,0.0446195,0.0210126,0.0326118,5.43164,39.7254,-50.8066,39483959
-6.30154,-1.63284,-7.27358,0.0399564,0.0311382,0.0280819,5.43164,39.7254,-50.8066,39542491
-6.34463,-1.61848,-7.18739,0.0630054,0.0332699,0.0286149,6.15586,38.9965,-50.4562,39599902
-6.30154,-1.66158,-7.19936,0.0247681,0.0278074,0.0288813,6.15586,38.9965,-50.4562,39658263
-6.32787,-1.64003,-7.18739,0.034494,0.0324705,0.0299472,4.88848,40.6365,-49.5803,39732878
-6.28717,-1.63284,-7.27119,0.0988446,0.0120862,0.0316792,4.88848,40.6365,-49.5803,39790838
-6.3997,-1.74298,-7.0198,-0.0114708,0.0508564,0.0219533,5.43164,40.4543,-49.7555,39852492
-6.33984,-1.58496,-7.3478,0.0788599,0.00635722,0.0283484,5.43164,40.4543,-49.7555,39910669
-6.29435,-1.67115,-7.12993,0.0255675,0.0472592,0.0271493,5.43164,39.3609,-49.0547,39969227
-6.39491,-1.6113,-7.24006,0.0643377,0.0338029,0.0230191,5.43164,39.3609,-49.0547,40045128
-6.30393,-1.65679,-7.25922,0.055278,0.0214123,0.0250176,6.15586,41.1832,-48.7043,40103870
-6.32069,-1.66158,-7.16105,0.0394235,0.0393986,0.0247511,6.15586,41.1832,-48.7043,40162291
-6.28957,-1.67833,-7.16345,0.0526134,0.0326038,0.0286149,5.43164,40.8187,-50.8066,40220496
-6.34942,-1.66397,-7.17063,0.0435537,0.0319376,0.0270161,5.43164,40.8187,-50.8066,40279793
-6.36379,-1.65679,-7.13951,0.0398232,0.0328702,0.0296807,5.43164,39.7254,-49.0547,40337286
-6.39012,-1.65439,-7.14669,0.0400896,0.0340693,0.0208874,5.43164,39.7254,-49.0547,40413405
-6.38294,-1.66158,-7.13951,0.03969,0.0343358,0.0238185,6.15586,40.0898,-51.157,40472084
-6.3159,-1.61609,-7.16105,0.0504817,0.0370004,0.0256838,6.15586,40.0898,-51.157,40532131
-6.33027,-1.63045,-7.17063,0.0383577,0.0352684,0.0286149,5.9748,41.001,-49.5803,40593509
-6.33266,-1.67594,-7.16345,0.016641,0.0421964,0.0248844,5.9748,41.001,-49.5803,40651281
-6.27281,-1.56581,-7.29753,0.0975123,0.0263419,0.0254173,7.06113,40.6365,-51.6826,40708874
-6.44998,-1.74298,-7.01022,-0.0274586,0.0677768,0.0215536,7.06113,40.6365,-51.6826,40783450
-6.33745,-1.60172,-7.28077,0.0763285,0.00862215,0.0167573,4.52637,38.8142,-49.9306,40840754
-6.29914,-1.6496,-7.1419,0.0209044,0.0461933,0.0179564,4.52637,38.8142,-49.9306,40899781
-6.36857,-1.67115,-7.21852,0.0459518,0.0260754,0.0218201,4.70742,38.9965,-50.8066,40958129
-6.31111,-1.6496,-7.28555,0.0366257,0.0350019,0.0183561,4.70742,38.9965,-50.8066,41017585
-6.35181,-1.64482,-7.20176,0.0463516,0.0399315,0.0220865,4.88848,40.2721,-49.9306,41093027
-6.33506,-1.63045,-7.15387,0.0408891,0.0350019,0.0186225,4.88848,40.2721,-49.9306,41151745
-6.30872,-1.6496,-7.20894,0.0351601,0.0278074,0.0179564,5.06953,40.4543,-50.1059,41212692
-6.33745,-1.6927,-7.16824,0.0383577,0.0429958,0.0158247,5.06953,40.4543,-50.1059,41274012
-6.31111,-1.66397,-7.19697,0.0233025,0.0274078,0.0211539,5.61269,42.0943,-50.6314,41332955
-6.33506,-1.64482,-7.17542,0.0540789,0.0387324,0.0180896,5.61269,42.0943,-50.6314,41391089
-6.34224,-1.64721,-7.17542,0.0259671,0.0387324,0.0224862,4.88848,40.2721,-49.9306,41466908
-6.33984,-1.66397,-7.15627,0.0250345,0.0282071,0.0294142,4.88848,40.2721,-49.9306,41524397
-6.24887,-1.60651,-7.21612,0.0836563,0.0134185,0.0220865,5.06953,40.0898,-49.4051,41584563
-6.41646,-1.69509,-7.09881,-0.000812292,0.0468595,0.0214204,5.06953,40.0898,-49.4051,41645629
-6.33506,-1.58975,-7.23288,0.0548783,0.0332699,0.0202213,5.06953,40.8187,-51.157,41703083
-6.32787,-1.64721,-7.26401,0.0378247,0.0491244,0.0170237,5.06953,40.8187,-51.157,41778328
-6.30393,-1.59693,-7.05332,-0.00387663,0.041397,0.0238185,3.80215,40.2721,-50.281,41836735
-6.25605,-1.5682,-7.2664,0.0432872,0.0132852,0.0170237,3.80215,40.2721,-50.281,41894284
-6.37815,-1.6089,-7.23288,0.0602076,0.0279407,0.0198216,5.79375,38.9965,-49.0547,41952646
-6.33266,-1.63763,-7.15148,0.0250345,0.0445946,0.0215536,5.79375,38.9965,-49.0547,42011268
-6.3566,-1.62087,-7.19457,0.0502152,0.0243434,0.0167573,7.6043,39.7254,-51.157,42068545
-6.38054,-1.60411,-7.0605,0.0242352,0.0468595,0.0242182,7.6043,39.7254,-51.157,42144061
-6.32548,-1.60651,-7.16105,0.0367589,0.0388656,0.022353,5.79375,39.7254,-49.4051,42202183
-6.33027,-1.53468,-7.23288,0.0482168,0.0354016,0.0242182,5.79375,39.7254,-49.4051,42262113
-6.23689,-1.62566,-7.19697,0.0458186,0.0224782,0.0270161,3.80215,39.1787,-50.9818,42323576
-6.43322,-1.652,-7.21373,0.0439534,0.0243434,0.0222198,3.80215,39.1787,-50.9818,42381294
-6.35421,-1.58017,-7.27598,0.0666027,0.021812,0.0279487,5.06953,39.3609,-50.1059,42442092
-6.32548,-1.62087,-7.12275,0.0523469,0.032737,0.0300804,5.06953,39.3609,-50.1059,42517862
-6.39012,-1.67594,-7.16105,0.0276992,0.0360678,0.0266164,5.06953,39.3609,-49.7555,42575530
-6.30393,-1.63524,-7.25922,0.0745965,0.0174154,0.027549,5.06953,39.3609,-49.7555,42636730
-6.38773,-1.70946,-7.19218,0.0632719,0.0354016,0.0328783,5.61269,39.5432,-50.281,42697974
-6.32069,-1.67594,-7.17781,0.0394235,0.0374001,0.0300804,5.61269,39.5432,-50.281,42755784
-6.37336,-1.59454,-7.17063,0.0632719,0.0339361,0.0284816,4.70742,41.1832,-50.1059,42816960
-6.3973,-1.65439,-7.12035,0.0705996,0.0504568,0.0319456,4.70742,41.1832,-50.1059,42891335
-6.359,-1.70946,-7.09402,0.0194388,0.0497906,0.0288813,6.15586,42.641,-49.4051,42950007
-6.34224,-1.52032,-7.28077,0.0903178,0.0366007,0.0303469,6.15586,42.641,-49.4051,43011986
-6.27041,-1.62566,-7.13711,0.0515476,0.0399315,0.040206,5.9748,38.8142,-50.281,43070581
-6.3183,-1.65918,-7.185,0.0286318,0.0326038,0.0307466,5.9748,38.8142,-50.281,43129040
-6.35181,-1.63524,-7.29274,0.0666027,0.0192806,0.0386072,5.25058,39.9076,-49.5803,43204606
-6.29914,-1.65918,-7.10359,0.000120312,0.0311382,0.0531294,5.25058,39.9076,-49.5803,43263630
-6.30154,-1.64482,-7.21373,0.0442199,-0.0138939,0.0537955,6.33691,40.2721,-50.9818,43321239
-6.33027,-1.652,-7.07486,-0.0298567,-0.0048342,0.0687175,6.33691,40.2721,-50.9818,43379619
-6.42125,-1.58257,-7.07965,-0.00321048,-0.00176988,0.0539288,3.25898,40.0898,-50.4562,43437593
-6.47871,-1.47243,-7.23288,0.0254343,0.0118197,0.0467343,3.25898,40.0898,-50.4562,43494883
-6.41646,-1.4054,-7.11317,0.0921831,0.021812,0.0202213,4.70742,41.9121,-49.7555,43568238
-6.40688,-1.47962,-7.09881,0.0820575,0.00808923,0.00996249,4.70742,41.9121,-49.7555,43626154
-6.50026,-1.53708,-7.07965,0.103374,0.0306053,-0.0100222,5.61269,40.2721,-48.5291,43687621
-6.50265,-1.47483,-7.02937,-0.00374341,0.0501903,-0.0257435,5.61269,40.2721,-48.5291,43745707
-6.38294,-1.39103,-7.15387,0.085788,0.0164828,-0.016817,4.70742,40.0898,-49.0547,43803225
-6.37815,-1.75016,-7.09881,0.101909,-0.00510066,0.00769755,4.70742,40.0898,-49.0547,43879272
-6.39012,-1.82678,-7.24964,0.0110452,0.0175486,0.0176899,4.88848,40.2721,-50.281,43937824
-6.34703,-1.66397,-7.07247,0.0247681,0.0367339,0.0110283,4.88848,40.2721,-50.281,43997980
-6.42125,-1.76931,-7.00064,0.0129105,-0.0144268,0.0172902,6.88008,41.1832,-50.4562,44059067
-6.59602,-1.68073,-7.13232,0.0399564,0.0168825,0.0319456,6.88008,41.1832,-50.4562,44116499
-6.56251,-1.72382,-6.88093,-0.0275918,0.043662,0.0450023,5.06953,41.9121,-49.7555,44173949
-6.54575,-1.54187,-7.1419,0.0476839,0.032737,0.040206,5.06953,41.9121,-49.7555,44250335
-6.44519,-1.49159,-7.11317,0.0118446,0.0535211,0.048866,5.43164,40.8187,-50.1059,44308074
-6.43322,-1.49877,-7.08923,0.0527466,0.0415303,0.0318124,5.43164,40.8187,-50.1059,44365410
-6.43082,-1.48201,-7.13951,0.0624725,0.0334031,0.029281,4.70742,41.1832,-48.7043,44423679
-6.45477,-1.52989,-7.02698,0.0374251,0.0376666,0.0290146,4.70742,41.1832,-48.7043,44482282
-6.47631,-1.47962,-7.12993,0.0690008,0.00995446,0.034477,5.61269,39.9076,-50.9818,44539698
-6.51941,-1.58975,-7.03416,0.0542122,0.0425961,0.0294142,5.61269,39.9076,-50.9818,44615135
-6.49547,-1.5706,-7.07486,0.0578094,0.0138182,0.0299472,5.25058,42.4588,-49.2299,44672631
-6.47392,-1.59693,-7.20415,0.0646042,-0.00510066,0.0160911,5.25058,42.4588,-49.2299,44730512
-6.4811,-1.57778,-7.12754,0.0233025,-0.0082982,0.00410032,6.15586,40.8187,-50.1059,44795389
-6.54335,-1.5706,-6.87136,0.061007,-0.0238862,0.0100957,6.15586,40.8187,-50.1059,44853450
-6.59602,-1.62806,-7.05811,0.0360928,0.00302644,0.0150253,5.06953,41.5476,-50.4562,44927450
-6.51702,-1.5706,-6.90009,0.0582091,0.0214123,0.0259502,5.06953,41.5476,-50.4562,44990187
-6.61997,-1.6496,-6.91685,0.0299641,0.00862215,0.00423354,5.61269,42.8232,-49.9306,45048728
-6.61039,-1.54187,-7.07726,0.0383577,0.0119529,0.0231524,5.61269,42.8232,-49.9306,45108708
-6.59842,-1.61369,-6.91924,0.0190391,0.0286068,0.0203545,5.79375,42.641,-48.3539,45169789
-6.57448,-1.58257,-7.0605,0.0415552,-0.00190311,0.0190222,5.79375,42.641,-48.3539,45228297
-6.62236,-1.62566,-6.91206,0.0279656,0.0299391,0.0212871,5.25058,41.3654,-48.5291,45303066
-6.6463,-1.56102,-6.84502,0.0123776,0.0358013,0.0303469,5.25058,41.3654,-48.5291,45361876
-6.60799,-1.57299,-6.95276,0.032762,0.0507232,0.0248844,5.79375,41.1832,-49.0547,45420566
-6.55532,-1.48201,-6.94318,0.0359595,0.052322,0.0284816,5.79375,41.1832,-49.0547,45479411
-6.57448,-1.55384,-6.92163,0.0777941,0.0456604,0.0174234,4.70742,40.4543,-48.3539,45538785
-6.63912,-1.54187,-7.06529,0.0813913,0.0475257,0.0218201,4.70742,40.4543,-48.3539,45600749
-6.5218,-1.64482,-6.90727,0.0113117,0.0652454,0.0250176,5.9748,41.001,-49.5803,45672819
-6.5649,-1.59933,-7.00543,0.107105,0.0665777,0.0198216,5.9748,41.001,-49.5803,45730631
-6.52659,-1.64721,-6.92163,-0.00867292,0.0544537,0.0299472,6.51797,41.5476,-49.7555,45788219
-6.55053,-1.60411,-6.98388,0.0571432,0.0326038,0.025817,6.51797,41.5476,-49.7555,45851615
-6.50504,-1.61848,-7.08205,0.0606073,0.02008,0.0246179,5.43164,41.1832,-48.7043,45909512
-6.59124,-1.59933,-7.0198,0.0225031,0.0412638,0.0146256,5.43164,41.1832,-48.7043,45983916
-6.53856,-1.53229,-7.05811,0.0384909,0.0247431,0.0179564,4.88848,41.3654,-49.2299,46043365
-6.5242,-1.60411,-7.00783,0.0332949,0.018348,0.0194219,4.88848,41.3654,-49.2299,46101669
-6.55293,-1.54665,-6.97191,-0.0162671,0.0191474,0.011428,5.79375,40.8187,-49.0547,46160486
-6.5218,-1.50356,-7.04853,0.0209044,0.00182736,0.0070314,5.79375,40.8187,-49.0547,46218171
-6.58166,-1.55384,-6.95276,0.0399564,0.00249352,-0.00189508,4.34531,42.2765,-49.0547,46275655
-6.59602,-1.52989,-6.90966,0.0512811,0.00102798,0.0163576,4.34531,42.2765,-49.0547,46351226
-6.6463,-1.63045,-6.94318,0.116031,-0.0157591,0.00356738,4.34531,41.5476,-48.7043,46408783
-6.58166,-1.57778,-6.85699,0.0360928,0.014884,0.0220865,4.34531,41.5476,-48.7043,46466001
-6.58645,-1.652,-6.79474,0.0941815,0.0375333,0.0339441,4.70742,42.2765,-48.3539,46524302
-6.62236,-1.6089,-6.76841,0.133751,0.0818993,0.0420712,4.70742,42.2765,-48.3539,46582809
-6.62236,-1.68312,-6.95755,-0.0156009,0.0930907,0.0579257,6.33691,42.4588,-48.8795,46643474
-6.5218,-1.60651,-7.20654,0.0672688,0.0127523,0.025817,6.33691,42.4588,-48.8795,46715704
-6.62236,-1.6113,-7.01022,0.0113117,0.0469927,0.0176899,6.69902,41.7299,-48.8795,46773082
-6.57926,-1.59454,-7.12275,0.0246348,-0.00949729,-0.00589202,6.69902,41.7299,-48.8795,46830749
-6.49786,-1.5275,-6.8522,0.0591417,0.0126191,0.0112948,5.9748,42.4588,-48.5291,46894045
-6.65109,-1.66876,-6.93839,0.0205047,0.0504568,0.0155582,5.9748,42.4588,-48.5291,46951932
-6.61278,-1.48919,-6.99346,0.0684679,-0.0224207,0.0112948,4.88848,41.7299,-50.281,47025897
-6.55772,-1.65679,-6.8546,0.0438201,0.0251428,0.0308798,4.88848,41.7299,-50.281,47088036
-6.56969,-1.55623,-6.78995,0.0402229,0.0663112,0.0359426,5.61269,42.4588,-49.5803,47145897
-6.67503,-1.60172,-6.98388,0.0712658,0.0235441,0.0286149,5.61269,42.4588,-49.5803,47204148
-6.54575,-1.51553,-6.95276,0.0813913,0.0637799,0.0516638,4.88848,41.7299,-48.1787,47263569
-6.67743,-1.72622,-6.85699,0.0406226,0.0862959,0.0222198,4.88848,41.7299,-48.1787,47325260
-6.51462,-1.47962,-7.1419,0.0956471,0.0348687,0.0304801,6.15586,43.0055,-48.7043,47394060
-6.58405,-1.62087,-7.25443,0.000120312,0.0572515,0.0170237,6.15586,43.0055,-48.7043,47452475
-6.4404,-1.63284,-6.6487,-0.0195979,0.0322041,0.0368752,4.70742,41.5476,-50.1059,47511183
-6.6487,-1.66876,-7.1443,0.108704,-0.0482676,-0.0104219,4.70742,41.5476,-50.1059,47568634
-6.58645,-1.56341,-6.93361,-0.00800678,0.0287401,0.0332779,5.25058,39.9076,-49.5803,47631783
-6.71095,-1.74537,-6.67743,0.0666027,0.0319376,0.0155582,5.25058,39.9076,-49.5803,47693518
-6.47153,-1.47962,-7.18979,0.0458186,0.0246099,0.0192887,5.43164,41.9121,-49.0547,47796086
-6.63194,-1.50116,-6.84023,0.117364,0.0649789,0.0524632,5.43164,41.9121,-49.0547,47855390
-6.65827,-1.68791,-7.09641,0.0123776,0.0387324,0.0183561,5.79375,41.9121,-47.6531,47913579
-6.5242,-1.5706,-6.82826,0.0575429,0.114674,0.0509977,5.79375,41.9121,-47.6531,47979568
-6.68461,-1.69031,-7.10359,0.0695337,0.0128855,0.0186225,5.25058,41.7299,-49.2299,48039916
-6.54096,-1.5706,-7.02219,0.019572,0.0567186,0.0251508,5.25058,41.7299,-49.2299,48111945
-6.57687,-1.64003,-6.90248,0.00465018,0.0409973,0.0199548,5.25058,42.4588,-49.2299,48174718
-6.56969,-1.57538,-7.0174,0.0698002,0.0178151,0.017157,4.52637,41.7299,-48.8795,48232542
-6.57926,-1.63045,-7.00064,0.0434204,0.0182148,0.0216868,4.52637,41.7299,-48.8795,48290072
-6.55772,-1.56341,-6.92642,0.0229028,0.0485915,0.0232856,5.25058,42.4588,-49.2299,48352214
-6.61278,-1.60172,-6.98388,0.0594082,0.0143511,0.0239518,5.25058,42.4588,-49.2299,48411024
-6.54096,-1.60651,-6.96473,0.00518307,0.0464598,0.0298139,5.06953,41.5476,-48.3539,48479650
-6.56729,-1.58496,-6.9767,0.0736639,0.0110203,0.0264832,5.06953,41.5476,-48.3539,48538919
-6.63433,-1.59933,-7.03177,0.028765,0.0513894,0.0243515,4.16426,41.001,-48.5291,48597617
-6.57687,-1.58496,-6.82347,0.0531463,0.0395318,0.0324786,4.16426,41.001,-48.5291,48658436
-6.53138,-1.58017,-7.00783,0.0618063,0.0228779,0.0215536,4.16426,41.001,-48.5291,48717794
-6.57687,-1.57778,-6.93839,0.0263669,0.0509897,0.0286149,5.61269,40.6365,-49.9306,48775728
-6.53617,-1.57778,-7.04853,0.0515476,0.0322041,0.0230191,5.79375,41.5476,-48.7043,48846345
-6.55293,-1.54426,-7.01262,0.050082,0.0452607,0.032745,5.79375,41.5476,-48.7043,48904320
-6.54096,-1.63763,-6.90009,0.0482168,0.0417967,0.029281,5.79375,41.5476,-48.7043,48962299
-6.59363,-1.55862,-7.0605,0.0575429,0.043129,0.0320789,5.61269,42.4588,-49.9306,49026627
-6.55293,-1.58017,-6.99586,0.0435537,0.0338029,0.0307466,5.61269,42.4588,-49.9306,49084203
-6.54335,-1.63524,-6.85699,0.0388906,0.0421964,0.03501,5.61269,42.0943,-49.9306,49160465
-6.57687,-1.60651,-6.96952,0.0584756,0.0358013,0.0224862,5.25058,41.7299,-50.281,49219361
-6.55053,-1.53468,-6.99107,0.060474,0.0441949,0.029281,5.25058,41.7299,-50.281,49276890
-6.59124,-1.62566,-7.01022,0.0526134,0.0408641,0.0300804,6.51797,41.9121,-49.4051,49339157
-6.49307,-1.6113,-7.02219,0.0411555,0.0314047,0.0311463,6.51797,41.9121,-49.4051,49400403
-6.55053,-1.61369,-6.99346,0.0659365,0.041397,0.0371417,6.51797,41.9121,-49.4051,49458343
-6.51941,-1.56581,-7.04613,0.0259671,0.0182148,0.0278155,5.25058,42.0943,-48.1787,49530987
-6.58166,-1.66397,-7.00783,-0.0088062,0.0368672,0.0163576,5.06953,42.2765,-48.3539,49588864
-6.53617,-1.58017,-7.12035,0.0666027,0.021812,0.0243515,5.06953,42.2765,-48.3539,49652388
-6.56729,-1.58496,-6.91685,0.0197053,0.0412638,0.024085,5.43164,42.641,-49.7555,49713508
-6.60081,-1.59933,-7.03416,0.0442199,0.0439284,0.0203545,5.43164,42.641,-49.7555,49771442
-6.56251,-1.6089,-7.01022,0.0312964,0.0480586,0.0251508,5.43164,42.641,-49.7555,49828933
-6.54575,-1.57778,-6.93839,0.0475506,0.0563189,0.0307466,5.61269,40.2721,-49.5803,49900741
-6.54096,-1.62566,-6.98628,0.0386241,0.0432623,0.0196884,5.06953,42.2765,-49.7555,49958300
-6.53138,-1.58496,-7.04613,0.042621,0.0352684,0.0255505,5.06953,42.2765,-49.7555,50018789
-6.54575,-1.56102,-7.08205,0.0459518,0.0366007,0.0220865,5.61269,41.3654,-48.8795,50082849
-6.55772,-1.57538,-7.01022,0.0376915,0.0320708,0.0216868,5.61269,41.3654,-48.8795,50140917
-6.55772,-1.5706,-6.94558,0.0512811,0.0340693,0.0247511,5.61269,41.3654,-48.8795,50211801
-6.56251,-1.59693,-7.03416,0.0319625,0.0407309,0.0196884,5.06953,42.2765,-50.4562,50274220
-6.55293,-1.53229,-6.9791,0.0402229,0.0252761,0.0251508,5.61269,41.7299,-49.9306,50334907
-6.54335,-1.58257,-7.01022,0.032229,0.045394,0.0260835,5.61269,41.7299,-49.9306,50393565
-6.47153,-1.53708,-6.98628,0.0757956,0.0154169,0.0252841,5.25058,41.7299,-49.2299,50452144
-6.58166,-1.60411,-6.94079,0.014376,0.044861,0.0222198,5.25058,41.7299,-49.2299,50510844
-6.57926,-1.50116,-7.04135,0.0614066,0.0184813,0.0252841,5.43164,41.5476,-49.0547,50580282
-6.51702,-1.58975,-6.92882,0.0443531,0.0395318,0.0216868,5.43164,41.5476,-49.0547,50641986
-6.5649,-1.58017,-7.10359,0.0554112,0.0287401,0.0308798,4.52637,41.3654,-48.5291,50704263
-6.5242,-1.57299,-6.97431,0.0591417,0.0280739,0.0271493,4.52637,41.3654,-48.5291,50762036
-6.55532,-1.58736,-6.93121,0.0516808,0.0371336,0.0242182,5.61269,41.3654,-49.5803,50824059
-6.56729,-1.57538,-7.05332,0.0588753,0.0274078,0.0238185,5.61269,41.3654,-49.5803,50881777
-6.55532,-1.57778,-6.98628,0.0454189,0.0283404,0.0314127,5.25058,42.4588,-49.5803,50951466
-6.59842,-1.6089,-6.97431,0.0463516,0.0350019,0.0304801,5.25058,42.4588,-49.5803,51010325
-6.53378,-1.62327,-6.9791,0.0444863,0.0338029,0.0254173,4.70742,40.0898,-49.0547,51071909
-6.5649,-1.63284,-6.96952,0.0548783,0.0331367,0.0267496,4.70742,40.0898,-49.0547,51129411
-6.50744,-1.6089,-6.98149,0.0371586,0.039665,0.0268829,5.43164,42.2765,-50.1059,51191648
-6.56011,-1.58017,-7.0605,0.0682014,0.0302056,0.0319456,5.43164,42.2765,-50.1059,51260727
-6.54096,-1.5682,-6.94079,0.00425047,0.0439284,0.0318124,5.43164,40.0898,-49.0547,51321510
-6.58166,-1.56102,-7.12754,0.103508,0.0156834,0.0211539,5.43164,40.0898,-49.0547,51383207
-6.58884,-1.59693,-6.95276,0.0468845,0.0624476,0.0338109,5.61269,41.001,-49.9306,51441012
-6.51941,-1.62566,-6.95994,0.0531463,0.0381995,0.0322121,5.61269,41.001,-49.9306,51499906
-6.49068,-1.57538,-7.0174,0.055278,0.0560524,0.0294142,6.69902,40.6365,-49.2299,51557520
-6.49786,-1.59693,-7.00543,0.0374251,0.0473924,0.0291478,6.69902,40.6365,-49.2299,51626876
-6.49307,-1.54187,-7.17303,0.0744633,0.043662,0.0239518,5.79375,42.2765,-49.0547,51685536
-6.4835,-1.62806,-6.98867,0.0447527,0.0615149,0.0371417,5.79375,42.2765,-49.0547,51746148
-6.52659,-1.61848,-7.08684,0.0574097,0.0504568,0.0268829,5.61269,41.001,-50.281,51804545
-6.50265,-1.61848,-7.11557,0.0286318,0.0495241,0.0356761,5.61269,41.001,-50.281,51863122
-6.48829,-1.59214,-6.99107,0.0558109,0.0427293,0.036209,5.61269,41.001,-50.281,51920571
-6.45477,-1.59933,-7.09881,0.0383577,0.0425961,0.0260835,5.43164,41.5476,-50.4562,51993743
-6.46195,-1.63045,-7.10359,0.0550115,0.0336696,0.0242182,5.43164,40.8187,-50.4562,52054466
-6.49068,-1.54905,-6.98149,0.0478171,0.0472592,0.0247511,5.43164,40.8187,-50.4562,52114951
-6.47153,-1.58736,-7.17303,0.0462183,0.0348687,0.0331447,5.43164,40.8187,-50.4562,52176029
-6.50504,-1.6113,-7.05571,0.0193056,0.0424629,0.0328783,5.43164,40.8187,-50.4562,52233924
-6.43082,-1.56341,-7.14669,0.0980452,0.0208794,0.0296807,5.43164,40.8187,-50.4562,52304842
-6.53856,-1.68073,-6.96712,0.00544956,0.0591168,0.0268829,4.88848,40.2721,-49.9306,52367445
-6.47153,-1.57538,-7.08444,0.0692673,0.0266084,0.0296807,5.25058,41.001,-49.5803,52428239
-6.4404,-1.5682,-7.0605,0.0498155,0.0372669,0.0262167,5.25058,41.001,-49.5803,52488395
-6.46195,-1.59454,-7.07965,0.0436869,0.0372669,0.0276822,3.62109,40.8187,-50.1059,52549482
-6.46674,-1.59454,-7.14669,0.0531463,0.0227447,0.0204878,3.62109,40.8187,-50.1059,52607301
-6.55293,-1.60411,-7.0198,0.0418217,0.0360678,0.0242182,6.69902,42.0943,-49.2299,52677147
-6.46434,-1.63524,-7.01262,0.0528799,0.0380662,0.0170237,6.69902,42.0943,-49.2299,52741622
-6.48829,-1.55384,-7.14908,0.037958,0.0107539,0.0236853,5.9748,41.001,-49.5803,52799513
-6.49068,-1.57538,-7.00064,0.0358263,0.0272745,0.0232856,5.9748,41.001,-49.5803,52859432
-6.48589,-1.59693,-7.01262,0.0323623,0.0119529,0.0160911,4.52637,41.3654,-49.9306,52920406
-6.48829,-1.59214,-7.08923,0.0383577,0.0108871,0.0152917,4.52637,41.3654,-49.9306,52978977
-6.48589,-1.61369,-6.97191,0.039157,0.0255425,0.0162244,5.79375,41.1832,-50.4562,53050769
-6.53856,-1.652,-7.02219,0.0257007,0.0123526,0.0220865,5.79375,41.1832,-50.4562,53115430
-6.5218,-1.56581,-7.02219,0.00904679,0.0203465,0.0231524,6.33691,42.8232,-49.2299,53173248
-6.44998,-1.54426,-7.09641,0.0956471,-0.00150342,0.0158247,6.33691,42.8232,-49.2299,53233525
-6.60081,-1.66158,-6.95276,-0.0278582,0.0400647,0.0200881,4.34531,41.1832,-51.157,53292954
-6.52659,-1.50595,-7.07008,0.0646042,0.0150172,0.0167573,4.34531,41.1832,-51.157,53363886
-6.53617,-1.57778,-7.0174,0.0332949,0.0194139,0.0139594,4.16426,41.7299,-50.6314,53426046
-6.57448,-1.56102,-6.92882,0.0139764,0.041397,0.0176899,4.16426,41.7299,-50.6314,53488028
-6.53138,-1.56581,-7.05332,0.0486165,0.00515814,0.0163576,5.43164,40.0898,-50.1059,53548185
-6.56729,-1.59214,-6.9791,0.0480835,0.0350019,0.0250176,5.43164,40.0898,-50.1059,53606724
-6.56251,-1.62806,-7.00064,0.0472842,0.0320708,0.0194219,5.61269,41.001,-49.9306,53664536
-6.51223,-1.56341,-6.93839,0.0447527,0.0342025,0.0208874,5.61269,41.001,-49.9306,53737796
-6.55053,-1.58496,-6.96234,0.046618,0.0399315,0.0187557,3.9832,40.0898,-50.1059,53798563
-6.53378,-1.58975,-7.01262,0.0547451,0.0437952,0.0262167,3.9832,40.0898,-50.1059,53859110
-6.55053,-1.58496,-7.00783,0.0370254,0.0359345,0.0271493,5.61269,41.3654,-48.8795,53919182
-6.53138,-1.58975,-7.01022,0.0542122,0.0330035,0.0312795,5.61269,41.3654,-48.8795,53977214
-6.53617,-1.58257,-6.99586,0.0475506,0.0351352,0.0252841,5.43164,41.1832,-50.1059,54035521
-6.47871,-1.58017,-6.90248,0.0759288,0.0316712,0.0291478,5.43164,41.1832,-50.1059,54104903
-6.59124,-1.6113,-6.97431,0.0222367,0.0407309,0.0199548,3.80215,42.8232,-49.2299,54168989
-6.56969,-1.55384,-7.06289,0.0654036,0.0291398,0.0266164,3.80215,42.8232,-49.2299,54226685
-6.53138,-1.5706,-6.91924,0.0403561,0.0487247,0.0267496,5.9748,41.7299,-49.2299,54284339
-6.56251,-1.58975,-7.07247,0.0691341,0.0352684,0.0274158,5.9748,41.7299,-49.2299,54342826
-6.5242,-1.57538,-6.97191,0.0576762,0.0565854,0.0340773,5.9748,40.2721,-49.9306,54414896
-6.56251,-1.63763,-6.99586,0.0447527,0.0521888,0.0279487,5.9748,40.2721,-49.9306,54476572
-6.53138,-1.62566,-7.09162,0.0767282,0.0335364,0.0266164,5.61269,41.3654,-48.8795,54538229
-6.49786,-1.65679,-6.99825,0.0272995,0.0443281,0.0270161,5.61269,41.3654,-48.8795,54596343
-6.51223,-1.57538,-7.10359,0.0564771,0.0135517,0.0278155,5.25058,40.2721,-48.8795,54653798
-6.56729,-1.63045,-7.05332,0.00518307,0.0291398,0.0271493,5.25058,40.2721,-48.8795,54716425
-6.51223,-1.54187,-7.05332,0.0791264,0.0143511,0.0252841,5.25058,41.001,-49.2299,54785345
-6.5242,-1.61369,-7.07726,0.0355598,0.043662,0.024085,5.25058,41.001,-49.2299,54846129
-6.58166,-1.59933,-6.90248,0.0490162,0.0423297,0.0311463,3.9832,40.4543,-49.4051,54905331
-6.53138,-1.60411,-6.96473,0.078327,0.0763036,0.0346103,3.9832,40.4543,-49.4051,54963855
-6.44998,-1.56341,-6.98867,0.0324955,0.0795012,0.0458017,5.9748,42.0943,-48.8795,55021207
-6.49786,-1.60411,-7.19218,0.0948477,0.037933,0.0284816,5.9748,42.0943,-48.8795,55079474
-6.55532,-1.61848,-7.09162,0.0495491,0.0449943,0.040206,5.79375,40.4543,-48.3539,55154972
-6.4404,-1.63045,-6.96234,0.0444863,0.0423297,0.0339441,5.79375,40.4543,-48.3539,55212811
-6.45955,-1.62806,-7.21852,0.074863,0.0270081,0.0286149,5.9748,42.4588,-50.6314,55274470
-6.50265,-1.63524,-7.08205,0.0296976,0.0497906,0.0323453,5.9748,42.4588,-50.6314,55332202
-6.45477,-1.5275,-7.11557,0.0603408,0.0280739,0.0256838,6.15586,41.1832,-49.0547,55390134
-6.47153,-1.61848,-7.11557,0.0530131,0.0295394,0.0374081,6.15586,41.1832,-49.0547,55448426
-6.47631,-1.62566,-7.00064,0.0623393,0.0473924,0.0183561,5.25058,40.6365,-47.8283,55525197
-6.45716,-1.56102,-7.05092,0.0550115,0.022345,0.0272825,5.25058,40.6365,-47.8283,55582589
-6.4404,-1.64721,-7.05332,0.0427543,0.0342025,0.0210207,5.9748,39.1787,-48.1787,55642535
-6.51223,-1.652,-7.03895,0.0261004,0.0326038,0.0234188,5.9748,39.1787,-48.1787,55701300
-6.47871,-1.64242,-7.13472,0.035693,0.00728984,0.0128936,4.88848,39.9076,-48.8795,55759224
-6.50744,-1.65679,-6.86178,-0.00560865,0.0480586,0.0208874,4.88848,39.9076,-48.8795,55836480
-6.54335,-1.63763,-7.11557,0.10857,-0.00736559,0.00396709,5.06953,41.5476,-49.7555,55894315
-6.47153,-1.58496,-6.93121,-0.0203973,0.0204797,0.022353,5.06953,41.5476,-49.7555,55955378
-6.58884,-1.66636,-6.93361,0.0643377,0.00955477,0.0242182,5.61269,41.7299,-49.2299,56016715
-6.53138,-1.57299,-6.99107,0.125091,0.0208794,0.0370084,5.61269,41.7299,-49.2299,56074971
-6.56729,-1.67115,-6.86657,0.0729978,0.0828319,0.0428706,6.33691,42.4588,-49.9306,56135110
-6.58645,-1.62327,-7.35499,0.0296976,0.0304721,0.0226195,6.33691,42.4588,-49.9306,56207642
-6.49547,-1.63524,-6.95276,0.0223699,0.0366007,0.0290146,5.79375,41.1832,-49.4051,56265305
-6.51223,-1.60651,-7.13951,0.0382244,0.0346022,0.0128936,5.79375,41.1832,-49.4051,56324045
-6.50504,-1.60411,-7.34541,0.0243684,-0.0157591,-0.00988896,6.69902,40.2721,-48.5291,56382541
-6.53617,-1.59933,-6.6056,0.0400896,0.0147508,0.0228859,6.69902,40.2721,-48.5291,56440674
-6.50983,-1.62087,-6.91685,0.106172,0.025809,0.0255505,5.9748,41.001,-49.5803,56513970
-6.5218,-1.64482,-7.08205,0.0119779,0.0320708,0.0294142,5.9748,41.001,-49.5803,56572494
-6.59363,-1.65918,-7.11796,0.014909,0.041397,0.0195551,5.25058,40.2721,-49.2299,56632178
-6.54335,-1.6113,-7.05092,0.0155751,0.0227447,0.0279487,5.25058,40.2721,-49.2299,56689716
-6.5218,-1.63284,-6.96234,0.0326287,0.0359345,0.0260835,4.70742,39.7254,-50.1059,56747999
-6.53856,-1.61369,-7.07486,0.01784,0.0254093,0.0170237,4.70742,39.7254,-50.1059,56806582
-6.54335,-1.5706,-7.23049,0.00385076,-0.00496743,-0.00362709,4.88848,42.0943,-49.9306,56877648
-6.48589,-1.56102,-6.76122,0.0107788,0.00835569,0.0224862,4.88848,42.0943,-49.9306,56936400
-6.57208,-1.57299,-6.8929,0.102842,0.0320708,0.027549,4.52637,41.3654,-48.5291,56994735
-6.49786,-1.57299,-6.90248,0.0640713,0.0596497,0.0343438,4.52637,41.3654,-48.5291,57052724
-6.62475,-1.65679,-7.09641,0.0185062,0.0524552,0.0115613,4.70742,43.0055,-50.1059,57114238
-6.54575,-1.54905,-7.02459,0.0650039,0.031005,0.0232856,4.70742,43.0055,-50.1059,57172335
-6.55532,-1.65439,-6.86657,0.0197053,0.0589835,0.0220865,3.80215,41.7299,-49.9306,57245850
-6.57208,-1.60411,-7.11796,0.0650039,0.0235441,0.0200881,3.80215,41.7299,-49.9306,57307073
-6.54814,-1.66397,-6.99107,0.0452857,0.0401979,0.0291478,5.25058,41.001,-49.2299,57364706
-6.5649,-1.6113,-6.98388,0.0347604,0.0208794,0.0200881,5.25058,41.001,-49.2299,57422088
-6.56011,-1.64003,-7.07247,0.0360928,0.0147508,0.0172902,5.9748,42.0943,-48.8795,57480560
-6.50026,-1.63284,-6.92163,0.0284985,0.0276742,0.0186225,5.9748,42.0943,-48.8795,57552819
-6.53138,-1.57538,-6.98149,0.0444863,0.0139514,0.0251508,6.15586,41.9121,-48.7043,57611463
-6.59124,-1.59933,-6.98388,0.0487497,0.0202133,0.0247511,6.15586,41.9121,-48.7043,57673840
-6.56969,-1.63284,-6.9767,0.0520805,0.034469,0.0286149,6.51797,41.5476,-48.7043,57731503
-6.5649,-1.58975,-7.03177,0.053546,0.0276742,0.0274158,6.51797,41.5476,-48.7043,57789026
-6.54335,-1.58257,-6.93839,0.0412887,0.0339361,0.0255505,5.79375,40.8187,-50.1059,57847396
-6.59363,-1.63524,-6.88812,0.0642045,0.0323373,0.0331447,5.79375,40.8187,-50.1059,57919104
-6.56729,-1.62806,-6.81868,0.0348937,0.0440616,0.0355429,5.61269,40.6365,-48.8795,57976723
-6.54575,-1.58736,-7.03177,0.085255,0.00196059,0.0208874,5.61269,40.6365,-48.8795,58035065
-6.64151,-1.6113,-6.8522,0.0420881,0.0584506,0.0316792,5.61269,40.6365,-48.8795,58093397
-6.55772,-1.61369,-6.97191,0.0729978,0.0417967,0.0280819,5.61269,40.6365,-48.8795,58151214
-6.52659,-1.6089,-6.92163,0.0504817,0.041397,0.0276822,5.61269,40.6365,-48.8795,58212873
-6.58645,-1.652,-7.00304,0.0226364,0.0515226,0.0271493,6.15586,42.641,-48.7043,58285852
-6.5242,-1.59693,-6.97431,0.062206,0.032737,0.0295475,6.33691,40.6365,-48.8795,58346314
-6.61039,-1.64242,-6.99825,0.0638048,0.0456604,0.0262167,6.33691,40.6365,-48.8795,58407626
-6.56729,-1.66636,-7.01262,0.0438201,0.0461933,0.0235521,5.06953,40.8187,-50.8066,58465245
-6.50744,-1.61369,-6.96234,0.061007,0.0424629,0.0271493,5.06953,40.8187,-50.8066,58522832
-6.55772,-1.64242,-7.03895,0.0516808,0.0415303,0.0290146,5.06953,40.8187,-50.8066,58581711
-6.53138,-1.64721,-6.96952,0.0404893,0.0385992,0.0306133,6.15586,41.9121,-49.0547,58656517
-6.53617,-1.66158,-6.9791,0.0360928,0.0354016,0.0324786,5.25058,40.2721,-49.5803,58717007
-6.59124,-1.62566,-7.07008,0.0447527,0.0553863,0.0294142,5.25058,40.2721,-49.5803,58778660
-6.53617,-1.60172,-6.97431,0.0266333,0.0328702,0.0394066,5.61269,41.3654,-49.2299,58836650
-6.56969,-1.58257,-7.06768,0.0471509,0.039665,0.0383407,5.61269,41.3654,-49.2299,58894238
-6.47153,-1.54426,-7.07965,0.0412887,0.0457937,0.0403392,5.43164,40.8187,-48.7043,58969405
-6.59842,-1.64242,-6.89051,0.00664863,0.0511229,0.0278155,5.43164,40.8187,-48.7043,59026918
-6.53856,-1.51792,-7.12275,0.0514143,0.024077,0.0251508,3.9832,42.2765,-49.4051,59084354
-6.5218,-1.6089,-6.90009,0.0387573,0.0439284,0.0260835,3.9832,42.2765,-49.4051,59142474
-6.52659,-1.57538,-7.01501,0.0703332,0.0267416,0.0276822,3.9832,42.2765,-49.4051,59200474
-6.50744,-1.62566,-6.91206,0.0217037,0.0387324,0.0318124,5.43164,40.4543,-49.0547,59258067
-6.52899,-1.58017,-6.97191,0.0462183,0.0428626,0.0282152,4.70742,40.8187,-48.7043,59329627
-6.54575,-1.60172,-7.10599,0.0528799,0.0170157,0.0279487,4.70742,40.8187,-48.7043,59387815
-6.52659,-1.61609,-6.88812,0.0324955,0.0528549,0.0235521,4.70742,40.8187,-48.7043,59448905
-6.55532,-1.54187,-7.08205,0.05701,0.00449199,0.029281,5.43164,41.1832,-49.4051,59506936
-6.54575,-1.62566,-6.95994,0.0350269,0.0455272,0.0312795,5.43164,41.1832,-49.4051,59564526
-6.52899,-1.61609,-7.0198,0.0410223,0.022345,0.0254173,5.25058,41.3654,-50.281,59623156
-6.57448,-1.6089,-7.04135,0.03969,0.0228779,0.0198216,6.33691,41.001,-50.281,59697428
-6.56011,-1.54426,-6.936,0.0308967,0.0252761,0.0202213,6.33691,41.001,-50.281,59754983
-6.57208,-1.57299,-7.02459,0.0576762,0.014884,0.0218201,6.33691,41.001,-50.281,59813692
-6.54335,-1.55862,-6.88333,-0.00920591,0.0274078,0.0255505,5.06953,41.9121,-49.0547,59874854
-6.59363,-1.52032,-7.11796,0.0865873,-0.015093,0.0112948,5.06953,41.9121,-49.0547,59932741
-6.6894,-1.59454,-6.84023,0.011445,0.0324705,0.017157,5.06953,42.2765,-49.7555,60008671
-6.58405,-1.57778,-6.90487,0.0167742,0.0212791,0.0218201,5.06953,42.2765,-49.7555,60067126
-6.60081,-1.59693,-7.02937,0.0723316,0.009688,0.0155582,5.06953,42.2765,-49.7555,60127312
-6.58645,-1.59454,-6.8546,-0.00987205,0.0433955,0.0232856,5.06953,42.2765,-49.7555,60188345
-6.55772,-1.57538,-6.92642,0.0487497,0.00355937,0.00863019,5.25058,42.0943,-49.5803,60245782
-6.65827,-1.55623,-6.9791,0.0404893,0.0312715,0.0128936,5.25058,42.0943,-49.5803,60303279
-6.57208,-1.58975,-6.8953,0.0332949,0.0306053,0.0182228,5.25058,41.001,-48.8795,60379708
-6.63194,-1.56581,-7.02219,0.0459518,0.000894744,0.0210207,3.62109,41.5476,-49.4051,60437173
-6.61997,-1.59693,-6.8522,0.021837,0.0370004,0.0227527,3.62109,41.5476,-49.4051,60495947
-6.64151,-1.50595,-7.02459,0.036226,0.0179483,0.020621,3.62109,41.5476,-49.4051,60555125
-6.60321,-1.52032,-6.93121,0.0414219,0.0314047,0.0199548,6.88008,42.641,-47.3027,60613630
-6.61757,-1.54187,-6.93839,0.0298308,0.0259422,0.0199548,6.88008,42.641,-47.3027,60670973
-6.6056,-1.57538,-6.81868,0.0106456,0.0274078,0.0224862,4.88848,41.001,-50.281,60746436
-6.66306,-1.55144,-6.936,0.0687344,0.00835569,0.0160911,4.88848,41.001,-50.281,60804329
-6.71813,-1.58496,-6.76122,0.0221035,0.0473924,0.0227527,4.70742,41.5476,-48.7043,60862526
-6.63672,-1.5682,-6.88093,0.0454189,0.0295394,0.0234188,4.70742,41.5476,-48.7043,60926534
-6.62954,-1.5682,-6.92163,0.0594082,0.0316712,0.0174234,5.9748,41.3654,-48.8795,60985517
-6.61039,-1.56581,-6.88812,0.0177068,0.0463266,0.0219533,5.9748,41.3654,-48.8795,61061038
-6.63433,-1.5682,-6.8522,0.0415552,0.0198136,0.0192887,6.15586,42.641,-51.157,61123347
-6.6463,-1.5275,-6.94079,0.0506149,0.0243434,0.0231524,4.16426,42.0943,-49.9306,61182051
-6.67743,-1.60172,-6.86178,0.0484832,0.0336696,0.0204878,4.16426,42.0943,-49.9306,61240901
-6.66785,-1.56581,-6.90727,0.0615399,0.01142,0.0288813,4.16426,42.0943,-49.9306,61299151
-6.66306,-1.58257,-6.84741,0.0402229,0.0441949,0.0263499,4.16426,42.0943,-49.9306,61357932
-6.67503,-1.57538,-6.93839,0.0435537,0.0280739,0.0271493,6.15586,41.9121,-50.1059,61429962
-6.63194,-1.6113,-6.8522,0.036226,0.0397982,0.0306133,6.15586,41.9121,-50.1059,61488503
-6.58884,-1.5682,-6.85939,0.0832566,0.0162163,0.0282152,6.15586,41.9121,-50.1059,61547144
-6.72531,-1.63284,-6.83305,0.0158416,0.048325,0.0248844,6.15586,41.9121,-50.1059,61604740
-6.687,-1.55623,-6.85939,0.0749962,0.0323373,0.0259502,6.15586,41.9121,-50.1059,61667183
-6.67024,-1.54426,-6.81868,0.0523469,0.0395318,0.0274158,5.79375,41.5476,-49.4051,61728064
-6.69658,-1.58017,-6.9791,0.0424878,0.0435287,0.0299472,5.61269,41.7299,-49.9306,61799460
-6.65348,-1.62327,-6.90966,0.0863209,0.052322,0.0328783,5.61269,41.7299,-49.9306,61858229
-6.6463,-1.61609,-6.82587,0.037958,0.0745716,0.0315459,5.61269,41.7299,-49.9306,61915929
-6.64151,-1.63045,-6.95994,0.0785935,0.0290065,0.0262167,5.61269,41.7299,-49.9306,61975185
-6.61278,-1.65439,-6.77798,0.0387573,0.0820325,0.0315459,5.61269,41.7299,-49.9306,62032777
-6.65348,-1.59214,-6.936,0.0745965,0.043662,0.0407389,6.15586,42.2765,-49.4051,62104819
-6.6463,-1.61609,-6.95037,0.0358263,0.0757706,0.0338109,4.88848,42.4588,-50.281,62166510
-6.58645,-1.61369,-6.98388,0.053546,0.0561857,0.0328783,4.88848,42.4588,-50.281,62224080
-6.62475,-1.65439,-6.92403,0.0523469,0.0613817,0.0336776,4.88848,42.4588,-50.281,62281493
-6.56011,-1.58496,-7.03656,0.0414219,0.0532546,0.0322121,6.88008,41.9121,-48.3539,62339967
-6.59124,-1.63763,-6.94558,0.0438201,0.0401979,0.034477,6.88008,41.9121,-48.3539,62404039
-6.56969,-1.5706,-6.936,-0.000545859,0.0513894,0.0290146,4.88848,41.7299,-49.2299,62473096
-6.59124,-1.55623,-7.14908,0.0917833,0.00302644,0.0186225,4.88848,41.7299,-49.2299,62534573
-6.64391,-1.58017,-6.93361,0.0280989,0.0551198,0.036742,5.25058,42.4588,-51.6826,62592353
-6.58405,-1.56341,-6.96712,0.0468845,0.0342025,0.0286149,5.25058,42.4588,-51.6826,62649983
-6.55053,-1.54665,-7.03416,0.0640713,0.0314047,0.0248844,4.70742,41.5476,-50.8066,62708374
-6.57926,-1.61609,-6.89769,0.0162413,0.0423297,0.0364755,4.70742,41.5476,-50.8066,62770106
-6.55532,-1.59214,-7.03177,0.0603408,0.02008,0.0248844,4.34531,40.8187,-50.1059,62838635
-6.55053,-1.58736,-7.01501,0.0364924,0.0468595,0.0232856,4.34531,40.8187,-50.1059,62896976
-6.56729,-1.63284,-6.94318,0.0701999,0.0267416,0.0302136,6.33691,42.0943,-48.5291,62955416
-6.56729,-1.6089,-7.03177,0.0288982,0.0423297,0.0318124,6.33691,42.0943,-48.5291,63013510
-6.59602,-1.58736,-6.99346,0.0419549,0.0276742,0.0323453,5.61269,41.7299,-49.2299,63078134
-6.56969,-1.5706,-6.95515,0.0442199,0.0451275,0.0235521,5.61269,41.7299,-49.2299,63147140
-6.60799,-1.59454,-7.01501,0.0416884,0.0286068,0.0287481,4.34531,40.4543,-48.3539,63208041
-6.56011,-1.57299,-6.99586,0.0462183,0.0428626,0.0244847,4.34531,40.4543,-48.3539,63269144
-6.5649,-1.57538,-6.99346,0.0524802,0.031005,0.0282152,5.25058,40.6365,-50.281,63326825
-6.56969,-1.57299,-6.87614,0.0411555,0.0399315,0.0288813,5.25058,40.6365,-50.281,63384179
-6.6056,-1.5706,-6.96952,0.0680682,0.0336696,0.0248844,5.06953,41.1832,-50.1059,63445699
-6.58166,-1.55623,-6.96473,-0.013336,0.0421964,0.0338109,5.06953,41.1832,-50.1059,63516343
-6.59363,-1.61848,-7.01262,0.06567,0.00702338,0.0167573,5.43164,40.0898,-50.1059,63573614
-6.6056,-1.57538,-6.98388,0.0416884,0.0358013,0.025817,5.43164,40.0898,-50.1059,63631906
-6.57208,-1.60651,-6.86657,0.0198385,0.0489912,0.0219533,5.06953,42.641,-49.4051,63690358
-6.54814,-1.50356,-7.09641,0.071399,0.0186145,0.0230191,5.06953,42.641,-49.4051,63752890
-6.58884,-1.51553,-6.90727,0.00291815,0.0443281,0.0195551,5.06953,41.1832,-49.4051,63815303
-6.55293,-1.54426,-7.05332,0.0428875,0.00915508,0.0179564,5.06953,41.1832,-49.4051,63884668
-6.63912,-1.58496,-7.07247,0.0576762,0.0192806,0.018889,4.34531,40.8187,-49.0547,63946122
-6.60081,-1.62566,-6.87614,0.0346272,0.0356681,0.0176899,4.34531,40.8187,-49.0547,64007393
-6.62236,-1.58257,-7.03416,0.0515476,0.0146176,0.0216868,4.52637,41.7299,-48.5291,64066212
-6.58405,-1.61369,-6.92163,0.0190391,0.0328702,0.0155582,4.52637,41.7299,-48.5291,64129839
-6.6463,-1.51792,-6.95994,0.0487497,0.0395318,0.0163576,4.52637,41.3654,-48.5291,64199906
-6.56011,-1.65918,-6.97191,0.0125108,0.0400647,0.0152917,4.52637,41.3654,-48.5291,64258251
-6.55293,-1.55623,-6.94318,0.0367589,0.043129,0.0288813,5.79375,41.1832,-47.6531,64316891
-6.64391,-1.58017,-7.00064,0.014909,0.0354016,0.0314127,5.79375,41.1832,-47.6531,64375264
-6.54575,-1.64482,-6.84502,-0.0903437,0.0587171,0.0156914,6.33691,40.2721,-48.8795,64436492
-6.53378,-1.44131,-7.10599,0.0412887,0.00942154,0.0215536,6.33691,40.2721,-48.8795,64497557
-6.60081,-1.48201,-6.98867,0.0376915,0.0421964,0.0307466,5.79375,41.5476,-48.3539,64567128
-6.59363,-1.47722,-6.87614,-0.00201139,0.0424629,0.00769755,5.79375,41.5476,-48.3539,64626349
-6.55772,-1.45328,-7.04613,0.0170407,0.0272745,0.00223507,5.25058,42.0943,-49.5803,64683923
-6.61757,-1.50835,-6.91445,0.0282321,0.0331367,-0.000562772,5.25058,42.0943,-49.5803,64741736
-6.60321,-1.42934,-7.03656,0.0407558,0.0445946,-0.00575878,3.9832,41.1832,-48.3539,64802487
-6.53617,-1.42455,-7.05092,0.109636,0.0222117,0.0256838,3.9832,41.1832,-48.3539,64861052
-6.51941,-1.54187,-7.01501,0.107371,0.0383327,0.0274158,5.61269,41.7299,-49.5803,64929604
-6.56969,-1.58496,-7.01022,0.0366257,0.0425961,0.000103384,5.61269,41.7299,-49.5803,64987974
-6.66306,-1.4844,-6.936,0.0628722,0.0437952,-0.00229478,6.51797,41.5476,-49.4051,65046433
-6.59124,-1.45328,-6.97191,0.0684679,0.041397,0.0315459,6.51797,41.5476,-49.4051,65107071
-6.5649,-1.60651,-6.97191,0.102309,0.0404644,0.0291478,5.61269,41.7299,-49.2299,65168995
-6.49068,-1.6496,-6.96952,-0.0150681,0.0541872,0.015425,5.61269,41.7299,-49.2299,65238104
-6.49307,-1.55144,-7.04374,0.0720651,0.0332699,0.0268829,5.06953,41.9121,-48.0035,65298899
-6.55053,-1.59933,-6.94318,0.0316961,0.0372669,0.032745,5.06953,41.9121,-48.0035,65359834
-6.55532,-1.61609,-6.90966,0.0438201,0.0311382,0.0239518,6.15586,40.8187,-48.7043,65417560
-6.45716,-1.56581,-7.1012,0.0957803,0.009688,0.0368752,6.15586,40.8187,-48.7043,65478205
-6.73728,-1.66636,-7.52737,0.0704664,-0.150323,0.022353,5.61269,41.001,-49.5803,65536636
-6.75165,-1.34554,-6.62715,-0.0928751,0.0528549,0.0343438,5.61269,41.001,-49.5803,65606452
-6.6487,-1.44131,-6.95515,0.10857,0.15491,-0.000429526,4.52637,41.3654,-49.2299,65663942
-6.62715,-1.51313,-7.0198,-0.0215964,0.0509897,0.0139594,4.52637,41.3654,-49.2299,65722435
-6.57208,-1.72861,-6.86417,-0.022529,0.145584,0.0263499,5.06953,41.5476,-49.4051,65784011
-6.44519,-1.45328,-7.07008,-0.346681,0.220593,-0.0233453,5.06953,41.5476,-49.4051,65841468
-6.11958,-1.40779,-7.39329,-0.148033,0.145184,0.016624,2.35371,41.3654,-49.9306,65899554
-6.26802,-1.53468,-7.3885,0.121361,0.000894744,0.0605903,2.35371,41.3654,-49.9306,65971768
-6.19619,-1.75255,-7.50343,-0.254751,-0.108488,0.0255505,4.16426,41.001,-50.6314,66029096
