-8.58321,-1.1157,-4.19703,-0.0635642,0.0276742,0.01316,13.217,51.9346,-40.1197,2751401
-8.60715,-1.05105,-4.1683,-0.0509072,0.0299391,0.00396709,12.1307,52.299,-40.8205,2809379
-8.60476,-0.995988,-4.19703,-0.034653,0.0354016,0.014892,12.1307,52.299,-40.8205,2867650
-8.57363,-0.995988,-4.11324,-0.0453115,0.0424629,0.0252841,11.4064,51.5701,-39.7693,2929162
-8.61194,-0.955286,-4.20661,0.0045169,0.0372669,0.0288813,11.4064,51.5701,-39.7693,2990288
-8.56166,-0.964863,-4.29041,0.0386241,0.0416635,0.0374081,10.8633,51.7523,-39.5941,3063527
-8.55927,-0.840364,-4.17309,0.0073148,0.0601826,0.039673,10.8633,51.7523,-39.5941,3122835
-8.45392,-0.916979,-4.0869,0.0237022,0.0581842,0.0360758,12.1307,51.2056,-38.7182,3180776
-8.64785,-0.775721,-4.39575,0.107371,0.0340693,0.0191554,12.1307,51.2056,-38.7182,3239208
-8.57603,-0.948104,-4.24971,0.0536792,0.0829651,-0.000429526,11.5875,51.7523,-40.2949,3300688
-8.59279,-0.991199,-4.40533,0.102309,0.0487247,-0.0305398,11.5875,51.7523,-40.2949,3359443
-8.45392,-1.2809,-4.12042,-0.0590343,0.109478,-0.00829019,11.5875,51.7523,-40.9957,3432691
-8.47547,-1.42694,-4.0869,-0.103667,0.0988197,-0.00469294,11.5875,51.7523,-40.9957,3490481
-8.51617,-1.23541,-4.31674,-0.147367,0.101218,0.00543264,11.2254,52.1168,-39.9445,3548869
-8.58321,-1.21865,-4.24731,-0.161889,0.117739,0.014892,11.2254,52.1168,-39.9445,3607346
-8.45871,-0.921767,-4.33829,-0.0678276,0.138789,0.0262167,10.6822,51.2056,-40.8205,3671701
-8.41322,-0.852335,-4.44603,-0.111527,0.153444,0.0315459,10.6822,51.2056,-40.8205,3730187
-8.46589,-0.864306,-4.56574,-0.046111,0.140121,0.0435368,10.3201,51.2056,-40.4701,3801983
-8.25281,-0.909797,-4.63757,-0.017333,0.151046,0.0512642,10.3201,51.2056,-40.4701,3859625
-8.33661,-0.943315,-4.6663,-0.0287909,0.151712,0.0524632,8.87168,50.4767,-41.8717,3917001
-8.32703,-0.912191,-4.71897,-0.00161171,0.152245,0.0591248,8.87168,50.4767,-41.8717,3977913
-8.18577,-0.984017,-4.69742,-0.0691599,0.156509,0.0629885,9.41484,48.8367,-44.85,4038933
-7.99903,-0.713472,-4.94163,0.00411725,0.0724399,0.0643208,9.41484,48.8367,-44.85,4109317
-8.20014,-0.600945,-5.00149,-0.113926,0.0936236,0.059791,8.14746,49.7478,-43.974,4168256
-8.28394,-0.471658,-5.00388,-0.13391,0.0922913,0.0596577,8.14746,49.7478,-43.974,4226023
-8.22647,-0.225055,-4.97276,-0.161089,0.131994,0.0190222,7.06113,50.1123,-43.974,4286686
-8.43238,-0.146046,-5.26485,-0.11659,0.161705,-0.0136194,7.06113,50.1123,-43.974,4347246
-8.07085,-0.14844,-5.16429,-0.12112,0.131062,-0.0314724,7.24219,47.7433,-43.098,4404880
-7.93199,-0.00957681,-4.91529,-0.150164,0.177426,-0.0642473,7.24219,47.7433,-43.098,4477787
-8.04212,0.0143652,-5.25767,-0.0614325,0.0904261,-0.0625153,6.88008,47.0144,-44.85,4535293
-8.06846,-0.00957681,-5.23612,-0.0690267,0.102284,-0.0549211,6.88008,47.0144,-44.85,4592834
-7.98705,-0.0430956,-5.31513,0.00478339,0.0775027,-0.0613162,7.42324,47.9256,-45.0252,4651464
-7.94156,-0.0766144,-5.47075,0.0654036,0.0527217,-0.0385337,7.42324,47.9256,-45.0252,4713468
-7.89607,-0.143652,-5.20739,0.118829,0.0464598,-0.0234785,7.9664,50.2945,-45.2004,4770771
-8.03494,-0.232238,-5.35822,0.138681,0.0178151,-0.00189508,7.9664,50.2945,-45.2004,4840916
-8.06367,-0.366313,-5.36062,0.16999,0.021812,0.0130268,7.6043,48.8367,-43.7988,4899318
-8.06367,-0.407014,-5.21218,0.176785,0.0347355,0.0334112,7.6043,48.8367,-43.7988,4956863
-8.08522,-0.409408,-5.19781,0.221684,0.0272745,0.0511309,7.6043,48.8367,-43.7988,5018127
-8.10677,-0.514753,-5.21218,0.202765,0.043129,0.0775107,7.6043,48.8367,-43.7988,5079317
-8.06846,-0.61531,-5.18344,0.224215,0.0457937,0.0821738,7.6043,48.8367,-43.7988,5148993
-8.0086,-0.691924,-5.27921,0.206762,0.0607155,0.0709824,7.9664,47.7433,-44.1492,5210920
-8.02297,-0.723049,-5.33428,0.175852,0.069642,0.0625888,9.59589,47.5611,-42.5725,5268516
-7.99663,-0.715866,-5.27682,0.128555,0.0672439,0.0535291,9.59589,47.5611,-42.5725,5325807
-7.97987,-0.694318,-5.34625,0.123093,0.0477921,0.0408721,9.59589,47.5611,-42.5725,5387048
-7.94875,-0.684741,-5.49469,0.158399,0.0440616,0.0194219,9.59589,47.5611,-42.5725,5448358
-8.02057,-0.821211,-5.19063,0.0562106,0.0573848,-0.000163078,9.59589,47.1967,-45.3756,5517173
-7.96311,-0.878672,-5.29358,0.0687344,0.0556528,-0.0136194,9.59589,47.1967,-45.3756,5578848
-7.95593,-0.785298,-5.31752,0.0652704,0.0476589,-0.0261432,11.5875,47.3789,-43.7988,5636932
-7.95593,-0.914585,-5.32949,0.00651538,0.0487247,-0.0294739,11.5875,47.3789,-43.7988,5694638
-7.95593,-0.866701,-5.39413,0.0434204,0.0314047,-0.0393331,11.2254,47.7433,-45.9012,5756386
-7.95114,-0.861912,-5.31991,0.0308967,0.0447278,-0.0332044,11.2254,47.7433,-45.9012,5815233
-7.95832,-0.924162,-5.3247,0.0331616,0.0563189,-0.0298736,10.6822,48.29,-45.3756,5884646
-7.91283,-0.890643,-5.35822,0.0590085,0.0487247,-0.0228124,10.6822,48.29,-45.3756,5943493
-7.9272,-0.938527,-5.37259,0.0777941,0.0579177,-0.0109548,11.2254,47.7433,-44.1492,6003009
-7.92002,-0.972046,-5.34386,0.0836563,0.0568519,-0.011088,11.2254,47.7433,-44.1492,6063957
-7.8865,-0.976834,-5.46117,0.112168,0.0509897,-0.013353,11.2254,47.7433,-44.1492,6126597
-7.90565,-1.01514,-5.40132,0.134684,0.0629805,-0.0108216,11.5875,47.7433,-44.85,6197071
-7.85777,-1.08457,-5.33189,0.114832,0.0587171,-0.0282749,10.6822,47.9256,-43.974,6258177
-7.62074,-1.20907,-5.64792,0.152803,-0.00376835,-0.0186822,10.6822,47.9256,-43.974,6319145
-7.99903,-1.45807,-5.00149,0.0326287,0.101751,-0.0053591,12.4928,47.9256,-44.6748,6377162
-7.84819,-1.19471,-5.9855,0.130287,-0.0308143,-0.000562772,12.4928,47.9256,-44.6748,6437786
-7.93917,-1.34554,-5.20739,0.00145262,0.0820325,-0.00455971,13.0359,45.9211,-45.5508,6496258
-7.83383,-1.32399,-5.30316,0.130687,0.00915508,-0.0148185,13.0359,45.9211,-45.5508,6566177
-7.84101,-1.30484,-5.56652,0.0837895,0.0278074,-0.0190819,13.0359,47.0144,-45.2004,6623615
-7.77397,-1.35991,-5.29118,0.0480835,0.0581842,-0.0240115,13.0359,47.0144,-45.2004,6682117
-7.87453,-1.37906,-5.25767,0.0895184,0.0319376,-0.023745,11.7686,47.9256,-46.7771,6746837
-7.86256,-1.43891,-5.45878,0.170123,-0.00923082,-0.0117542,11.7686,47.9256,-46.7771,6806002
-7.86734,-1.53708,-5.32231,0.0899181,0.0721734,-0.000429526,11.7686,47.9256,-46.7771,6864219
-7.83143,-1.52271,-5.33907,0.167192,0.043129,0.015425,13.9412,45.7389,-46.0764,6934765
-7.8434,-1.59693,-5.37498,0.177185,0.0435287,0.0323453,14.1223,48.8367,-44.1492,6995918
-7.86016,-1.7334,-5.27682,0.17039,0.0585839,0.0392734,14.1223,48.8367,-44.1492,7056843
-7.82425,-1.68791,-5.4492,0.206362,0.044861,0.0467343,15.2086,46.65,-44.4996,7114490
-7.86256,-1.74298,-5.29358,0.147074,0.0564522,0.0565934,15.2086,46.65,-44.4996,7173317
-7.83861,-1.79805,-5.50427,0.216488,0.0342025,0.0541952,15.2086,46.65,-44.4996,7243107
-7.85537,-1.84832,-5.26006,0.120295,0.0475257,0.0499318,16.657,47.0144,-45.5508,7301351
-7.85059,-1.85311,-5.39174,0.141345,0.0433955,0.0495321,15.3896,47.9256,-45.3756,7359668
-7.79791,-1.86029,-5.41568,0.108704,0.0276742,0.0537955,15.3896,47.9256,-45.3756,7423865
-7.79313,-1.90818,-5.25527,0.0607405,0.0368672,0.0520635,15.7518,46.8322,-45.726,7481839
-7.74524,-1.87466,-5.34864,0.0875199,0.00915508,0.0467343,15.7518,46.8322,-45.726,7543388
-7.87213,-1.92733,-5.41329,0.0655368,0.0380662,0.0463346,15.9328,47.7433,-44.4996,7612265
-7.81228,-1.83635,-5.284,0.0615399,0.048325,0.0378078,15.9328,47.7433,-44.4996,7672747
-7.8434,-1.93451,-5.26245,0.0616731,0.0576512,0.0430038,15.5707,48.1078,-44.1492,7736762
-7.75721,-1.81241,-5.43244,0.123359,0.0428626,0.0388737,15.5707,48.1078,-44.1492,7794666
-7.8841,-1.87466,-5.25048,0.0450192,0.0870953,0.0348767,16.1139,46.4678,-44.6748,7854736
-7.79552,-1.85311,-5.3271,0.128555,0.0517891,0.0324786,16.1139,46.4678,-44.6748,7913319
-7.77397,-1.88424,-5.23372,0.0602076,0.0685762,0.0287481,17.0191,46.2855,-47.6531,7981939
-7.73806,-1.91536,-5.35343,0.102175,0.0397982,0.0251508,17.0191,46.2855,-47.6531,8040179
-7.85059,-1.83396,-5.48033,0.107105,0.0409973,0.0348767,16.1139,46.4678,-45.3756,8102007
-7.76679,-1.93451,-5.30555,0.0791264,0.0721734,0.037941,16.1139,46.4678,-45.3756,8159899
-7.77637,-1.87466,-5.42286,0.124825,0.0561857,0.0491325,16.1139,46.4678,-45.3756,8221607
-7.76439,-1.93451,-5.10204,0.0567436,0.157575,0.0577925,16.657,47.0144,-44.85,8279753
-7.75961,-1.87227,-5.44681,0.0988446,0.121202,0.0693836,16.2949,45.1922,-45.9012,8351280
-7.64708,-1.91776,-5.54497,0.085255,0.0942898,0.0559272,16.2949,45.1922,-45.9012,8415576
-7.73327,-1.89381,-5.60961,0.0446195,0.0723067,0.0484663,16.1139,46.8322,-45.726,8473348
-7.61595,-1.8986,-5.44681,0.0591417,0.0368672,0.0515306,16.1139,46.8322,-45.726,8532099
-7.70693,-1.85551,-5.55933,0.0242352,0.0319376,0.0512642,16.1139,46.8322,-45.726,8590497
-7.70454,-1.8148,-5.45638,0.0328952,0.0103542,0.0564602,16.1139,46.8322,-45.726,8649772
-7.6782,-1.75734,-5.3654,0.00824741,0.0371336,0.0583254,15.7518,47.1967,-46.4267,8719509
-7.74285,-1.79086,-5.39413,0.00678188,0.0267416,0.0568599,15.7518,47.1967,-46.4267,8787424
-7.76439,-1.71664,-5.45638,0.0459518,0.037933,0.0640543,16.657,45.1922,-45.5508,8845974
-7.73088,-1.67594,-5.43005,0.0350269,0.0364675,0.0541952,16.657,45.1922,-45.5508,8906916
-7.76439,-1.73101,-5.51863,0.021837,0.0364675,0.059791,15.9328,46.65,-46.6019,8968218
-7.66863,-1.6496,-5.56173,0.0711325,0.0123526,0.0625888,15.9328,46.65,-46.6019,9037265
-7.76918,-1.63524,-5.49948,0.023569,0.043662,0.0605903,16.1139,45.7389,-46.4267,9101845
-7.78115,-1.67355,-5.51145,0.0542122,0.0784353,0.0485995,16.1139,45.7389,-46.4267,9161505
-7.97748,-1.57538,-5.9017,0.0174404,0.158774,0.0489992,17.3812,46.65,-45.9012,9219246
-7.5561,-1.62087,-5.41089,0.0262336,0.0347355,0.0836393,17.3812,46.65,-45.9012,9279209
-7.64468,-1.60172,-5.4492,0.0749962,0.0282071,0.0430038,16.2949,45.1922,-46.6019,9337368
-7.80988,-1.61369,-5.68383,0.13535,0.036201,0.0483331,16.2949,45.1922,-46.6019,9406615
-7.65905,-1.5706,-5.39413,-0.0627648,0.131062,0.0816409,14.8465,47.0144,-46.6019,9467396
-7.5537,-1.55623,-5.73651,0.213423,-0.00709913,0.0559272,14.8465,47.0144,-46.6019,9525070
-7.71651,-1.64721,-5.61679,-0.0171998,0.0980203,0.0497986,15.0275,45.7389,-45.726,9586368
-7.6806,-1.54905,-5.79397,0.106172,0.0411306,0.0407389,15.0275,45.7389,-45.726,9644518
-7.52497,-1.53468,-5.56173,0.0226364,0.0756374,0.0541952,15.5707,46.65,-45.5508,9701954
-7.61835,-1.53229,-5.67186,0.0478171,0.0376666,0.0420712,15.5707,46.65,-45.5508,9774987
-7.63271,-1.54665,-5.73411,0.100577,-0.0273503,0.0346103,15.0275,45.7389,-47.4779,9835734
-7.72369,-1.63045,-5.54736,0.044886,0.0491244,0.0447358,15.0275,45.7389,-47.4779,9892962
-7.62792,-1.47243,-5.92565,0.0672688,-0.0354774,0.0496654,15.3896,46.4678,-45.726,9951704
-7.69736,-1.70946,-5.12838,-0.0375841,0.123334,0.0617894,15.3896,46.4678,-45.726,10010377
-7.8434,-1.55862,-5.65989,0.173721,-0.0125616,0.0528629,15.3896,46.4678,-45.726,10067685
-7.62314,-1.58736,-5.70059,0.0280989,0.0319376,0.0479334,13.9412,45.3744,-46.4267,10143192
-7.7189,-1.47243,-5.68623,0.00278494,0.0298059,0.037941,15.5707,45.5566,-46.2516,10200811
-7.89129,-1.47243,-5.38456,0.011445,0.0996191,0.0533959,15.5707,45.5566,-46.2516,10260966
-7.58243,-1.30484,-5.64074,0.0646042,0.0612485,0.0541952,13.5791,46.1033,-46.0764,10322245
-7.66863,-1.38385,-5.69102,0.0439534,0.00196059,0.0306133,13.5791,46.1033,-46.0764,10379668
-7.75003,-1.34075,-5.4899,0.030497,0.0673771,0.0346103,13.5791,46.1033,-46.0764,10452086
-7.71651,-1.33596,-5.70059,0.0837895,0.0296727,0.0203545,13.5791,46.1033,-46.0764,10515206
-7.7213,-1.24977,-5.77242,0.0504817,0.0560524,0.00756432,13.5791,47.1967,-47.1275,10572848
-7.69257,-1.32878,-5.72453,0.0660697,0.0319376,0.0031677,13.5791,47.1967,-47.1275,10631253
-7.54413,-1.38385,-5.86579,0.0991111,-0.0129613,-0.000562772,15.3896,44.6455,-47.4779,10689828
-7.72609,-1.45089,-5.5737,-0.00893941,0.0564522,-0.0117542,15.3896,44.6455,-47.4779,10749376
-7.67581,-1.45328,-5.65271,0.0203714,0.00635722,-0.00948925,14.6654,47.1967,-47.8283,10825733
-7.71412,-1.51792,-5.68144,0.00278494,0.00822246,-0.0170834,14.6654,47.1967,-47.8283,10884172
-7.65905,-1.50356,-5.7389,-0.024794,0.0168825,-0.0162841,14.4844,45.5566,-47.3027,10945025
-7.68299,-1.51313,-5.66468,-0.0270589,-0.0027025,-0.0106884,14.4844,45.5566,-47.3027,11006761
-7.6782,-1.49877,-5.48512,-0.0482426,-0.0160256,0.00663172,14.8465,45.1922,-46.2516,11065026
-7.66623,-1.48201,-5.54018,-0.00627479,-0.0234866,0.00436679,14.8465,45.1922,-46.2516,11140041
-7.85777,-1.46525,-5.43244,-0.0626316,-0.00363512,0.0118277,13.5791,45.7389,-47.1275,11203051
-7.80031,-1.38145,-5.56652,-0.0160007,-0.0330792,-0.00469294,13.5791,45.7389,-47.1275,11261174
-7.82186,-1.38145,-5.43005,0.00465018,-0.0276167,-0.011088,14.1223,44.8277,-45.9012,11319338
-7.82186,-1.4054,-5.54976,0.0435537,-0.0489337,0.0078308,14.1223,44.8277,-45.9012,11378252
-7.86974,-1.45328,-5.26724,-0.0179991,9.53581e-05,-0.00136216,15.3896,45.7389,-44.6748,11436816
-7.86734,-1.38864,-5.43005,0.0520805,-0.0489337,0.0118277,15.3896,45.7389,-44.6748,11512663
-7.89607,-1.41018,-5.3271,0.0320958,-0.00310219,0.0256838,14.3033,45.7389,-43.974,11570062
-7.91283,-1.43173,-5.29118,0.0543454,0.00555784,0.0256838,14.3033,45.7389,-43.974,11627729
-7.89607,-1.44849,-5.3271,0.0532795,0.0075563,0.0256838,13.217,46.4678,-45.726,11692734
-7.8865,-1.47483,-5.29118,0.0295644,0.0276742,0.0316792,13.217,46.4678,-45.726,11750733
-7.89847,-1.44849,-5.284,0.0299641,0.0156834,0.0276822,14.3033,47.1967,-45.3756,11808470
-7.8027,-1.403,-5.49469,0.0367589,0.00236029,0.0243515,14.3033,47.1967,-45.3756,11884152
-7.90326,-1.49398,-5.31752,-0.0453115,0.00515814,0.0102289,14.4844,47.3789,-46.2516,11941711
-7.91044,-1.403,-5.284,-0.00267756,-0.00310219,0.0138262,14.4844,47.3789,-46.2516,12000562
-7.86974,-1.4461,-5.21696,-0.0465106,0.0159499,0.0147588,13.5791,46.4678,-45.726,12058253
-7.9679,-1.36948,-5.33428,-0.0318551,-0.00683266,0.0100957,13.5791,46.4678,-45.726,12115973
-7.90805,-1.36709,-5.33189,-0.0108046,-0.00376835,0.0123607,12.8549,48.6545,-47.1275,12187948
-7.92241,-1.31681,-5.23372,-0.0145352,0.00835569,0.0142259,12.8549,48.6545,-47.1275,12245380
-7.94396,-1.36948,-5.18105,-0.02546,0.0243434,0.00383386,13.217,47.5611,-45.726,12304054
-7.96311,-1.30484,-5.27443,-0.0118705,0.0156834,0.0070314,13.217,47.5611,-45.726,12362621
-7.98945,-1.2785,-5.23133,0.00957972,0.0174154,0.0134265,11.2254,48.1078,-46.2516,12420087
-7.98227,-1.28329,-5.30555,-0.0122702,0.0174154,0.0122274,11.2254,48.1078,-46.2516,12478422
-7.8865,-1.29287,-5.22894,-0.00720742,0.0199468,0.0158247,14.1223,49.5656,-43.7988,12552754
-7.91523,-1.23541,-5.31034,0.0931157,-0.00763205,0.0156914,14.1223,49.5656,-43.7988,12610931
-8.04451,-1.24977,-5.19781,0.0139764,0.0190142,0.0270161,12.1307,47.1967,-46.0764,12673238
-7.92241,-1.29766,-5.1619,0.0299641,0.0432623,0.0235521,12.1307,47.1967,-46.0764,12731292
-7.98466,-1.28569,-5.18584,0.0230361,0.0532546,0.0246179,12.1307,49.0189,-43.974,12788934
-7.99903,-1.23301,-5.17387,0.0243684,0.070175,0.0160911,12.1307,49.0189,-43.974,12864769
-7.98227,-1.30005,-5.20739,0.0446195,0.0559192,0.0134265,13.5791,47.1967,-44.6748,12924140
-7.93678,-1.30484,-5.27203,0.0917833,0.0392653,0.016624,13.5791,47.1967,-44.6748,12982055
-7.93917,-1.33357,-5.22415,0.069667,0.0511229,0.0180896,11.9496,46.65,-44.1492,13040496
-7.9272,-1.29287,-5.24091,0.0582091,0.0544537,0.0106286,11.9496,46.65,-44.1492,13102416
-7.93438,-1.42694,-5.27682,0.0487497,0.0459269,0.0176899,12.3117,48.4723,-44.1492,13161226
-8.00381,-1.35512,-5.23851,0.0559442,0.0808335,0.0112948,12.3117,48.4723,-44.1492,13236444
-7.82904,-1.30723,-5.30076,0.0515476,0.0215456,0.0158247,13.0359,47.3789,-45.5508,13294071
-7.95354,-1.39582,-5.14753,0.021304,0.0603158,0.00823048,13.0359,47.3789,-45.5508,13354377
-8.00142,-1.37188,-5.3654,0.119629,0.0886941,0.0130268,12.6738,47.3789,-45.9012,13415551
-7.96311,-1.30963,-5.50427,0.0249013,0.124933,0.00436679,12.6738,47.3789,-45.9012,13472986
-7.88171,-1.34554,-5.29837,0.0630054,0.0421964,0.00623201,12.4928,47.1967,-46.7771,13530693
-7.81467,-1.37906,-5.31752,0.0827236,0.0497906,0.0163576,12.4928,47.1967,-46.7771,13605102
-7.90326,-1.42216,-5.38695,0.0249013,0.054054,0.0175567,12.8549,45.3744,-44.3244,13663740
-7.91283,-1.41737,-5.46596,0.033961,0.0243434,0.00996249,12.8549,45.3744,-44.3244,13726456
-7.80031,-1.2809,-5.41808,0.0654036,0.0355348,0.0308798,13.9412,46.8322,-44.6748,13785433
-7.87213,-1.38145,-5.40132,0.0815246,0.0170157,0.0286149,13.9412,46.8322,-44.6748,13844292
-7.87213,-1.403,-5.41808,0.078327,0.043129,0.032745,14.8465,47.0144,-45.5508,13917615
-7.90326,-1.41976,-5.31991,0.0785935,0.0536543,0.0294142,14.8465,47.0144,-45.5508,13980164
-7.91523,-1.44849,-5.36062,0.0558109,0.0468595,0.027549,13.217,47.5611,-45.726,14040554
-7.8865,-1.4437,-5.38935,0.06567,0.0461933,0.0179564,13.217,47.5611,-45.726,14101715
-7.91762,-1.36469,-5.53539,0.105106,0.0347355,0.0246179,13.9412,47.5611,-46.7771,14159111
-7.87453,-1.4868,-5.25288,0.00904679,0.0889606,0.0286149,13.9412,47.5611,-46.7771,14219539
-7.86016,-1.45567,-5.47314,0.0803255,0.0443281,0.0226195,14.1223,47.0144,-45.9012,14291722
-7.78355,-1.4437,-5.37019,0.084056,0.0543204,0.0255505,14.1223,47.0144,-45.9012,14349480
-7.86256,-1.49398,-5.41089,0.0105123,0.0603158,0.0255505,13.5791,47.5611,-44.6748,14408706
-7.80988,-1.50595,-5.45638,0.0504817,0.0423297,0.0226195,13.5791,47.5611,-44.6748,14466509
-7.77397,-1.46286,-5.52103,0.0482168,0.0408641,0.0288813,13.7602,46.65,-45.2004,14525694
-7.80031,-1.52511,-5.49948,0.0302306,0.0290065,0.0239518,13.7602,46.65,-45.2004,14583584
-7.81467,-1.44131,-5.38935,0.0528799,0.0263419,0.027549,13.217,47.5611,-46.4267,14655203
-7.83622,-1.47004,-5.43005,0.0534128,0.0389989,0.0331447,13.217,47.5611,-46.4267,14712782
-7.76918,-1.43891,-5.46357,0.0454189,0.0392653,0.0334112,14.1223,47.7433,-46.6019,14771201
-7.79791,-1.46286,-5.4492,0.0792596,0.0520555,0.0334112,14.1223,47.7433,-46.6019,14828619
-7.79313,-1.42216,-5.40611,0.0484832,0.0605823,0.0326118,13.217,47.1967,-45.3756,14890578
-7.8051,-1.48201,-5.43484,0.083523,0.0504568,0.0391401,13.217,47.1967,-45.3756,14948735
-7.71172,-1.4461,-5.59764,0.118563,0.0207462,0.0302136,15.0275,46.4678,-45.3756,15022369
-7.81946,-1.4868,-5.43723,0.053546,0.0484583,0.0366087,15.0275,46.4678,-45.3756,15083423
-7.70454,-1.47243,-5.43962,0.0849886,0.0495241,0.0371417,13.398,46.2855,-46.9523,15140670
-7.75003,-1.43413,-5.46357,0.0957803,0.0404644,0.0427374,13.398,46.2855,-46.9523,15200631
-7.78594,-1.49159,-5.4923,0.0626057,0.0595165,0.0430038,15.7518,47.1967,-45.726,15259381
-7.73806,-1.47483,-5.54736,0.085255,0.0411306,0.0408721,15.7518,47.1967,-45.726,15331907
-7.74045,-1.51074,-5.55215,0.102309,0.0388656,0.0508645,14.1223,45.5566,-45.2004,15394283
-7.75961,-1.51313,-5.48512,0.097912,0.0519223,0.0466011,14.1223,45.5566,-45.2004,15451854
-7.75242,-1.52032,-5.59285,0.0856547,0.0441949,0.0468675,14.4844,45.9211,-45.9012,15509581
-7.73806,-1.52511,-5.48272,0.0812581,0.0469927,0.0410054,14.4844,45.9211,-45.9012,15568372
-7.72609,-1.51792,-5.54976,0.06567,0.0351352,0.0363423,14.6654,45.7389,-46.4267,15629539
-7.74524,-1.55384,-5.44441,0.0550115,0.0440616,0.0267496,14.6654,45.7389,-46.4267,15700059
-7.75961,-1.52032,-5.56173,0.0402229,0.0401979,0.0207542,14.3033,46.1033,-46.7771,15762020
-7.76679,-1.51553,-5.46596,0.0348937,0.0364675,0.0259502,14.3033,46.1033,-46.7771,15819682
-7.69975,-1.54665,-5.54258,0.0331616,0.0251428,0.0303469,14.3033,47.1967,-45.726,15877384
-7.75003,-1.54905,-5.52103,0.0400896,0.0387324,0.0272825,14.3033,47.1967,-45.726,15935816
-7.78355,-1.5682,-5.50666,0.0526134,0.0163496,0.0255505,15.3896,45.3744,-45.0252,15994209
-7.82904,-1.52032,-5.48512,0.0464848,0.0282071,0.0282152,15.3896,45.3744,-45.0252,16065041
-7.79073,-1.55623,-5.48512,0.0527466,0.0176819,0.0299472,15.3896,45.01,-46.0764,16123375
-7.73566,-1.59693,-5.58088,0.0659365,0.00662369,0.0346103,15.3896,45.01,-46.0764,16184668
-7.81707,-1.48201,-5.4923,0.0292979,0.0367339,0.0416715,13.7602,46.65,-45.9012,16243554
-7.84819,-1.54426,-5.41808,0.0412887,0.0360678,0.0442029,13.7602,46.65,-45.9012,16305284
-7.81946,-1.59214,-5.4899,0.0463516,0.0224782,0.0608568,15.0275,47.9256,-46.4267,16378078
-7.78834,-1.59693,-5.47554,-0.00640801,0.0130188,0.0881692,15.0275,47.9256,-46.4267,16436708
-7.81228,-1.37667,-5.54976,-0.0397158,0.0211459,0.111085,14.3033,47.5611,-47.1275,16495670
-7.89607,-1.36709,-5.26724,-0.0270589,0.0704414,0.113883,14.3033,47.5611,-47.1275,16558451
-7.86734,-1.12767,-5.41089,0.125091,0.039665,0.106688,12.8549,46.8322,-46.7771,16616887
-7.78355,-1.03908,-5.43723,0.0981784,0.0457937,0.098428,12.8549,46.8322,-46.7771,16678618
-7.86016,-1.14922,-5.42047,0.104041,0.0591168,0.0879027,12.6738,48.1078,-45.9012,16749383
-7.82425,-1.26174,-5.48033,0.168525,0.0250096,0.0699165,12.6738,48.1078,-45.9012,16809888
-7.91044,-1.20668,-5.48033,0.182247,0.0154169,0.0720482,14.3033,46.8322,-46.0764,16870801
-7.90805,-1.30005,-5.39174,0.143211,0.0536543,0.0664525,14.3033,46.8322,-46.0764,16928621
-7.89368,-1.22344,-5.46836,0.170789,0.0497906,0.0825735,13.9412,46.1033,-46.0764,16986335
-7.83383,-1.26414,-5.32231,0.162529,0.0715073,0.0946975,13.9412,46.1033,-46.0764,17044773
-7.85777,-1.30723,-5.38695,0.14401,0.0809667,0.0920329,13.7602,46.65,-46.6019,17116504
-7.79791,-1.36469,-5.4516,0.165993,0.0613817,0.0873698,13.7602,46.65,-46.6019,17174001
-7.77158,-1.34794,-5.4492,0.145742,0.0681765,0.0768445,12.4928,47.1967,-46.0764,17232008
-7.81707,-1.38385,-5.48512,0.112168,0.0509897,0.0611233,12.4928,47.1967,-46.0764,17289616
-7.78834,-1.39103,-5.53539,0.0952474,0.0543204,0.0460681,14.4844,47.3789,-47.3027,17350802
-7.78115,-1.37667,-5.53779,0.0776609,0.0424629,0.040206,14.4844,47.3789,-47.3027,17422376
-7.82186,-1.35751,-5.49469,0.0526134,0.0455272,0.0296807,14.1223,46.2855,-45.9012,17480902
-7.79552,-1.35033,-5.50427,0.0440866,0.0399315,0.0247511,14.1223,46.2855,-45.9012,17539448
-7.78355,-1.30484,-5.49948,0.0331616,0.0372669,0.0207542,15.2086,44.4633,-45.5508,17597933
-7.73806,-1.3623,-5.62877,0.0408891,0.0267416,0.0078308,15.2086,44.4633,-45.5508,17655552
-7.81707,-1.32399,-5.59046,0.0286318,0.0176819,0.00609879,15.2086,45.5566,-45.9012,17713908
-7.75003,-1.33118,-5.49709,0.00838062,0.0423297,0.00116923,15.2086,45.5566,-45.9012,17788236
-7.79073,-1.2809,-5.61679,0.0261004,0.0192806,-2.9847e-05,15.7518,45.7389,-45.726,17845712
-7.78115,-1.28808,-5.41089,0.00918001,0.0397982,0.00863019,15.7518,45.7389,-45.726,17904280
-7.81467,-1.3216,-5.43484,0.00624892,0.0457937,0.00902987,14.6654,45.7389,-47.4779,17965471
-7.80749,-1.30245,-5.54736,0.0700667,0.0226114,0.0140927,14.6654,45.7389,-47.4779,18023321
-7.81707,-1.29526,-5.48272,0.0560774,0.0517891,0.0164908,13.7602,45.1922,-45.2004,18084773
-7.83622,-1.32878,-5.45638,0.0725981,0.0485915,0.0216868,13.7602,45.1922,-45.2004,18155858
-7.77637,-1.4054,-5.55455,0.0745965,0.0423297,0.0274158,13.5791,45.3744,-46.7771,18216321
-7.76679,-1.39582,-5.52103,0.0888523,0.0416635,0.0288813,13.5791,45.3744,-46.7771,18277444
-7.8027,-1.43891,-5.51385,0.0701999,0.0404644,0.0282152,13.9412,46.8322,-46.7771,18335331
-7.72369,-1.41258,-5.4923,0.0602076,0.018881,0.0284816,13.9412,46.8322,-46.7771,18392649
-7.8051,-1.47243,-5.46596,0.0520805,0.0463266,0.031013,15.2086,45.9211,-46.6019,18467976
-7.75482,-1.42694,-5.60004,0.110835,0.00569107,0.0259502,15.2086,45.9211,-46.6019,18527138
-7.83383,-1.45328,-5.42047,0.000653237,0.0385992,0.0247511,14.3033,46.8322,-46.0764,18585041
-7.75961,-1.47722,-5.47793,0.0502152,0.0267416,0.0159579,14.3033,46.8322,-46.0764,18647313
-7.8027,-1.40061,-5.49469,0.0474174,0.0276742,0.00649849,13.9412,45.7389,-47.1275,18705025
-7.86495,-1.46286,-5.56412,-0.00760713,0.043662,-0.015085,13.9412,45.7389,-47.1275,18762868
-7.75721,-1.37906,-5.52821,0.046618,0.0216788,-0.0129533,14.4844,45.5566,-47.3027,18837790
-7.79791,-1.37188,-5.50427,0.0390238,0.034469,-0.00815694,14.4844,45.5566,-47.3027,18896332
-7.77158,-1.38385,-5.53539,0.0045169,0.0421964,-0.00735757,14.8465,45.9211,-46.2516,18956695
-7.75482,-1.38385,-5.51145,0.0237022,0.0370004,0.000636309,14.8465,45.9211,-46.2516,19017886
-7.78115,-1.38864,-5.48751,0.028765,0.0368672,0.00543264,15.2086,47.0144,-45.2004,19075439
-7.75242,-1.47004,-5.47793,0.032229,0.0346022,0.0087634,15.2086,47.0144,-45.2004,19134124
-7.74045,-1.42694,-5.533,0.0383577,0.0262087,0.0111616,15.3896,46.1033,-45.726,19212232
-7.76918,-1.47004,-5.50187,0.0351601,0.0304721,0.0203545,15.3896,46.1033,-45.726,19269914
-7.76439,-1.45567,-5.51863,0.0478171,0.025809,0.0267496,15.3896,46.1033,-46.7771,19327718
-7.74524,-1.46765,-5.49709,0.0388906,0.0162163,0.0346103,15.3896,46.1033,-46.7771,19392140
-7.76679,-1.48919,-5.533,0.0715322,0.0256757,0.0246179,15.5707,45.9211,-46.6019,19450365
-7.762,-1.42694,-5.57849,0.0865873,0.0111535,0.0378078,15.5707,45.9211,-46.6019,19522531
-7.8027,-1.40779,-5.48033,0.0745965,0.034469,0.031013,14.6654,46.4678,-46.4267,19585108
-7.8027,-1.4844,-5.50187,0.0704664,0.034469,0.0306133,14.6654,46.4678,-46.4267,19642680
-7.72609,-1.45567,-5.5737,0.121227,0.0199468,0.0239518,13.398,47.0144,-46.6019,19699943
-7.82425,-1.50356,-5.37498,0.0507481,0.05059,0.0170237,13.398,47.0144,-46.6019,19758351
-7.74763,-1.55144,-5.48751,0.0716655,0.0312715,0.018889,13.398,45.5566,-45.5508,19816291
-7.78834,-1.53229,-5.53779,0.0721984,0.0339361,0.01316,13.398,45.5566,-45.5508,19889502
-7.79552,-1.57299,-5.43723,0.055278,0.0376666,0.0122274,16.2949,46.65,-47.3027,19946833
-7.77397,-1.52271,-5.44202,0.0443531,0.0363342,0.0112948,16.2949,46.65,-47.3027,20005254
-7.75961,-1.5706,-5.4899,0.0491494,0.0485915,0.00756432,14.8465,47.0144,-46.6019,20066625
-7.7189,-1.57538,-5.44202,0.0430208,0.0291398,0.0104954,14.8465,47.0144,-46.6019,20124004
-7.79791,-1.57299,-5.54018,0.0482168,0.0279407,0.00649849,14.8465,44.8277,-45.2004,20184383
-7.69257,-1.53229,-5.46596,0.102842,0.0150172,0.0110283,14.8465,44.8277,-45.2004,20258941
-7.84101,-1.6113,-5.31273,-1.29342e-05,0.044861,0.0122274,15.0275,45.7389,-47.1275,20316426
-7.75721,-1.59454,-5.38216,0.0470177,0.0363342,0.0056991,15.0275,45.7389,-47.1275,20376271
-7.83383,-1.62087,-5.27682,0.0198385,0.0591168,0.00729787,15.5707,46.65,-46.2516,20437515
-7.8458,-1.60411,-5.41808,0.0250345,0.0672439,-0.00162862,15.5707,46.65,-46.2516,20495486
-7.76439,-1.59454,-5.54497,0.0745965,0.0595165,-0.00176184,15.5707,45.1922,-47.3027,20570764
-7.78355,-1.66158,-5.49948,0.043154,0.0769697,-0.00855665,15.5707,45.1922,-47.3027,20629451
-7.68299,-1.69749,-5.43962,0.0584756,0.0568519,-0.0248109,16.657,46.2855,-46.2516,20687099
-7.72369,-1.69031,-5.48272,0.0239687,0.0524552,-0.0201478,16.657,46.2855,-46.2516,20745378
-7.72369,-1.72143,-5.46836,0.0368921,0.0319376,-0.0248109,16.8381,45.3744,-47.8283,20804009
-7.76679,-1.68073,-5.44681,0.018373,0.0146176,-0.0333377,16.8381,45.3744,-47.8283,20861824
-7.73088,-1.74537,-5.4492,0.0374251,0.0190142,-0.0322718,16.476,46.1033,-46.4267,20936947
-7.74045,-1.73819,-5.48033,0.0303638,0.00116121,-0.0334709,16.476,46.1033,-46.4267,20994509
-7.76439,-1.85311,-5.57131,0.0119779,0.0172822,-0.0390666,16.8381,47.1967,-46.7771,21054650
-7.68299,-1.82438,-5.45878,0.0667359,0.0244767,-0.0366684,16.8381,47.1967,-46.7771,21116349
-7.72848,-1.93691,-5.33189,-0.0374509,0.0248764,-0.0360023,15.5707,47.0144,-46.6019,21173904
-7.71172,-1.82917,-5.59046,0.0395567,-0.018557,-0.0378675,15.5707,47.0144,-46.6019,21233964
-7.77637,-1.86508,-5.54976,0.0110452,-0.0048342,-0.0266761,17.3812,47.0144,-45.5508,21307074
-7.70933,-1.89381,-5.37259,-0.0503743,0.00515814,-0.023745,17.3812,47.0144,-45.5508,21364682
-7.66623,-1.91057,-5.48751,0.0271662,-0.0082982,-0.0125536,17.7434,46.2855,-46.2516,21423128
-7.71412,-1.83156,-5.46357,0.00331786,-0.000171104,0.0014357,17.7434,46.2855,-46.2516,21481730
-7.72848,-1.89381,-5.33667,0.0171739,0.00888862,0.00450002,16.1139,47.5611,-45.726,21540135
-7.78834,-1.87227,-5.38216,0.0507481,0.00116121,0.014892,16.1139,47.5611,-45.726,21616224
-7.82664,-1.88424,-5.37498,0.0675353,0.018881,0.0138262,16.476,46.8322,-45.3756,21675062
-7.78594,-1.94409,-5.10204,-0.0066745,0.148781,0.0127603,16.476,46.8322,-45.3756,21736142
-7.76679,-1.90818,-5.60722,0.121627,0.048858,-0.000429526,17.2002,46.1033,-45.3756,21797173
-7.68778,-1.97522,-5.46117,-0.0694264,0.103483,-0.0245444,17.2002,46.1033,-45.3756,21855857
-7.77158,-1.84353,-5.52342,0.0539457,-0.0260179,-0.0320053,17.0191,46.65,-46.6019,21916373
-7.70454,-2.01831,-5.50906,-0.000679076,-0.0261512,-0.0329379,17.0191,46.65,-46.6019,21988327
-7.85298,-2.09014,-5.3271,-0.0682273,0.0355348,-0.0562534,17.7434,45.9211,-45.9012,22047229
-7.65426,-1.95367,-5.44441,-0.0498414,0.0244767,-0.0566531,17.7434,45.9211,-45.9012,22109196
-7.66384,-2.1045,-5.22415,-0.124451,0.0755042,-0.0314724,16.1139,46.8322,-45.3756,22167083
-7.78355,-1.9393,-5.3271,-0.0736897,0.0228779,-0.0196148,16.1139,46.8322,-45.3756,22224828
-7.74285,-1.89381,-5.54258,-0.0543713,0.0479254,-0.0136194,16.1139,47.1967,-45.726,22297696
-7.52019,-1.83396,-5.56652,-0.0250604,0.0435287,0.0115613,16.1139,47.1967,-45.726,22356457
-7.72369,-1.98719,-5.46117,-0.0722242,0.0564522,0.00463325,15.3896,47.9256,-45.726,22415851
-7.61835,-1.88424,-5.782,-0.0519731,0.00275998,0.0199548,15.3896,47.9256,-45.726,22473456
-7.64708,-1.82438,-5.51863,-0.011604,0.0336696,0.0395398,15.3896,47.1967,-47.1275,22531428
-7.73806,-1.7334,-5.45399,-0.00201139,0.031005,0.0450023,15.3896,47.1967,-47.1275,22590060
-7.61835,-1.67355,-5.50187,0.0422214,0.013152,0.0493989,15.9328,46.65,-45.9012,22661801
-7.73088,-1.72622,-5.3654,0.0420881,0.0755042,0.0577925,15.9328,46.65,-45.9012,22720097
-7.66144,-1.67594,-5.2433,0.0419549,0.0544537,0.061523,13.7602,46.2855,-46.2516,22781285
-7.67102,-1.73819,-5.59525,0.0943148,0.00395906,0.0529962,13.7602,46.2855,-46.2516,22839367
-7.72609,-1.63763,-5.61919,0.0955138,0.0608488,0.0577925,14.1223,48.1078,-45.2004,22900751
-7.65426,-1.72861,-5.4899,0.101909,0.0308718,0.0552611,14.1223,48.1078,-45.2004,22958792
-7.77637,-1.70467,-5.95198,0.0864541,-0.00843144,0.0364755,15.3896,47.1967,-45.726,23031015
-7.59919,-1.68791,-5.59285,0.128022,0.0415303,0.0451355,15.3896,47.1967,-45.726,23090459
-7.79073,-1.84832,-5.41808,0.042621,0.0427293,0.0428706,16.2949,45.9211,-45.9012,23149184
-7.70454,-1.7358,-5.54736,0.0935154,0.00649045,0.0537955,16.2949,45.9211,-45.9012,23206808
-7.83143,-1.79565,-5.44202,0.0877864,0.055786,0.0403392,14.4844,46.2855,-45.5508,23268906
-7.67102,-1.78129,-5.41329,0.0598079,0.0226114,0.0484663,14.4844,46.2855,-45.5508,23340978
-7.80988,-1.81002,-5.39174,0.0563439,0.0604491,0.0386072,15.7518,45.3744,-45.726,23401905
-7.73327,-1.80044,-5.30316,0.0367589,0.0359345,0.048866,15.7518,45.3744,-45.726,23462892
-7.75482,-1.74537,-5.51385,0.0815246,0.0276742,0.0420712,16.2949,46.65,-48.3539,23520673
-7.72848,-1.79326,-5.40132,0.0139764,0.0773695,0.0432703,16.2949,46.65,-48.3539,23578251
-7.78355,-1.72622,-5.533,0.0793929,0.0479254,0.04367,15.0275,46.1033,-46.7771,23636706
-7.76918,-1.70707,-5.43962,0.00318465,0.084031,0.0612565,15.0275,46.1033,-46.7771,23709585
-7.78834,-1.8172,-5.53779,0.0271662,0.0640463,0.0543285,14.6654,46.1033,-45.0252,23767274
-7.65905,-1.59693,-5.6551,0.0812581,0.0480586,0.0672519,14.6654,46.1033,-45.0252,23825696
-7.74285,-1.7334,-5.51624,0.0242352,0.0807002,0.0559272,15.2086,44.4633,-47.6531,23884218
-7.64947,-1.64242,-5.64313,0.025301,0.0561857,0.0675184,15.2086,44.4633,-47.6531,23942101
-7.66623,-1.62327,-5.47554,0.0547451,0.0651122,0.0647205,15.0275,47.1967,-46.0764,24003911
-7.6806,-1.55862,-5.71496,0.0282321,0.0284736,0.0611233,15.0275,47.1967,-46.0764,24076057
-7.63989,-1.59454,-5.6575,0.05701,0.0500571,0.0524632,14.3033,46.4678,-47.8283,24138503
-7.62074,-1.56102,-5.63355,0.0539457,0.043129,0.0583254,14.3033,46.4678,-47.8283,24200050
-7.66384,-1.54187,-5.68623,0.0624725,0.0164828,0.0604571,14.8465,45.5566,-46.6019,24258952
-7.66384,-1.56102,-5.77002,0.0440866,0.0252761,0.0476669,14.8465,45.5566,-46.6019,24320018
-7.64947,-1.49638,-5.60243,0.0781938,0.01142,0.0472672,14.6654,45.7389,-46.7771,24395670
-7.75482,-1.53708,-5.59525,0.0688676,0.0211459,0.0524632,14.6654,45.7389,-46.7771,24455195
-7.68778,-1.53708,-5.62637,0.0647374,0.0411306,0.0476669,14.8465,45.5566,-46.2516,24513681
-7.75482,-1.54665,-5.57849,0.078327,0.0417967,0.0460681,14.8465,45.5566,-46.2516,24572038
-7.69496,-1.51074,-5.48512,0.032762,0.0503235,0.0520635,14.3033,45.7389,-46.4267,24629570
-7.66384,-1.5275,-5.66947,0.0935154,0.0224782,0.0472672,14.3033,45.7389,-46.4267,24692070
-7.77158,-1.49398,-5.58567,0.0704664,0.0388656,0.0552611,13.5791,46.1033,-46.0764,24764015
-7.7213,-1.52032,-5.57131,0.043154,0.0551198,0.0422044,13.5791,46.1033,-46.0764,24824278
-7.71172,-1.51313,-5.65271,0.0808584,0.0388656,0.0467343,14.1223,46.2855,-45.5508,24882991
-7.81228,-1.4844,-5.42526,0.0387573,0.148915,0.0412718,14.1223,46.2855,-45.5508,24940822
-7.59441,-1.49159,-5.59764,-0.00440958,0.0727063,0.0645873,13.398,45.9211,-48.0035,24999868
-7.61595,-1.46525,-5.74848,0.145476,0.0381995,0.0617894,13.398,45.9211,-48.0035,25060625
-7.59441,-1.56102,-5.6575,0.0666027,0.0477921,0.0392734,13.398,46.2855,-46.6019,25159803
-7.65187,-1.4868,-5.74608,0.104973,0.0497906,0.0466011,13.398,46.2855,-46.6019,25218259
-7.53216,-1.4461,-5.71017,0.0137099,0.018881,0.0608568,14.3033,46.8322,-46.7771,25275668
-7.69017,-1.46765,-5.60961,0.0331616,0.0319376,0.0577925,14.3033,46.8322,-46.7771,25340476
-7.6806,-1.403,-5.6982,0.105639,0.00129444,0.0456685,13.7602,45.1922,-48.0035,25398639
-7.65905,-1.43652,-5.71256,0.0578094,0.0392653,0.0513974,13.7602,45.1922,-48.0035,25469584
-7.75482,-1.41018,-5.63595,0.099644,0.0358013,0.0451355,13.5791,46.1033,-47.8283,25531915
-7.65905,-1.33118,-5.75327,0.0479503,0.0190142,0.0493989,13.5791,46.1033,-47.8283,25589834
-7.74285,-1.47722,-5.64552,0.0893852,0.0615149,0.0446026,14.4844,45.5566,-47.6531,25647100
-7.6782,-1.41737,-5.59046,0.0414219,0.0356681,0.0432703,14.4844,45.5566,-47.6531,25709010
-7.74285,-1.41018,-5.72693,0.0618063,0.0591168,0.0400727,13.217,46.4678,-47.1275,25767498
-7.61835,-1.31681,-5.86819,0.0678017,0.0243434,0.0487328,13.217,46.4678,-47.1275,25836073
-7.57286,-1.4054,-5.63355,0.0153087,0.0352684,0.0612565,12.4928,46.8322,-47.4779,25894302
-7.6375,-1.38624,-5.84903,0.101909,-0.0515984,0.0581922,12.4928,46.8322,-47.4779,25955367
-7.70454,-1.35751,-5.4923,0.0571432,0.0375333,0.0780436,15.0275,44.6455,-47.1275,26016463
-7.66863,-1.37667,-5.54976,0.0519472,0.031005,0.068451,15.0275,44.6455,-47.1275,26078069
-7.7213,-1.31681,-5.75805,0.107238,-0.0114957,0.0732473,12.8549,46.8322,-46.0764,26136078
-7.72609,-1.32878,-5.56652,0.0532795,0.0384659,0.0729808,12.8549,46.8322,-46.0764,26207543
-7.74045,-1.2785,-5.63116,0.0867206,0.0371336,0.059791,14.4844,45.1922,-47.6531,26268740
-7.68299,-1.3216,-5.57609,0.0670024,0.0439284,0.0468675,14.4844,45.1922,-47.6531,26326381
-7.73566,-1.27611,-5.64313,0.0579426,0.0552531,0.0451355,14.4844,45.5566,-45.9012,26389428
-7.63989,-1.30245,-5.59525,0.0540789,0.0401979,0.0406057,14.4844,45.5566,-45.9012,26447929
-7.67102,-1.30484,-5.61679,0.0234358,0.0415303,0.0319456,13.5791,46.4678,-47.4779,26505696
-7.70933,-1.32878,-5.67665,-0.00281078,0.0359345,0.0198216,13.5791,46.4678,-47.4779,26576598
-7.78594,-1.21386,-5.64552,0.0154419,0.0385992,0.0106286,13.9412,45.01,-46.7771,26635279
-7.70454,-1.24977,-5.63116,-0.0033437,0.0339361,0.00609879,13.9412,45.01,-46.7771,26693213
-7.70454,-1.27132,-5.71735,-0.012137,0.0295394,0.00023663,13.5791,45.3744,-48.1787,26755656
-7.57525,-1.23301,-5.75566,0.0502152,0.0204797,-0.0153514,13.5791,45.3744,-48.1787,26818069
-7.67581,-1.09894,-5.67426,0.0508814,0.0203465,-0.0369349,13.0359,45.1922,-47.6531,26888511
-7.61835,-1.48201,-5.68144,-0.0255933,0.0126191,-0.057719,13.0359,45.1922,-47.6531,26950459
-7.71651,-1.50356,-5.78439,-0.0722242,-0.0360103,-0.038134,14.4844,44.4633,-47.3027,27009190
-7.69017,-1.4461,-5.6551,-0.107797,-0.0277499,-0.0260099,14.4844,44.4633,-47.3027,27073764
-7.66623,-1.36709,-5.62637,-0.115524,-0.0405402,-0.000429526,14.4844,44.4633,-47.3027,27134758
-7.8051,-1.29526,-5.4899,-0.13058,-0.00803174,0.0115613,14.4844,44.4633,-47.3027,27192673
-7.76679,-1.26414,-5.58328,-0.101802,-0.0241527,0.0178231,13.398,48.1078,-47.3027,27263798
-7.80749,-1.24977,-5.51385,-0.0660956,-0.0328128,0.0224862,12.6738,47.0144,-45.5508,27322132
-7.762,-1.21865,-5.4899,-0.0658291,-0.0282829,0.0151585,12.6738,47.0144,-45.5508,27379677
-7.79791,-1.13725,-5.41089,-0.067428,-0.0404069,0.00769755,12.6738,47.0144,-45.5508,27441100
-7.89847,-1.0726,-5.48033,-0.0335871,-0.0233533,0.00849695,12.6738,47.0144,-45.5508,27500227
-7.79073,-1.05345,-5.38935,0.011445,-0.04507,-0.000562772,12.3117,47.3789,-46.2516,27570953
-7.92002,-1.01993,-5.42047,0.0150422,-0.0412063,-0.00376031,12.3117,47.3789,-46.2516,27628840
-7.87932,-1.04866,-5.37737,0.0127773,-0.0400072,0.001036,12.3117,47.3789,-46.2516,27686751
-7.99663,-1.05824,-5.2433,0.0359595,-0.0192232,-0.000429526,11.7686,47.9256,-45.0252,27751019
-7.97987,-1.04387,-5.18584,0.0468845,-0.0257515,-0.00509262,11.7686,47.9256,-45.0252,27809103
-8.08522,-1.07739,-5.25767,0.0651371,-0.0158924,0.00503294,12.1307,47.1967,-45.726,27866880
-8.08043,-1.15161,-5.19063,0.0538125,0.0108871,0.00663172,13.217,49.0189,-43.6236,27938163
-8.02057,-1.13964,-5.17626,0.0743301,0.0175486,-0.00429325,13.217,49.0189,-43.6236,27995778
-8.10677,-1.18513,-5.19542,0.073131,0.0164828,0.00410032,13.217,49.0189,-43.6236,28053238
-8.06846,-1.16119,-5.23372,0.050082,0.00888862,0.0107619,14.6654,46.1033,-44.3244,28120474
-7.87692,-1.19471,-5.29837,0.0707328,-0.0360103,0.0399395,14.6654,46.1033,-44.3244,28178607
-7.91762,-1.29287,-5.21457,0.0276992,-0.0478679,0.0426041,10.5012,49.2012,-43.7988,28250972
-8.14028,-1.14682,-5.01106,-0.0141355,-0.032946,0.0352764,13.0359,49.5656,-44.4996,28310573
-8.18577,-1.02951,-5.06134,0.0732642,-0.0281497,0.0318124,13.0359,49.5656,-44.4996,28368390
-8.15465,-1.12767,-4.94642,0.0651371,-0.00643297,0.0460681,13.0359,49.5656,-44.4996,28429839
-8.09719,-1.16598,-4.96557,0.0912504,-0.0290823,0.0583254,13.0359,48.1078,-42.7477,28488490
-8.2552,-1.25935,-4.8315,0.0608737,0.00502491,0.0552611,13.0359,48.1078,-42.7477,28546482
-8.22408,-1.10373,-4.85783,0.0701999,0.0288733,0.0458017,12.3117,49.5656,-41.6965,28619492
-8.23126,-1.075,-4.82671,0.100044,0.021812,0.0430038,10.8633,51.0234,-43.098,28677138
-8.27436,-1.26174,-4.76207,0.0611402,0.0294062,0.0443361,10.8633,51.0234,-43.098,28738135
-8.26478,-1.14922,-4.9129,0.0849886,0.0377998,0.0448691,11.9496,50.2945,-43.098,28802561
-8.20253,-1.15161,-4.7884,0.0584756,0.0456604,0.0521968,11.9496,50.2945,-43.098,28860198
-8.24563,-1.17316,-4.7884,0.0683347,0.0463266,0.0468675,11.9496,50.2945,-43.098,28917716
-8.30309,-1.10133,-4.83868,0.0923163,0.054054,0.0504648,12.8549,49.3834,-44.3244,28989181
-8.30548,-1.09176,-4.8291,0.0563439,0.0733725,0.0525965,13.217,48.29,-44.3244,29047340
-8.24563,-1.13964,-4.86502,0.0809916,0.073639,0.0426041,13.217,48.29,-44.3244,29104824
-8.20253,-1.10612,-4.9536,0.0739304,0.06791,0.0434035,12.1307,49.0189,-43.6236,29172056
-8.15225,-1.13246,-4.96797,0.0567436,0.0585839,0.0394066,12.1307,49.0189,-43.6236,29231161
-8.16901,-1.12767,-4.94881,0.0474174,0.0571183,0.0300804,12.1307,49.0189,-43.6236,29302534
-8.11395,-1.1133,-5.02543,0.033961,0.0391321,0.0184893,11.7686,49.0189,-42.9228,29363055
-8.16423,-1.10851,-5.03022,0.039157,0.0356681,0.0219533,12.1307,47.1967,-43.2732,29421995
-8.20014,-1.11091,-4.94163,0.0423546,0.0401979,0.0150253,12.1307,47.1967,-43.2732,29487173
-8.2169,-1.1157,-4.98952,0.0408891,0.0364675,0.0100957,12.3117,48.1078,-44.1492,29544914
-8.18098,-1.06542,-5.04698,0.0394235,0.0412638,0.00543264,12.3117,48.1078,-44.1492,29602844
-8.23126,-1.08697,-5.07571,0.00971293,0.032737,0.0150253,12.3117,48.8367,-44.85,29676239
-8.19056,-1.13246,-5.12119,0.0733975,0.0195471,-0.00336063,12.3117,48.8367,-44.85,29733948
-8.23126,-1.11809,-4.9943,0.00251848,0.0424629,0.000503078,13.0359,50.2945,-42.7477,29791180
-8.20253,-1.20668,-4.88417,-0.0164004,0.0712408,-0.000163078,13.0359,50.2945,-42.7477,29852835
-8.06606,-1.03669,-4.95121,0.0614066,0.0533878,0.011428,12.6738,49.9301,-46.2516,29911557
-8.03015,-1.14682,-4.82671,0.00465018,0.0761704,0.00996249,12.6738,49.9301,-46.2516,29969471
-8.04451,-1.1157,-5.06373,0.0368921,0.0513894,0.0183561,14.3033,47.5611,-43.6236,30040974
-8.18098,-1.18513,-5.22175,0.0664694,0.0503235,0.0280819,14.3033,47.5611,-43.6236,30099239
-8.07325,-1.20668,-5.17147,0.0488829,0.0408641,0.0302136,11.0443,48.29,-44.3244,30161767
-8.04451,-1.13964,-5.13317,0.0524802,0.0271413,0.0368752,11.0443,48.29,-44.3244,30219705
-8.12352,-1.11809,-5.18105,0.0424878,0.0303388,0.0352764,11.0443,48.29,-44.3244,30277469
-8.11155,-1.10612,-5.1595,0.0487497,0.0339361,0.0416715,11.0443,48.29,-44.3244,30349791
-8.07803,-1.0726,-5.0781,0.0575429,0.0401979,0.0481998,11.5875,48.1078,-44.1492,30408474
-8.06128,-1.10851,-5.16669,0.0567436,0.0561857,0.0479334,11.5875,48.1078,-44.1492,30465852
-8.02536,-1.09415,-5.15711,0.0566103,0.0335364,0.0403392,11.7686,50.4767,-43.974,30527858
-8.05648,-1.1157,-5.25288,0.0383577,0.0331367,0.0386072,11.7686,50.4767,-43.974,30586523
-8.02057,-1.14203,-5.21696,0.0193056,0.0315379,0.0262167,11.7686,50.4767,-43.974,30643882
-8.06846,-1.12049,-5.10444,0.0367589,0.0315379,0.0202213,11.4064,50.8412,-44.6748,30716909
-7.93917,-1.01754,-5.13556,0.0780605,0.0142179,0.0271493,10.6822,47.1967,-44.3244,30774211
-8.12831,-1.16598,-5.02064,0.00131938,0.0328702,0.0198216,10.6822,47.1967,-44.3244,30835029
-8.0493,-1.06781,-5.08289,0.0562106,0.029273,0.0267496,10.6822,47.1967,-44.3244,30893195
-8.12592,-1.03669,-5.09246,0.0568768,0.0437952,0.0291478,10.6822,47.1967,-44.3244,30951774
-8.08043,-1.12288,-5.14753,0.0490162,0.0372669,0.0316792,10.6822,47.1967,-44.3244,31009393
-8.01818,-1.06781,-5.15471,0.0823239,0.0278074,0.0356761,11.9496,48.4723,-43.7988,31082062
-8.04451,-1.1133,-5.16429,0.0428875,0.0307385,0.0359426,11.9496,48.4723,-43.7988,31139965
-8.07803,-1.10373,-5.15232,0.0439534,0.0340693,0.0356761,11.9496,48.4723,-43.7988,31203078
-8.09479,-1.13725,-5.07331,0.0363592,0.0374001,0.0343438,11.9496,48.4723,-43.7988,31264390
-8.03494,-1.06302,-5.14753,0.0418217,0.0358013,0.0330115,11.9496,48.4723,-43.7988,31321765
-8.07803,-1.01035,-5.09246,0.0331616,0.0425961,0.0302136,11.9496,48.4723,-43.7988,31392526
-8.03254,-1.04627,-5.16429,0.0316961,0.0415303,0.0334112,13.0359,47.3789,-44.85,31454792
-8.0517,-1.03908,-5.17387,0.0408891,0.0383327,0.0332779,12.8549,49.0189,-43.6236,31515497
-8.00621,-1.03908,-5.11641,0.0319625,0.0417967,0.0364755,12.8549,49.0189,-43.6236,31573153
-8.09479,-1.01275,-5.20499,0.0455522,0.0302056,0.0318124,12.8549,49.0189,-43.6236,31631369
-8.10197,-1.04866,-5.07571,0.034494,0.0318044,0.0332779,12.8549,49.0189,-43.6236,31692845
-8.02057,-1.10133,-5.19302,0.0648707,0.0147508,0.0340773,11.7686,47.9256,-42.9228,31761530
-8.10437,-1.03908,-5.12359,0.0459518,0.0260754,0.0335444,11.7686,47.9256,-42.9228,31823079
-8.06606,-1.08936,-5.16669,0.0422214,0.0348687,0.0364755,12.1307,49.0189,-44.6748,31884726
-8.06846,-1.07978,-5.13077,0.0560774,0.032737,0.0443361,12.1307,49.0189,-44.6748,31945615
-8.03733,-1.08697,-5.01825,0.0777941,0.0168825,0.0447358,12.1307,50.1123,-45.3756,32006420
-8.10197,-1.09176,-5.01585,0.0206379,0.037933,0.0392734,12.1307,50.1123,-45.3756,32064611
-8.06128,-1.03429,-5.19781,0.0226364,0.0347355,0.0493989,11.9496,48.1078,-44.4996,32134583
-8.04212,-1.04866,-5.04219,0.0596746,0.0427293,0.0537955,11.9496,48.1078,-44.4996,32196870
-8.04212,-1.00317,-5.14993,0.0607405,0.0374001,0.0676516,11.4064,48.29,-43.2732,32255881
-8.10916,-0.907402,-5.18105,0.036226,0.0399315,0.0808415,11.4064,48.29,-43.2732,32317666
-8.1331,-0.845153,-5.17626,0.0229028,0.060982,0.0816409,12.4928,48.29,-43.2732,32376075
-8.07085,-0.799663,-5.18105,0.0515476,0.0385992,0.0696501,12.4928,48.29,-43.2732,32447985
-8.09958,-0.758962,-5.18584,0.0540789,0.0655119,0.0501983,12.3117,48.4723,-44.85,32511238
-8.11634,-0.749385,-5.26485,0.0626057,0.0703082,0.0383407,12.3117,48.4723,-44.85,32572078
-8.10437,-0.754173,-5.23372,0.0123776,0.0641796,0.0322121,10.5012,47.0144,-45.2004,32632209
-8.02057,-0.766144,-5.31034,0.0163745,0.0572515,0.000369847,10.5012,47.0144,-45.2004,32690723
-8.04451,-0.68953,-5.29597,-0.00867292,0.0587171,-0.01282,11.0443,48.6545,-46.7771,32748209
-8.06606,-0.754173,-5.24809,-0.0457112,0.0723067,-0.0228124,11.0443,48.6545,-46.7771,32819793
-8.05409,-0.694318,-5.26006,-0.0249272,0.0411306,-0.0281416,10.8633,46.65,-45.5508,32877833
-7.9679,-0.699107,-5.21457,-0.0411814,0.0533878,-0.0221462,10.8633,46.65,-45.5508,32938892
-7.99903,-0.835576,-5.30555,-0.0650298,0.032737,-0.0350696,10.6822,48.29,-44.3244,32997323
-8.03494,-0.768538,-5.32949,-0.0243942,0.0239437,-0.0332044,10.6822,48.29,-44.3244,33054765
-8.03733,-0.756567,-5.16908,-0.0303896,0.0435287,-0.0336041,11.0443,49.0189,-45.3756,33113106
-8.07803,-0.687136,-5.29358,0.0107788,0.0497906,-0.00935604,11.0443,49.0189,-45.3756,33185304
-8.04691,-0.723049,-5.06134,0.0572765,0.154643,0.0222198,9.77695,48.4723,-44.85,33245708
-7.95832,-0.723049,-5.41568,0.108837,0.0720402,0.0222198,9.77695,48.4723,-44.85,33309183
-8.02297,-0.761356,-5.4085,0.119495,0.0856298,0.0359426,9.958,48.6545,-46.0764,33367403
-7.96551,-0.761356,-5.59046,0.0928492,0.0735057,0.0354096,9.958,48.6545,-46.0764,33424939
-8.06367,-0.773327,-5.3678,0.0416884,0.0709743,0.0398063,10.3201,46.4678,-46.4267,33498317
-7.74045,-0.926556,-5.30076,0.0334281,0.0539208,0.0659196,10.3201,46.4678,-46.4267,33556708
-8.06846,-0.976834,-5.44202,-0.0325213,0.0439284,0.00596556,10.6822,46.8322,-46.0764,33620078
-7.8458,-0.727837,-5.41089,-0.0333207,0.029273,0.0048997,10.6822,46.8322,-46.0764,33681111
-8.06606,-0.778115,-5.32231,-0.0387832,0.085763,0.0227527,9.958,46.4678,-46.7771,33738993
-7.91523,-0.550666,-5.58806,0.0655368,0.0476589,0.0335444,9.958,46.4678,-46.7771,33799188
-7.86495,-0.68953,-5.31991,0.0987114,0.109212,0.0214204,10.8633,45.9211,-46.9523,33868702
-7.77158,-0.665588,-5.52821,0.157733,0.0925578,-0.0269426,10.8633,45.9211,-46.9523,33929406
-7.72609,-0.651223,-5.64313,0.289498,0.0712408,-0.0459946,11.4064,46.8322,-46.0764,33988189
-7.72609,-0.981623,-5.284,0.109903,0.0929575,-0.0634479,11.4064,46.8322,-46.0764,34049580
-7.71172,-0.881066,-6.05972,0.358779,-0.0278832,-0.00416002,11.0443,46.8322,-47.1275,34107207
-7.82186,-1.36469,-5.54018,0.0805919,0.0535211,0.0118277,11.0443,46.8322,-47.1275,34179971
-7.71412,-1.12288,-5.97832,0.253792,-0.0641221,0.131869,12.8549,45.7389,-46.4267,34239348
-7.89368,-1.43652,-5.57849,0.112701,0.0170157,0.124275,12.8549,45.7389,-46.4267,34302780
-7.82904,-1.43413,-5.4492,0.0526134,-0.0125616,0.0251508,11.9496,46.65,-45.9012,34363703
-7.9272,-1.13485,-5.46117,-0.0378506,0.0271413,0.0470008,11.9496,46.65,-45.9012,34421887
-7.86974,-1.03429,-5.4923,-0.0471768,-0.0484008,0.106155,12.3117,48.1078,-45.5508,34480315
-7.87453,-1.12767,-5.26485,0.000653237,0.000361821,0.0264832,12.3117,48.1078,-45.5508,34554467
-7.9272,-1.15401,-5.37019,-0.101802,-0.0156259,-0.0714418,12.4928,46.8322,-45.3756,34615728
-8.02057,-1.06542,-5.23372,-0.146434,-0.0138939,-0.103817,12.4928,46.8322,-45.3756,34676796
-7.96551,-0.943315,-5.31273,-0.0323881,-0.0350777,-0.0826332,11.0443,47.5611,-45.3756,34738103
-8.1738,-1.09176,-5.04458,-0.0764876,0.043129,-0.062915,11.0443,47.5611,-45.3756,34796529
-8.02776,-0.921767,-5.42286,0.0299641,0.0215456,-0.0277419,12.1307,47.5611,-44.6748,34857430
-7.95114,-1.10851,-5.17626,0.03969,0.0716405,0.00130247,12.1307,47.5611,-44.6748,34927034
-7.92959,-1.075,-5.3271,0.101243,0.0492577,0.0323453,11.0443,47.1967,-44.3244,34987904
-7.98705,-1.00078,-5.41568,0.13948,0.0553863,0.0591248,11.0443,47.1967,-44.3244,35046219
-7.94875,-1.07021,-5.35822,0.193572,0.0469927,0.078843,13.217,47.5611,-45.726,35104702
-7.89847,-1.14682,-5.42047,0.211691,0.022345,0.0833729,13.217,47.5611,-45.726,35162639
-7.89368,-1.18034,-5.33907,0.155868,0.00489168,0.0871033,11.0443,46.4678,-45.3756,35233532
-7.93917,-1.22104,-5.34146,0.133884,-0.00816498,0.0709824,11.0443,46.4678,-45.3756,35295241
-7.89847,-1.27372,-5.30555,0.0997772,-0.0332124,0.054062,12.1307,47.5611,-44.6748,35354434
-7.98227,-1.26414,-5.28161,0.0575429,-0.0344115,0.0356761,12.1307,47.5611,-44.6748,35412197
-8.0493,-1.24738,-5.30555,0.0279656,-0.0413395,0.016624,13.7602,47.3789,-44.85,35469930
-7.99184,-1.26893,-5.2026,-0.0315887,-0.031214,0.00156891,13.7602,47.3789,-44.85,35528822
-8.01339,-1.2785,-5.16429,-0.0694264,-0.0261512,-0.016817,12.8549,50.1123,-45.0252,35600343
-8.08761,-1.20428,-5.12598,-0.0939409,-0.0176244,-0.0330712,12.8549,50.1123,-45.0252,35659056
-8.11874,-1.13006,-5.00149,-0.111394,-0.00510066,-0.0210804,11.5875,47.7433,-44.1492,35717563
-8.08522,-1.12049,-5.07331,-0.0554371,-0.0065662,-0.0174831,11.5875,47.7433,-44.1492,35775020
-8.18577,-1.06063,-5.11641,-0.0451783,9.53581e-05,-0.000562772,11.0443,49.3834,-43.974,35833343
-8.09479,-1.13246,-4.98233,-0.0413146,0.0207462,0.0138262,11.0443,49.3834,-43.974,35894552
-8.11874,-0.984017,-5.06134,0.0515476,0.0182148,0.0234188,11.0443,50.1123,-44.3244,35966698
-8.14986,-1.01275,-5.13317,0.023569,0.0212791,0.0447358,11.0443,50.1123,-44.3244,36029574
-8.2169,-1.00556,-4.7501,0.0512811,0.165968,0.0535291,11.0443,49.0189,-44.6748,36088236
-8.05409,-0.981623,-5.04458,0.214489,0.0961551,0.0435368,11.0443,49.0189,-44.6748,36146697
-8.11874,-1.12527,-5.22654,0.120162,0.0495241,0.0529962,10.8633,48.8367,-43.7988,36205219
-7.98945,-1.23301,-5.2026,0.0721984,0.0419299,0.0484663,10.8633,48.8367,-43.7988,36278157
-8.05648,-1.14922,-5.29837,0.0813913,-0.0141604,0.0533959,11.7686,47.9256,-43.974,36336588
-8.07803,-1.12288,-4.98473,0.0199718,0.0286068,0.0503315,11.7686,47.9256,-43.974,36394843
-8.11634,-1.04866,-5.02303,0.0094465,0.0617814,0.0330115,12.3117,48.4723,-45.2004,36453326
-8.14746,-1.07739,-5.02543,0.050082,0.0636466,0.0288813,12.3117,48.4723,-45.2004,36511175
-8.14507,-1.06542,-4.97754,0.011445,0.0624476,0.0246179,11.9496,49.9301,-45.5508,36573304
-8.09958,-1.00078,-5.20978,0.0504817,0.0479254,0.0278155,11.9496,49.9301,-45.5508,36645645
-8.18098,-1.04387,-5.10683,0.043154,0.0611153,0.0151585,12.1307,48.6545,-44.6748,36705602
-8.06367,-1.01035,-5.15471,0.0372918,0.0745716,0.0260835,12.1307,48.6545,-44.6748,36767048
-8.06606,-1.06781,-5.24091,0.0849886,0.0515226,0.0391401,10.5012,48.1078,-43.4484,36824623
-8.10916,-1.07021,-5.01825,0.0912504,0.092691,0.0525965,10.5012,48.1078,-43.4484,36882312
-8.00381,-1.05345,-5.13795,0.0825904,0.0781688,0.0585919,10.8633,48.4723,-44.85,36940839
-8.07085,-1.02711,-5.19781,0.107238,0.0655119,0.0651202,10.8633,48.4723,-44.85,37015755
-8.011,-1.04387,-5.36301,0.108704,0.0649789,0.0680513,12.6738,48.4723,-44.85,37073569
-7.99663,-1.03908,-5.25527,0.0865873,0.0611153,0.063255,12.6738,48.4723,-44.85,37132040
-7.96072,-1.04866,-5.30076,0.088719,0.0499238,0.0467343,12.8549,48.29,-45.0252,37190542
-7.97269,-1.05345,-5.30794,0.0616731,0.0408641,0.0343438,12.8549,48.29,-45.0252,37250251
-7.94156,-1.06063,-5.2864,0.032229,0.0387324,0.0264832,12.6738,46.65,-44.85,37326602
-7.9679,-1.01754,-5.27203,0.0332949,0.0175486,0.0164908,12.6738,46.65,-44.85,37385612
-8.04691,-1.09176,-5.23372,-0.0161339,0.0252761,0.00756432,12.4928,47.5611,-44.6748,37444275
-7.93438,-1.03908,-5.43005,0.034494,-0.0173579,-0.00575878,12.4928,47.5611,-44.6748,37502870
-8.07803,-0.986411,-5.38216,-0.00867292,0.00982123,0.00303447,12.3117,47.3789,-45.5508,37561368
-7.9679,-1.05105,-5.18584,-0.0250604,-0.00616651,-0.0053591,12.3117,47.3789,-45.5508,37619371
-8.06128,-0.981623,-5.31991,0.053546,-0.0225539,0.00303447,10.5012,48.8367,-45.2004,37695893
-8.06846,-0.995988,-5.14514,-0.00654128,0.0334031,0.0134265,10.5012,48.8367,-45.2004,37754075
-8.03494,-1.01514,-5.24091,-0.0337205,-0.00563358,0.0031677,10.8633,48.1078,-44.4996,37813966
-8.04212,-0.940921,-5.1595,0.0231693,0.00142767,0.0192887,10.8633,48.1078,-44.4996,37872888
-8.06846,-0.986411,-5.20739,-0.00187817,0.0122194,0.0180896,11.5875,48.1078,-44.85,37930694
-8.05648,-0.957681,-5.04698,0.0516808,0.0228779,0.0308798,11.5875,48.1078,-44.85,38004276
-8.05888,-0.924162,-5.13317,0.0504817,0.0252761,0.0279487,11.0443,50.1123,-44.3244,38062962
-8.10197,-0.972046,-5.12598,0.0470177,0.0155502,0.0318124,11.0443,50.1123,-44.3244,38120529
-8.0924,-0.905008,-5.1595,0.0630054,0.022345,0.0347435,11.5875,47.7433,-44.4996,38178307
-8.08761,-0.943315,-5.15232,0.0580759,0.0303388,0.0342106,11.5875,47.7433,-44.4996,38236807
-8.10677,-0.909797,-5.08528,0.0733975,0.0314047,0.0351432,11.5875,48.4723,-43.7988,38295083
-8.09479,-0.981623,-5.13795,0.0848553,0.0354016,0.0347435,11.5875,48.4723,-43.7988,38376747
-8.05648,-1.00078,-5.18823,0.0733975,0.0395318,0.0302136,11.4064,49.0189,-45.0252,38434152
-8.00621,-0.957681,-5.1188,0.0739304,0.0428626,0.0254173,11.4064,49.0189,-45.0252,38494634
-8.09,-1.00556,-5.17147,0.00878033,0.0469927,0.0222198,12.6738,48.4723,-44.1492,38555651
-8.06606,-0.969651,-5.12119,0.0687344,0.0516558,0.024085,12.6738,48.4723,-44.1492,38613467
-8.09479,-0.955286,-5.11641,0.0558109,0.0900264,0.0348767,12.1307,48.6545,-44.6748,38676466
-8.11874,-0.948104,-5.10204,0.0968461,0.133993,0.036742,12.1307,48.6545,-44.6748,38746242
-7.99903,-1.02711,-5.35583,0.060474,0.0435287,0.0360758,11.7686,47.5611,-45.3756,38803627
-8.08282,-1.04148,-5.29118,0.0539457,0.0695088,0.0352764,11.7686,47.5611,-45.3756,38862031
-7.97987,-1.01514,-5.28879,0.0836563,0.0500571,0.0239518,10.8633,48.4723,-46.2516,38923479
-8.05888,-1.03429,-5.29837,0.0715322,0.0572515,0.0182228,10.8633,48.4723,-46.2516,38984119
-7.9679,-1.00078,-5.26724,0.0775276,0.0537875,0.0340773,10.3201,48.29,-46.4267,39057036
-7.98466,-1.08218,-5.4085,0.0912504,0.0160831,0.0322121,10.3201,48.29,-46.4267,39115464
-8.07803,-1.05584,-5.28879,0.0210376,0.0680433,0.0326118,11.5875,47.0144,-45.9012,39175743
-7.94875,-0.995988,-5.1595,0.0699334,0.0457937,0.0296807,11.5875,47.0144,-45.9012,39236747
-8.08522,-0.976834,-5.39174,0.04835,0.0428626,0.0127603,11.7686,48.29,-45.726,39294187
-7.90565,-1.1133,-5.27203,0.0186394,0.0497906,0.0160911,11.7686,48.29,-45.726,39354789
-7.98227,-1.10612,-5.20739,0.000520021,0.043129,-0.00309415,11.9496,47.7433,-45.5508,39428142
-7.81228,-1.02711,-5.37498,0.00251848,0.0212791,-0.00509262,11.9496,47.7433,-45.5508,39485924
-7.99903,-1.02472,-5.23612,-0.0743559,0.0251428,-0.0252105,12.1307,47.9256,-45.0252,39543344
-7.89129,-0.993593,-5.25288,-0.0462442,0.0151505,-0.0316056,12.1307,47.9256,-45.0252,39601992
-8.02776,-0.955286,-5.21936,-0.0818169,0.0220785,-0.0330712,11.5875,46.65,-45.2004,39664523
-7.96072,-0.981623,-5.35822,-0.0425136,0.00209383,-0.0377343,11.5875,46.65,-45.2004,39724178
-7.97269,-0.984017,-5.30555,-0.017333,0.0226114,-0.0281416,11.7686,48.29,-44.6748,39796566
-8.01818,-1.04148,-5.21218,-0.0447786,0.0295394,-0.0200145,11.7686,48.29,-44.6748,39854345
-8.01818,-1.00317,-5.27682,0.00744802,0.0236773,-0.0100222,8.87168,47.1967,-45.3756,39912034
-7.93917,-0.962469,-5.26006,0.0290315,0.0355348,-0.0028277,8.87168,47.1967,-45.3756,39976653
-8.05409,-1.07739,-5.25288,0.0547451,0.0219453,0.00716464,10.3201,48.29,-45.726,40038919
-8.01818,-1.02472,-5.28161,0.0855215,0.0318044,0.0138262,10.3201,48.29,-45.726,40110904
-8.02057,-1.08936,-5.21457,0.136149,0.0355348,0.0356761,12.1307,46.4678,-45.3756,40170277
-7.98227,-1.14443,-5.21936,0.119629,0.05059,0.0452688,12.1307,46.4678,-45.3756,40228499
-8.011,-1.08697,-5.27203,0.168658,0.0335364,0.0541952,13.0359,45.9211,-44.1492,40287905
-7.98227,-1.1971,-5.25288,0.131486,0.0489912,0.057526,13.0359,45.9211,-44.1492,40349578
-7.97748,-1.18992,-5.30316,0.137215,0.0384659,0.0613897,12.4928,47.5611,-45.3756,40407295
-8.01579,-1.24498,-5.22654,0.142012,0.0513894,0.0729808,12.4928,47.5611,-45.3756,40478421
-7.91762,-1.36948,-5.29358,0.120295,0.021812,0.0799088,12.4928,47.9256,-44.3244,40535871
-7.95354,-1.38145,-5.08768,-0.0174662,0.0536543,0.107887,12.4928,47.9256,-44.3244,40595837
-8.01818,-1.16837,-5.15232,0.0439534,0.0339361,0.10922,12.4928,47.5611,-45.0252,40653797
-7.95593,-0.952892,-5.40611,0.118829,0.0120862,0.134134,12.4928,47.5611,-45.0252,40714865
-7.95593,-0.876277,-5.25048,0.0659365,0.014884,0.129338,10.8633,48.4723,-44.85,40776290
-7.88889,-0.749385,-5.27921,0.218753,-0.0478679,0.101093,10.8633,48.4723,-44.85,40845626
-7.97987,-0.694318,-5.1619,0.243267,-0.032946,0.0647205,11.9496,48.4723,-44.85,40903155
-8.13549,-0.933739,-4.98952,0.284569,-0.0495999,0.0342106,11.9496,48.4723,-44.85,40962763
-8.09,-0.897825,-5.18823,0.364641,-0.0861052,0.0174234,12.1307,47.9256,-44.6748,41024198
-8.20014,-1.24498,-4.95121,0.224615,-0.0627898,0.00636524,12.1307,47.9256,-44.6748,41081951
-8.19774,-1.32639,-4.89853,0.267915,-0.0806428,0.01316,14.1223,49.5656,-44.85,41155282
-8.28633,-1.41258,-4.75728,0.182647,-0.0417392,0.00503294,14.1223,49.5656,-44.85,41213770
-8.29591,-1.46525,-4.69742,0.175453,-0.0214881,0.00636524,15.3896,49.3834,-43.974,41273840
-8.35576,-1.52511,-4.68785,0.161596,0.00609076,0.0126271,15.3896,49.3834,-43.974,41334623
-8.33421,-1.63045,-4.57771,0.097912,0.0564522,0.018889,15.7518,50.8412,-43.974,41395631
-8.3821,-1.59693,-4.70461,0.0908507,0.0636466,0.0204878,15.7518,50.8412,-43.974,41453077
-8.23366,-1.58496,-4.61362,0.0436869,0.0783021,0.0270161,14.6654,49.3834,-41.8717,41526847
-8.29112,-1.63284,-4.64475,0.0450192,0.0842974,0.00969602,14.6654,49.3834,-41.8717,41584474
-8.26717,-1.52511,-4.78122,0.0692673,0.0747048,0.0127603,15.9328,49.9301,-43.7988,41641883
-8.17141,-1.58975,-4.77883,0.0275659,0.088028,0.0155582,15.9328,49.9301,-43.7988,41703284
-8.18098,-1.57538,-4.77643,0.0492826,0.0741719,0.0271493,15.9328,48.4723,-42.3972,41761786
-8.19056,-1.60411,-4.86262,0.0556777,0.0756374,0.0319456,15.9328,48.4723,-42.3972,41819070
-8.15704,-1.63524,-4.76685,0.00478339,0.0779024,0.0338109,16.2949,49.5656,-43.098,41891967
-8.23366,-1.58017,-4.83868,0.0650039,0.0681765,0.0336776,16.2949,49.5656,-43.098,41949208
-8.14986,-1.56102,-4.78122,0.0785935,0.0800341,0.0403392,15.5707,49.2012,-42.7477,42006817
-8.13789,-1.58975,-4.89135,0.0813913,0.0781688,0.0415383,15.5707,49.2012,-42.7477,42068266
-8.1331,-1.65439,-4.9129,0.0957803,0.0808335,0.0352764,15.9328,48.1078,-43.7988,42129537
-8.14746,-1.60172,-4.90332,0.0716655,0.074838,0.0291478,15.9328,48.1078,-43.7988,42199174
-8.09719,-1.58257,-5.00388,0.0919166,0.0715073,0.0152917,15.9328,48.1078,-44.1492,42261232
-8.09958,-1.58736,-4.90332,0.100177,0.0832316,0.0296807,15.9328,48.1078,-44.1492,42319014
-8.08522,-1.61848,-4.89614,0.0799258,0.05925,0.0183561,15.3896,49.3834,-43.6236,42377498
-8.05648,-1.69509,-5.01346,0.0903178,0.0338029,0.00210185,15.3896,49.3834,-43.6236,42439095
-8.03733,-1.68312,-4.97036,0.0849886,0.0509897,0.0107619,16.476,48.6545,-45.0252,42501598
-8.07325,-1.65679,-4.9129,0.0520805,0.0561857,0.00276801,16.476,48.6545,-45.0252,42571611
-8.07085,-1.71904,-5.03261,0.0825904,0.0314047,-0.00202832,16.657,48.4723,-43.7988,42633737
-8.04212,-1.71185,-4.98233,0.0659365,0.0532546,0.00982927,16.657,48.4723,-43.7988,42693327
-8.09479,-1.70707,-4.84347,0.00864711,0.0420632,-0.0049594,17.5623,49.0189,-43.974,42755207
-8.0493,-1.69988,-5.09486,0.0666027,0.0230111,-0.0032274,17.5623,49.0189,-43.974,42814984
-8.0517,-1.72861,-4.90572,0.0266333,0.0377998,-0.00202832,15.9328,47.0144,-44.1492,42874389
-8.07564,-1.75734,-5.07092,0.0286318,0.0178151,-0.00522587,15.9328,47.0144,-44.1492,42943083
-8.06367,-1.69031,-4.96797,0.0375583,0.0124859,-0.00122893,17.3812,48.4723,-44.85,43001616
-8.06128,-1.73819,-4.88177,0.0342275,0.0202133,0.0056991,17.3812,48.4723,-44.85,43060231
-8.06846,-1.74537,-4.93684,0.0550115,0.0212791,0.00276801,17.5623,47.5611,-44.3244,43121401
-8.06128,-1.79565,-4.92008,0.0387573,0.0155502,0.00942956,17.5623,47.5611,-44.3244,43180638
-8.10197,-1.7741,-4.88417,0.0436869,0.0279407,0.0135597,17.0191,48.4723,-45.5508,43249739
-7.97748,-1.75495,-5.06134,0.0787267,-0.00283573,0.0179564,17.0191,48.4723,-45.5508,43309507
-8.07325,-1.87705,-4.85783,-0.00187817,0.032737,0.0207542,17.9244,47.5611,-44.6748,43367280
-8.03973,-1.8172,-4.96078,0.0749962,0.00902185,0.0115613,17.9244,47.5611,-44.6748,43428539
-8.08043,-1.82678,-4.96318,0.0186394,0.0274078,0.0142259,17.3812,47.7433,-44.1492,43486246
-8.07325,-1.81002,-4.95839,0.0370254,0.0270081,0.0194219,17.3812,47.7433,-44.1492,43544924
-8.05888,-1.83156,-4.94881,0.0769947,0.0264751,0.0195551,17.0191,48.4723,-44.1492,43613519
-8.11874,-1.81002,-4.94642,0.0221035,0.0300724,0.015425,17.0191,48.4723,-44.1492,43671878
-8.07085,-1.83875,-4.90332,0.04835,0.044861,0.0152917,18.1055,48.4723,-45.5508,43730624
-8.11395,-1.83875,-4.87938,0.0582091,0.0476589,0.0192887,18.1055,48.4723,-45.5508,43791390
-8.04691,-1.84114,-4.91529,0.0555445,0.0433955,0.0250176,16.2949,48.4723,-43.7988,43849698
-8.08522,-1.84832,-4.89853,0.0492826,0.0565854,0.0271493,16.2949,48.4723,-43.7988,43908216
-8.01818,-1.86269,-4.85304,0.062206,0.0451275,0.0287481,17.3812,49.2012,-43.7988,43977516
-8.03015,-1.9417,-4.96797,0.0415552,0.0581842,0.0168905,17.3812,49.2012,-43.7988,44039716
-8.02057,-1.8986,-5.04458,0.0578094,0.0571183,0.0270161,17.3812,48.4723,-44.1492,44100779
-8.03733,-1.86987,-5.04219,0.0499488,0.0501903,0.0251508,17.3812,48.4723,-44.1492,44158329
-7.97508,-1.89142,-5.03979,0.0795261,0.0463266,0.025817,17.3812,48.1078,-44.85,44220084
-8.00381,-1.90578,-5.04458,0.0215705,0.0408641,0.0186225,17.3812,48.1078,-44.85,44288758
-8.00381,-1.9393,-4.9943,0.0347604,0.0631137,0.0183561,18.4676,48.4723,-43.7988,44347217
-8.00621,-1.87466,-4.98473,0.071399,0.0541872,0.0219533,18.4676,48.4723,-43.7988,44405628
-8.00621,-1.8579,-4.94642,0.0175736,0.0784353,0.0283484,16.8381,47.5611,-43.974,44467302
-7.96311,-1.89142,-5.1595,0.066203,0.0435287,0.0218201,16.8381,47.5611,-43.974,44524613
-7.97269,-1.84832,-5.00388,0.0502152,0.0772362,0.0376746,16.2949,47.7433,-44.4996,44586648
-7.96551,-1.86748,-5.05416,0.0408891,0.0583174,0.0266164,16.2949,47.7433,-44.4996,44655748
-7.98945,-1.84832,-5.0781,0.0528799,0.0639131,0.0328783,17.2002,47.5611,-45.0252,44715834
-7.96311,-1.91536,-5.10683,0.0455522,0.0476589,0.0304801,17.2002,47.5611,-45.0252,44780218
-7.94396,-1.8579,-5.14274,0.0459518,0.05059,0.0200881,17.3812,48.1078,-43.7988,44838136
-7.95832,-1.86748,-5.14993,0.0378247,0.0489912,0.0168905,17.3812,48.1078,-43.7988,44895900
-7.85059,-1.901,-5.12359,0.0330284,0.0432623,0.0156914,17.7434,47.7433,-44.85,44954684
-7.96311,-1.88184,-5.14753,0.0328952,0.0388656,0.0222198,17.7434,47.7433,-44.85,45024980
-7.90086,-1.87466,-5.17147,0.0272995,0.0407309,0.0290146,16.476,47.9256,-45.726,45084152
-7.90326,-1.79086,-5.11162,0.0615399,0.0128855,0.0347435,16.476,47.9256,-45.726,45146605
-7.86495,-1.86269,-5.16429,0.0131769,0.00822246,0.0386072,17.0191,47.7433,-45.9012,45206080
-7.92002,-1.75255,-5.21218,0.0747298,-0.0218878,0.0335444,17.0191,47.7433,-45.9012,45264570
-7.97508,-1.78847,-5.10444,0.0187727,-0.0136275,0.0370084,17.0191,47.0144,-44.1492,45337666
-8.01339,-1.84832,-5.07092,0.0306302,-0.0176244,0.0334112,17.0191,47.0144,-44.1492,45397049
-7.99663,-1.78607,-5.10444,0.0733975,-0.0384085,0.0286149,17.3812,48.1078,-46.2516,45461742
-8.02057,-1.78129,-5.02543,0.0233025,-0.0172247,0.0198216,17.3812,48.1078,-46.2516,45522895
-8.04691,-1.7765,-4.95121,0.0299641,-0.00629974,0.0139594,17.7434,48.4723,-43.4484,45580833
-8.03494,-1.81959,-4.96078,0.0133102,0.014884,0.0120942,17.7434,48.4723,-43.4484,45638647
-8.0517,-1.80762,-4.98712,0.0203714,0.0256757,0.00476648,16.476,48.6545,-45.0252,45711734
-8.07325,-1.80044,-4.96557,0.00305137,0.0352684,0.00516617,16.476,48.6545,-45.0252,45769679
-8.04212,-1.76692,-4.94163,0.0115782,0.0484583,0.00636524,17.9244,47.9256,-43.6236,45832830
-8.07564,-1.77171,-5.03022,-0.00587508,0.0536543,0.00116923,17.9244,47.9256,-43.6236,45891819
-7.96072,-1.79326,-4.92966,0.00878033,0.0485915,0.00116923,17.9244,48.29,-43.2732,45948989
-7.99663,-1.79805,-5.01106,0.00878033,0.0552531,-0.000696003,17.9244,48.29,-43.2732,46008303
-8.01579,-1.77889,-5.01106,0.000120312,0.0311382,-0.002428,16.657,48.1078,-44.85,46077488
-7.99184,-1.7765,-4.9536,-0.0021446,0.0286068,0.00116923,16.657,48.1078,-44.85,46138342
-7.9679,-1.80044,-4.94881,0.034494,0.00848892,-0.00202832,16.1139,48.29,-43.974,46197042
-8.07325,-1.7741,-5.05176,0.0266333,0.0147508,0.00303447,16.1139,48.29,-43.974,46254770
-7.98705,-1.75255,-4.97754,0.011445,0.0190142,0.00476648,17.2002,47.5611,-43.974,46316240
-8.03973,-1.80283,-5.05895,0.0474174,0.0199468,0.0160911,17.2002,47.5611,-43.974,46385321
-7.99663,-1.78129,-4.95121,0.0364924,0.00942154,0.00796403,15.9328,49.9301,-43.4484,46446219
-8.06128,-1.84832,-5.00388,0.00758123,0.020613,0.0074311,15.9328,49.9301,-43.4484,46509825
-8.04691,-1.8172,-4.97036,0.0390238,0.0116865,0.00942956,17.5623,48.6545,-42.9228,46568516
-7.98466,-1.83156,-5.035,0.0463516,0.01142,0.00809725,17.5623,48.6545,-42.9228,46628715
-8.00142,-1.88663,-4.93445,0.0227696,0.00609076,0.0134265,17.0191,47.3789,-43.098,46687915
-7.99424,-1.90578,-4.91769,0.0360928,0.0103542,0.00929634,17.0191,47.3789,-43.098,46756844
-8.07325,-1.84353,-4.95121,0.0442199,0.00609076,0.0160911,17.5623,48.6545,-42.9228,46818905
-8.07803,-1.89142,-4.92966,0.0432872,0.00955477,0.0123607,17.5623,48.6545,-42.9228,46877770
-8.08282,-1.93451,-4.8698,0.0544786,0.0282071,0.013693,16.476,49.3834,-43.974,46935497
-8.07564,-1.88902,-4.90572,0.043154,0.0199468,0.0187557,16.476,49.3834,-43.974,46997279
-8.10437,-1.89621,-4.87699,0.058742,0.0312715,0.0174234,16.657,48.8367,-43.098,47055017
-8.14986,-1.91297,-4.87459,0.0498155,0.0295394,0.0276822,16.657,48.8367,-43.098,47126536
-8.11634,-1.8986,-4.84826,0.0879197,0.02008,0.0194219,17.2002,48.6545,-42.2221,47190477
-8.15704,-1.87945,-4.84347,0.0492826,0.0332699,0.022353,17.2002,48.6545,-42.2221,47247963
-8.12352,-1.96085,-4.79319,0.0376915,0.0397982,0.0200881,16.476,49.3834,-43.974,47307954
-8.14028,-1.86748,-4.81474,0.0772612,0.0227447,0.0315459,16.476,49.3834,-43.974,47367277
-8.13549,-1.91776,-4.80277,0.0286318,0.0374001,0.0311463,17.7434,48.1078,-42.7477,47472447
-8.14986,-1.87227,-4.71658,0.032229,0.0496573,0.0390069,17.3812,48.8367,-42.7477,47532213
-8.16662,-1.79565,-4.78361,0.113766,0.0259422,0.0356761,17.3812,48.8367,-42.7477,47589764
-8.16662,-1.83875,-4.89375,0.0924495,0.0364675,0.0376746,17.3812,49.5656,-43.4484,47648917
-8.09,-1.92015,-4.81234,0.104307,0.024077,0.0326118,17.3812,49.5656,-43.4484,47708249
-8.09479,-1.88663,-4.88177,0.102842,0.00835569,0.0220865,17.3812,49.5656,-43.4484,47767422
-8.14986,-1.95127,-4.81474,0.102975,0.00555784,0.0202213,17.3812,49.5656,-43.4484,47844988
-8.11155,-1.98719,-4.77404,0.0789931,9.53581e-05,0.0162244,17.9244,49.0189,-42.5725,47904390
-8.11155,-1.98958,-4.73812,0.0737971,-0.0162921,0.0203545,17.9244,49.0189,-42.5725,47965442
-8.16901,-2.00873,-4.68306,0.0717987,0.00555784,0.0176899,18.1055,48.1078,-42.3972,48027236
-8.16662,-2.03747,-4.64954,0.03969,-0.00736559,0.011961,18.1055,48.1078,-42.3972,48085714
-8.2576,-2.00634,-4.7908,0.0519472,0.00049505,0.0135597,18.4676,50.2945,-42.0469,48145935
-8.14028,-2.05422,-4.69024,0.0729978,0.00395906,0.00769755,18.4676,50.2945,-42.0469,48218498
-8.2169,-2.03986,-4.68306,0.00158584,0.00502491,0.0100957,18.4676,49.5656,-43.4484,48275994
-8.23605,-2.06859,-4.56813,0.0227696,0.0388656,0.0152917,18.4676,49.5656,-43.4484,48334634
-8.20014,-2.00395,-4.60405,0.0436869,0.0266084,0.0159579,17.0191,50.2945,-42.3972,48392368
-8.20253,-2.03507,-4.65193,0.00624892,0.0401979,0.015425,17.0191,50.2945,-42.3972,48450216
-8.19535,-1.99916,-4.63038,0.0550115,0.0247431,0.0126271,17.7434,49.2012,-42.0469,48524754
-8.18577,-2.01592,-4.60165,0.036226,0.043129,0.0254173,17.7434,49.2012,-42.0469,48583215
-8.20014,-2.04944,-4.63757,0.0225031,0.0423297,0.0272825,18.8297,49.9301,-43.7988,48641598
-8.19535,-2.0231,-4.63278,0.0434204,0.043129,0.032745,18.8297,49.9301,-43.7988,48700009
-8.20014,-2.0231,-4.6663,0.0346272,0.037933,0.0372749,16.476,49.3834,-42.9228,48757874
-8.1738,-2.00634,-4.63757,0.0392903,0.0366007,0.0356761,16.476,49.3834,-42.9228,48816211
-8.16183,-1.99916,-4.66151,0.0480835,0.0424629,0.0356761,17.5623,49.3834,-42.2221,48889008
-8.18338,-1.98958,-4.66151,0.046618,0.0421964,0.0355429,17.5623,49.3834,-42.2221,48946320
-8.15465,-1.99437,-4.65672,0.0408891,0.0459269,0.0315459,17.7434,49.5656,-43.098,49009838
-8.1762,-1.99198,-4.66869,0.0470177,0.0497906,0.0368752,17.7434,49.5656,-43.098,49067928
-8.15704,-1.95846,-4.73094,0.0319625,0.0433955,0.0336776,17.5623,50.4767,-42.5725,49125409
-8.14746,-1.92973,-4.67827,0.0291647,0.034469,0.0370084,17.5623,50.4767,-42.5725,49190262
-8.19056,-1.99437,-4.81474,0.0506149,0.0278074,0.0246179,19.1918,49.5656,-43.098,49258981
-8.1738,-1.92254,-4.69024,0.0430208,0.0246099,0.0339441,19.1918,49.5656,-43.098,49319980
-8.16901,-1.97282,-4.68545,0.0197053,0.0263419,0.0239518,18.6486,49.7478,-42.9228,49381048
-8.19535,-1.97043,-4.75967,0.039157,0.0248764,0.0319456,18.6486,49.7478,-42.9228,49438697
-8.10197,-1.89621,-4.61602,0.0271662,0.0444613,0.0371417,18.1055,49.2012,-42.0469,49496748
-8.17141,-1.93691,-4.71658,0.0290315,0.0246099,0.0351432,18.1055,49.2012,-42.0469,49572496
-8.13549,-1.86748,-4.70221,0.0924495,0.0267416,0.0497986,17.3812,48.8367,-42.3972,49631750
-8.20732,-1.93212,-4.71897,0.0415552,0.0364675,0.0501983,17.3812,48.8367,-42.3972,49689172
-8.24084,-1.90578,-4.64475,0.0624725,0.0391321,0.0585919,16.8381,50.1123,-42.5725,49747677
-8.2145,-1.89621,-4.6232,0.0753959,0.0372669,0.054062,16.8381,50.1123,-42.5725,49806289
-8.18338,-1.89381,-4.65433,0.0410223,0.0443281,0.0555276,16.2949,50.2945,-41.3461,49866999
-8.23126,-1.89381,-4.66869,0.0651371,0.048325,0.0412718,16.2949,50.2945,-41.3461,49940079
-8.24084,-1.87466,-4.66869,0.0398232,0.0637799,0.0338109,18.2865,49.7478,-42.2221,49997410
-8.20971,-1.86269,-4.63757,0.0359595,0.0647125,0.0374081,18.2865,49.7478,-42.2221,50055885
-8.24084,-1.84832,-4.65672,0.0382244,0.0635134,0.0342106,17.3812,47.3789,-42.7477,50114261
-8.1331,-1.90818,-4.6256,-0.0206638,0.0645792,0.0155582,17.3812,47.3789,-42.7477,50173506
-8.12592,-1.86748,-4.82671,0.0399564,0.0477921,0.0056991,16.476,50.4767,-42.9228,50234125
-8.20253,-1.79086,-4.8315,0.0153087,0.0479254,-0.000429526,16.476,50.4767,-42.9228,50307273
-8.18098,-1.81002,-4.7477,-0.0736897,0.0548534,0.00023663,16.476,48.29,-42.9228,50365940
-8.13071,-1.76692,-4.80277,0.0319625,0.0393986,0.016624,16.476,48.29,-42.9228,50424109
-8.11634,-1.74537,-4.70461,-0.00760713,0.0587171,0.0210207,16.476,49.0189,-43.6236,50488941
-8.12113,-1.81002,-4.7884,0.0105123,0.0381995,0.0284816,16.476,49.0189,-43.6236,50547744
-8.12592,-1.71664,-4.96557,0.0740636,0.0316712,0.0403392,15.7518,49.0189,-41.8717,50622977
-8.0924,-1.79565,-4.86502,0.0488829,0.0300724,0.0392734,15.7518,49.0189,-41.8717,50682439
-8.14268,-1.79086,-4.87459,0.0547451,0.0204797,0.0450023,16.1139,49.3834,-43.6236,50740463
-8.18577,-1.72143,-4.75488,0.0739304,0.0516558,0.0583254,16.1139,49.3834,-43.6236,50799033
-8.21211,-1.76453,-4.78361,0.0628722,0.0548534,0.057526,16.8381,49.0189,-44.3244,50857667
-8.15465,-1.69509,-4.89853,0.0836563,0.0655119,0.0548614,16.8381,49.0189,-44.3244,50918297
-8.0517,-1.69031,-4.86023,0.0488829,0.0759039,0.0552611,16.1139,49.0189,-43.974,50989192
-8.15225,-1.49159,-4.77883,0.0877864,0.0717737,0.0294142,16.1139,49.0189,-43.974,51046511
-8.25042,-1.36948,-4.98233,0.168924,0.075371,-0.00122893,17.2002,50.1123,-44.3244,51105444
-7.99663,-1.86269,-4.83629,0.145209,0.0653786,-0.0126868,17.2002,50.1123,-44.3244,51162960
-7.94156,-2.05183,-5.22415,0.090451,0.0235441,-0.0459946,17.0191,48.4723,-43.4484,51220615
-7.88889,-1.97761,-5.12838,-0.042114,-0.0360103,-0.0535888,17.0191,48.4723,-43.4484,51281260
-7.94156,-2.23139,-5.10204,-0.165619,-0.0713166,-0.0153514,16.8381,49.3834,-44.6748,51353473
-8.14986,-2.02549,-4.9129,-0.201592,-0.0734482,0.0295475,16.8381,49.3834,-44.6748,51411583
-8.22647,-1.80762,-4.64235,-0.293388,0.00902185,0.0536623,15.7518,49.7478,-43.974,51472844
-8.18338,-1.62806,-4.7477,-0.126183,0.00782277,0.0545949,15.7518,49.7478,-43.974,51530830
-8.30069,-1.59693,-4.80037,-0.170149,0.0641796,0.0711156,15.3896,49.0189,-44.6748,51591325
-8.12831,-1.52271,-4.76446,-0.124451,0.0834981,0.0689839,15.3896,49.0189,-44.6748,51664021
-8.13549,-1.37667,-4.96318,-0.103534,0.0775027,0.0680513,11.7686,50.8412,-43.6236,51723292
-8.06367,-1.34075,-4.98712,-0.0875458,0.0741719,0.0569931,11.7686,50.8412,-43.6236,51780813
-8.06128,-1.26414,-4.97754,-0.0542381,0.0591168,0.0364755,13.7602,47.0144,-42.7477,51839344
-8.09,-1.1971,-5.03261,-0.0359853,0.0533878,0.0388737,13.7602,47.0144,-42.7477,51897763
-8.11155,-1.1564,-5.00627,-0.00933912,0.0467263,0.0312795,13.5791,48.29,-45.726,51958437
-8.10677,-1.09654,-5.03979,0.0249013,0.0597829,0.0368752,13.5791,48.29,-45.726,52031610
-8.07325,-1.08697,-4.96557,0.0455522,0.0688426,0.0440697,12.3117,49.2012,-44.1492,52089050
-8.10437,-1.18034,-5.06134,0.0879197,0.0671106,0.0343438,12.3117,49.2012,-44.1492,52146318
-8.13789,-1.1157,-5.11401,0.0877864,0.0671106,0.0422044,13.217,47.9256,-44.6748,52209681
-8.09719,-1.19231,-5.12359,0.0532795,0.0889606,0.0358093,13.217,47.9256,-44.6748,52271025
-8.01579,-1.16837,-5.19063,0.0811249,0.0636466,0.0318124,13.0359,48.4723,-44.85,52328997
-7.98705,-1.18992,-5.13317,0.0755292,0.069642,0.0311463,13.0359,48.4723,-44.85,52400592
-8.03733,-1.1971,-5.07571,0.0187727,0.0743051,0.0290146,11.5875,47.7433,-45.2004,52458261
-8.07085,-1.17076,-5.27203,0.0759288,0.0525885,0.0288813,11.5875,47.7433,-45.2004,52515600
-8.0086,-1.14203,-5.25527,0.0761953,0.0649789,0.0346103,13.0359,49.5656,-45.2004,52579310
-7.98945,-1.17076,-5.26724,0.0328952,0.0457937,0.0392734,13.0359,49.5656,-45.2004,52640612
-7.95593,-1.17076,-5.25048,0.0586088,0.0304721,0.0334112,12.6738,48.1078,-44.1492,52712192
-7.96551,-1.14203,-5.25527,0.0548783,0.021812,0.0320789,12.6738,48.1078,-44.1492,52774482
-8.04451,-1.13725,-5.25527,0.046618,0.0352684,0.0186225,13.5791,49.3834,-45.0252,52833729
-8.06606,-1.1133,-5.24809,0.0695337,0.0383327,0.027549,13.5791,49.3834,-45.0252,52894689
-7.99903,-1.21147,-5.16429,0.0308967,0.044861,0.0304801,12.8549,47.9256,-44.6748,52955716
-7.99663,-1.21147,-5.17387,0.03969,0.0370004,0.0246179,12.8549,47.9256,-44.6748,53018209
-7.98466,-1.09654,-5.23133,0.0527466,0.0312715,0.0187557,12.1307,47.1967,-43.6236,53090274
-8.07085,-1.21147,-5.25527,-0.00814,0.0343358,0.0179564,12.1307,47.1967,-43.6236,53148963
-8.00381,-1.16837,-5.19063,0.044886,0.0199468,0.027549,12.6738,49.2012,-45.2004,53207610
-8.06367,-1.14682,-5.17387,0.0182397,0.0312715,0.0231524,12.6738,49.2012,-45.2004,53266738
-8.00381,-1.16837,-5.13317,0.0227696,0.0243434,0.0235521,13.217,48.6545,-44.6748,53328339
-8.04691,-1.18034,-5.19781,0.0590085,0.0286068,0.0239518,13.217,48.6545,-44.6748,53386151
-8.09479,-1.18752,-5.11641,0.0299641,0.0348687,0.0287481,13.5791,48.29,-46.0764,53458459
-7.99184,-1.22104,-5.22654,0.0338278,0.0288733,0.0283484,13.5791,48.29,-46.0764,53515842
-8.04212,-1.19949,-5.19302,0.0368921,0.0304721,0.0280819,13.0359,48.4723,-46.9523,53573092
-8.03733,-1.14922,-5.23851,0.0198385,0.0171489,0.0328783,13.0359,48.4723,-46.9523,53634099
-8.06128,-1.12527,-5.26485,0.0387573,0.0180816,0.0295475,13.7602,49.9301,-44.85,53695255
-8.10916,-1.15401,-5.21218,0.0197053,0.0263419,0.0276822,13.7602,49.9301,-44.85,53765769
-8.03973,-1.15401,-5.1595,0.00758123,0.0227447,0.0280819,12.1307,49.7478,-44.3244,53824089
-8.03254,-1.1157,-5.20499,0.0288982,0.0135517,0.0247511,12.1307,49.7478,-44.3244,53882118
-8.01818,-1.11091,-5.12119,0.0217037,0.025809,0.0252841,12.3117,47.7433,-45.5508,53943043
-8.04212,-1.12288,-5.16669,0.00518307,0.0168825,0.0227527,12.3117,47.7433,-45.5508,54003897
-8.09479,-1.02232,-5.18584,0.0165077,0.0203465,0.0235521,11.2254,48.8367,-45.9012,54061533
-8.03733,-1.04627,-5.14993,0.0414219,0.0198136,0.0270161,11.2254,48.8367,-45.9012,54134654
-8.10916,-1.05584,-5.13556,0.00158584,0.0230111,0.0184893,12.3117,49.5656,-43.4484,54192190
-8.0493,-1.05584,-5.05416,0.0316961,0.0276742,0.0160911,12.3117,49.5656,-43.4484,54249677
-8.13071,-1.01275,-5.08528,0.0366257,0.0348687,0.0199548,13.217,49.0189,-44.3244,54308051
-8.11395,-1.08936,-5.09246,0.0468845,0.0475257,0.0251508,13.217,49.0189,-44.3244,54369601
-8.07803,-1.0726,-5.19302,0.0843224,0.0304721,0.0251508,11.2254,46.65,-43.4484,54427726
-8.10437,-1.0319,-5.04937,0.0828569,0.0423297,0.0358093,11.2254,46.65,-43.4484,54499566
-8.05409,-1.08697,-5.10922,0.0666027,0.0528549,0.0356761,12.3117,48.8367,-44.4996,54557156
-8.08043,-1.04627,-5.2026,0.0856547,0.041397,0.0351432,12.3117,48.8367,-44.4996,54614542
-8.09958,-1.04627,-5.1595,0.0855215,0.045394,0.0416715,12.1307,48.29,-43.974,54678029
-8.07325,-1.01754,-5.19063,0.0805919,0.0363342,0.0463346,12.1307,48.29,-43.974,54739054
-8.05648,-1.09415,-5.16429,0.0804587,0.0424629,0.0415383,11.9496,48.8367,-43.7988,54796769
-8.04691,-1.08457,-5.14753,0.086987,0.0415303,0.0399395,11.9496,48.8367,-43.7988,54871067
-8.06606,-1.07978,-5.15232,0.0864541,0.0456604,0.0334112,11.9496,48.4723,-45.2004,54928751
-8.0517,-1.09654,-5.19063,0.0688676,0.0549866,0.0386072,11.9496,48.4723,-45.2004,54986774
-8.04691,-1.12049,-5.12119,0.0547451,0.0556528,0.0378078,10.6822,47.5611,-44.6748,55048112
-8.04691,-1.12527,-5.12598,0.0456854,0.0571183,0.036742,10.6822,47.5611,-44.6748,55107024
-8.07564,-1.14443,-5.18105,0.051814,0.0591168,0.0267496,13.398,48.4723,-45.9012,55176722
-8.05648,-1.14682,-5.1188,0.0666027,0.0680433,0.0312795,13.398,48.4723,-45.9012,55239048
-8.07803,-1.10133,-5.19063,0.0451525,0.0620479,0.0252841,13.217,47.9256,-44.6748,55296723
-8.03494,-1.13964,-5.27203,0.0538125,0.0619146,0.0256838,13.217,47.9256,-44.6748,55355203
-7.95832,-1.14682,-5.26006,0.0463516,0.0541872,0.0287481,13.217,47.5611,-44.3244,55417130
-8.02776,-1.22823,-5.18823,-0.00134525,0.0420632,0.020621,13.217,47.5611,-44.3244,55479364
-8.05648,-1.05345,-5.2864,0.0383577,0.0452607,0.0106286,12.4928,46.8322,-45.726,55549349
-8.09479,-1.06063,-5.16908,0.0634051,0.0685762,0.00756432,12.4928,46.8322,-45.726,55608129
-8.06128,-1.06781,-5.28161,0.0202382,0.0743051,0.0199548,9.958,47.1967,-44.6748,55667758
-8.00381,-1.17795,-5.19781,0.0355598,0.074838,0.011961,9.958,47.1967,-44.6748,55728536
-7.97508,-1.06542,-5.29358,0.0614066,0.155443,0.00689816,13.217,48.29,-47.1275,55787053
-7.91283,-1.29287,-5.29837,-0.0390497,0.0775027,-0.00229478,13.217,48.29,-47.1275,55849951
-7.96311,-1.15161,-5.48512,0.0275659,0.073639,-0.0102887,12.3117,47.7433,-45.9012,55918747
-7.79313,-1.13725,-5.23612,0.0275659,0.0684429,-0.00389355,12.3117,47.7433,-45.9012,55982935
-7.8841,-1.10851,-5.284,0.078327,0.092691,-0.00815694,13.217,48.6545,-46.0764,56040878
-7.75003,-0.924162,-5.63116,0.174253,0.06791,0.0431371,13.217,48.6545,-46.0764,56101838
-7.77158,-1.20668,-5.07571,0.115898,0.120003,0.0639211,11.7686,46.1033,-47.4779,56163773
-7.82904,-1.20428,-5.78918,0.245132,0.0346022,0.0230191,11.7686,46.1033,-47.4779,56232665
-7.74524,-1.35033,-5.67904,0.250995,0.0338029,0.0226195,13.398,47.7433,-46.6019,56293519
-7.91044,-1.4461,-5.43484,0.0945812,0.071907,0.0103622,13.398,47.7433,-46.6019,56352068
-7.76439,-1.41018,-5.64792,0.226613,0.00462522,0.0343438,13.7602,46.2855,-45.2004,56412491
-7.83861,-1.65918,-5.34386,0.021304,0.0377998,0.014892,13.7602,46.2855,-45.2004,56470544
-7.76918,-1.4868,-5.77721,0.108171,-0.00550035,0.0290146,14.6654,46.8322,-47.1275,56528331
-7.93438,-1.58975,-5.28879,-0.0479762,0.0226114,-0.0028277,14.6654,46.8322,-47.1275,56600558
-7.76918,-1.38624,-5.6982,0.133085,0.0152837,0.0146256,15.0275,47.5611,-46.4267,56657928
-7.82186,-1.52271,-5.22894,0.0199718,0.0918916,0.00663172,15.0275,47.5611,-46.4267,56715376
-7.79313,-1.46765,-5.5306,0.01784,0.0419299,0.0118277,14.4844,45.9211,-45.9012,56776765
-7.72848,-1.46525,-5.66947,0.0959135,0.0216788,0.0168905,14.4844,45.9211,-45.9012,56838145
-7.80988,-1.56341,-5.41568,-0.0199976,0.0428626,0.0144924,14.1223,47.0144,-46.6019,56895855
-7.65426,-1.57299,-5.73411,0.0608737,-0.0350777,0.073647,14.1223,47.0144,-46.6019,56967658
-7.7213,-1.47004,-5.45878,0.0258339,-0.00496743,0.0689839,15.0275,47.9256,-47.1275,57025173
-7.85777,-1.53708,-5.47793,0.0678017,-0.054263,0.105889,15.0275,47.9256,-47.1275,57082626
-7.89129,-1.53229,-5.29597,-0.0263927,0.00848892,0.0346103,14.8465,46.2855,-45.5508,57149753
-7.96551,-1.30723,-5.34146,-0.0531721,-0.0401404,0.0387404,14.8465,46.2855,-45.5508,57207266
-8.00142,-1.2809,-5.42765,-0.0409149,-0.0268173,0.0567266,13.398,48.8367,-46.6019,57278292
-7.9679,-1.24498,-5.28161,-0.0658291,-0.0523977,0.0202213,13.398,48.8367,-46.6019,57337778
-7.97269,-1.32878,-5.17626,-0.10833,-0.00137019,-0.0390666,13.398,47.7433,-44.4996,57395344
-8.0517,-1.26893,-5.25288,-0.102068,0.014884,-0.0574525,13.398,47.7433,-44.4996,57460377
-8.10197,-1.18752,-5.05176,-0.136575,0.0279407,-0.0426638,12.6738,48.8367,-44.4996,57517815
-8.13071,-1.05584,-5.32231,-0.0820834,0.0144843,-0.00602525,12.6738,48.8367,-44.4996,57575343
-7.98466,-1.1564,-5.29837,-0.0754218,0.0412638,0.0376746,12.4928,47.5611,-45.726,57648485
-7.92959,-1.03669,-5.14993,0.0118446,0.0444613,0.0791095,12.4928,47.5611,-45.726,57705932
-7.92241,-0.893037,-5.37019,0.111102,0.00116121,0.093232,11.4064,47.9256,-45.726,57766141
-7.96072,-0.981623,-5.25767,0.143077,0.0199468,0.103358,11.4064,47.9256,-45.726,57830371
-7.94875,-1.02711,-5.30794,0.210759,-0.0345448,0.109619,12.3117,47.0144,-45.5508,57888994
-7.99424,-1.06781,-5.18584,0.138015,-0.0182905,0.110019,12.3117,47.0144,-45.5508,57948825
-7.98705,-1.08218,-5.2457,0.164794,-0.0309475,0.111485,12.1307,48.6545,-42.9228,58019342
-8.12831,-1.08936,-5.09965,0.142145,0.00609076,0.0925658,12.1307,48.6545,-42.9228,58077253
-8.12831,-1.04387,-5.06373,0.123093,-0.00296896,0.078843,12.4928,47.9256,-43.974,58138764
-8.16662,-1.09654,-5.04937,0.150938,0.01142,0.0491325,12.4928,47.9256,-43.974,58201058
-8.24802,-1.06542,-5.12838,0.078327,0.0303388,0.0527297,13.0359,48.8367,-43.7988,58260188
-8.17859,-1.10612,-4.9943,0.0508814,0.0532546,0.0328783,13.0359,48.8367,-43.7988,58333164
-8.19535,-1.12527,-5.03979,0.0363592,0.0664445,0.0343438,12.8549,47.5611,-45.3756,58391762
-8.17141,-1.23301,-5.05655,-0.00520894,0.0816328,0.0366087,12.8549,47.5611,-45.3756,58449310
-8.0517,-1.02232,-5.07571,-0.0195979,0.0735057,0.0278155,12.3117,49.5656,-45.5508,58510999
-8.10197,-0.950498,-5.15232,0.00131938,0.0724399,0.015425,12.3117,49.5656,-45.5508,58569473
-8.05409,-0.861912,-5.18584,0.0705996,0.0732393,0.00410032,11.4064,47.9256,-44.6748,58627809
-8.10916,-0.924162,-5.19781,0.0664694,0.0684429,0.00383386,11.4064,47.9256,-44.6748,58701737
-8.05888,-0.967257,-5.25527,0.108304,0.0515226,-0.00109568,12.4928,47.5611,-45.3756,58759184
-7.98705,-1.05105,-5.19302,0.0992443,0.0388656,-0.000829235,12.4928,47.5611,-45.3756,58822098
-8.00381,-1.08457,-5.25527,0.0856547,0.0449943,-0.0124203,13.7602,48.1078,-45.2004,58880960
-7.97748,-1.15161,-5.22175,0.118296,0.0531214,-0.00922281,13.7602,48.1078,-45.2004,58940116
-8.03494,-1.18274,-5.19781,0.0655368,0.0800341,-0.0117542,12.4928,46.4678,-44.6748,59009810
-7.97508,-1.25456,-5.17626,0.109237,0.125599,0.000902757,12.4928,46.4678,-44.6748,59068083
-7.96311,-1.25696,-5.13317,0.0544786,0.110144,-0.00336063,13.5791,47.9256,-46.0764,59125786
-7.9679,-1.33836,-5.48272,0.0326287,0.0625808,-0.00575878,13.5791,47.9256,-46.0764,59187596
-7.93199,-1.30723,-5.36062,-0.0100053,0.0845639,-0.00829019,13.5791,48.29,-46.4267,59245044
-7.94635,-1.15161,-5.26245,-0.0333207,0.0842974,-0.0212136,13.5791,48.29,-46.4267,59307354
-7.91283,-1.15161,-5.39892,0.0735307,0.0772362,-0.0314724,13.9412,46.4678,-46.7771,59376433
-7.84819,-1.28329,-5.42286,0.0643377,0.0845639,-0.0453284,13.9412,46.4678,-46.7771,59436410
-7.73327,-1.40061,-5.37977,-0.0118705,0.069642,-0.0609165,13.9412,46.8322,-46.4267,59500763
-7.76439,-1.36709,-5.58806,0.039157,0.0210126,-0.0627817,13.9412,46.8322,-46.4267,59558382
-7.78355,-1.44849,-5.55933,0.00771448,0.020613,-0.0475934,14.3033,46.8322,-46.0764,59615877
-7.84101,-1.56341,-5.43005,-0.0573023,0.0130188,-0.0236118,14.3033,46.8322,-46.0764,59674104
-7.79073,-1.47722,-5.55455,-0.000945568,-0.00749882,0.00223507,13.5791,45.7389,-45.726,59746298
-7.81946,-1.46525,-5.42286,-0.0690267,0.016616,0.0139594,13.5791,45.7389,-45.726,59803858
-7.83143,-1.43652,-5.47554,-0.0365183,0.0204797,0.0160911,14.6654,47.5611,-46.0764,59865250
-7.85298,-1.28329,-5.40371,-0.0333207,0.0469927,0.0239518,14.6654,47.5611,-46.0764,59923652
-7.81946,-1.31681,-5.50187,-0.045045,0.0417967,0.0243515,12.6738,45.5566,-46.9523,59981719
-7.78115,-1.26414,-5.63355,-0.000945568,0.0495241,0.0184893,12.6738,45.5566,-46.9523,60054773
-7.83622,-1.26893,-5.60004,-0.0345198,0.0539208,0.0199548,12.4928,48.29,-46.0764,60112685
-7.79791,-1.28569,-5.48272,-0.0253268,0.0655119,0.0234188,12.4928,48.29,-46.0764,60175840
-7.76679,-1.20428,-5.58088,-0.00321048,0.0581842,0.0283484,11.9496,47.3789,-45.9012,60236948
-7.75961,-1.23541,-5.52821,-0.0153345,0.0599162,0.032745,11.9496,47.3789,-45.9012,60294805
-7.8027,-1.21625,-5.58567,0.0246348,0.0613817,0.032745,11.7686,47.1967,-46.0764,60352278
-7.68538,-1.10133,-5.63116,0.0272995,-0.0146933,0.0411386,11.7686,47.1967,-46.0764,60423810
-7.8027,-1.13725,-5.55933,-0.00307727,0.0427293,0.013693,13.0359,45.5566,-46.6019,60481271
-7.81467,-1.09176,-5.60004,0.0917833,0.0472592,0.017157,13.0359,45.5566,-46.6019,60544456
-7.73088,-1.0726,-5.5306,0.0720651,-0.064655,0.0318124,12.1307,45.7389,-46.4267,60606542
-7.8051,-1.20907,-5.46596,0.100177,0.00275998,0.018889,12.1307,45.7389,-46.4267,60665652
-7.97269,-1.06781,-5.64792,0.120561,0.0286068,0.00170216,11.9496,47.0144,-46.6019,60738822
-7.94396,-1.35991,-5.17147,-0.105132,0.0360678,-0.00682464,11.9496,47.0144,-46.6019,60797391
-7.8865,-1.03429,-6.13155,0.175453,-0.0418725,-0.0189487,11.5875,47.7433,-45.9012,60855443
-7.79073,-1.39103,-5.13795,-0.0430466,0.0520555,0.0118277,11.5875,47.7433,-45.9012,60916807
-7.8841,-1.26893,-5.63116,0.0221035,-0.0238862,0.00276801,12.8549,46.1033,-45.726,60976080
-7.8841,-1.2809,-5.27443,0.0123776,0.11201,0.0318124,12.8549,46.1033,-45.726,61034738
-7.79313,-1.22344,-5.62398,0.0827236,0.0115532,0.0407389,12.4928,47.9256,-45.726,61108016
-7.91044,-1.20428,-5.48512,0.177851,0.179291,0.0410054,12.4928,47.9256,-45.726,61166120
-7.21612,-1.05824,-5.43723,0.0872535,-0.0974299,0.0692503,12.6738,47.3789,-46.6019,61229487
-7.96551,-1.2785,-4.96318,0.0154419,0.0729728,0.144393,12.6738,47.3789,-46.6019,61291693
-7.41723,-1.09415,-5.38216,0.0642045,-0.129139,0.0921661,14.1223,46.65,-44.4996,61349569
-8.57603,-1.32639,-5.48512,0.32667,0.178492,0.0208874,14.1223,46.65,-44.4996,61407308
-7.69736,-1.08218,-5.74129,0.0721984,-0.130071,0.0208874,11.7686,47.9256,-45.726,61477007
-8.05648,-1.39342,-4.97276,0.168125,0.0817661,0.0158247,11.7686,47.9256,-45.726,61534774
-7.87932,-1.20668,-5.71496,0.161863,-0.0314804,0.000103384,13.0359,48.1078,-45.9012,61598029
-7.87213,-1.70228,-4.97515,0.0390238,0.144784,0.0218201,13.0359,48.1078,-45.9012,61656564
-7.83383,-1.20428,-5.51863,0.158399,0.0100877,0.0372749,12.6738,48.1078,-45.9012,61717273
-7.91523,-1.44849,-5.31513,0.066203,0.110677,0.0386072,12.6738,48.1078,-45.9012,61775300
-7.86016,-1.23301,-5.54018,0.118296,0.0681765,0.0841722,12.4928,45.7389,-45.726,61846677
-7.67581,-1.52989,-5.58328,0.120028,0.0745716,0.0516638,12.4928,45.7389,-45.726,61910718
-7.80749,-1.44131,-5.63595,-0.0134692,0.175694,0.0222198,14.6654,45.7389,-47.1275,61968481
-7.7189,-1.32399,-5.50187,0.027033,0.0330035,0.0424709,14.6654,45.7389,-47.1275,62028385
-7.83861,-1.47243,-5.57609,0.0173071,-0.0305478,0.0460681,13.398,46.2855,-45.5508,62086796
-7.60638,-1.4461,-5.11401,-0.104866,0.0371336,0.0721815,13.398,46.2855,-45.5508,62157176
-7.89607,-1.34075,-5.31273,-0.0109379,-0.0044345,0.0509977,13.5791,45.7389,-45.726,62219284
-7.67581,-1.22823,-5.65271,0.033961,-0.0691849,0.0775107,13.5791,45.7389,-45.726,62280402
-8.04212,-1.41258,-5.38456,0.0145093,0.0625808,0.0728476,12.8549,46.8322,-46.7771,62337873
-7.76918,-1.01754,-5.46836,0.0123776,-0.00550035,0.121477,12.8549,46.8322,-46.7771,62396399
-7.88889,-1.14203,-5.25048,0.0399564,0.039665,0.110552,11.9496,47.0144,-45.5508,62457599
-7.91762,-1.0726,-5.48033,0.154269,0.0587171,0.112018,11.9496,47.0144,-45.5508,62526693
-7.78594,-1.13964,-5.38456,0.164794,0.106014,0.121077,12.6738,48.1078,-46.2516,62591741
-7.86974,-1.06542,-5.09725,-0.0209302,0.070175,0.101759,12.6738,48.1078,-46.2516,62649307
-7.89129,-0.794875,-5.62877,0.2005,-0.0173579,0.0961631,12.8549,46.8322,-45.3756,62707072
-7.98466,-1.13006,-5.50906,-0.0766209,0.0420632,0.105756,12.8549,46.8322,-45.3756,62765441
-7.75961,-0.773327,-5.39892,0.0972458,-0.0189567,0.0671186,11.5875,46.2855,-47.3027,62824000
-8.08761,-0.694318,-5.68144,0.109503,0.0103542,0.0380743,11.5875,46.2855,-47.3027,62892633
-8.03254,-0.988805,-5.42526,0.0515476,0.00329291,0.0132933,12.3117,47.0144,-45.5508,62959809
-8.00381,-0.948104,-5.48033,0.0623393,-0.00536712,-0.00296094,12.3117,47.0144,-45.5508,63018892
-7.80031,-1.0726,-5.23133,0.0532795,-0.0414728,-0.00122893,11.9496,47.3789,-45.9012,63079502
-8.05409,-0.976834,-5.34625,0.0799258,0.0284736,-0.00482617,11.9496,47.3789,-45.9012,63140784
-7.92002,-0.921767,-5.15232,0.0355598,0.0215456,-0.000962466,12.1307,47.9256,-45.726,63210562
-7.95832,-1.12767,-5.18584,0.0371586,0.00782277,-0.00216155,12.1307,47.9256,-45.726,63272503
-8.02297,-1.04627,-5.34625,0.12216,-0.0117622,-0.00362709,13.5791,47.1967,-45.3756,63331040
-7.98466,-1.11091,-5.25527,0.0615399,0.0190142,0.00410032,13.5791,47.1967,-45.3756,63389873
-7.96551,-1.20668,-5.19063,0.0531463,0.00835569,-0.00482617,13.217,47.9256,-45.0252,63448472
-7.99184,-1.1564,-5.19781,0.0737971,0.0227447,0.00769755,13.217,47.9256,-45.0252,63507316
-7.99184,-1.14203,-5.14753,0.0619396,0.0247431,0.0147588,13.217,46.4678,-45.726,63580257
-8.10197,-1.15401,-5.10922,0.0556777,0.0304721,0.0335444,13.217,46.4678,-45.726,63642505
-8.07085,-1.26174,-5.09246,0.0524802,0.0283404,0.039673,13.7602,47.7433,-45.9012,63701388
-8.011,-1.28569,-5.15471,0.0547451,0.0374001,0.0400727,13.7602,47.7433,-45.9012,63760055
-8.0517,-1.22104,-5.0374,0.0635383,0.0409973,0.0278155,13.217,47.5611,-45.0252,63817903
-8.04451,-1.22104,-5.20739,0.0772612,0.0320708,0.0216868,13.217,47.5611,-45.0252,63890555
-8.03015,-1.20189,-5.12838,0.0395567,0.041397,0.0210207,13.5791,46.8322,-44.6748,63952410
-8.20014,-1.13725,-5.26724,0.0737971,0.0455272,0.0525965,13.5791,46.8322,-44.6748,64010355
-8.09,-1.1971,-5.09965,-0.0144019,0.0649789,0.0851049,14.3033,48.6545,-45.0252,64068573
-7.79552,-1.14922,-5.22894,0.0960467,0.0439284,0.0973621,14.3033,48.6545,-45.0252,64127470
-7.76679,-1.08936,-5.38216,0.0638048,0.0102209,0.0624556,14.1223,47.3789,-44.85,64186415
-7.97748,-1.10612,-5.41089,0.0358263,9.53581e-05,0.0623223,14.1223,47.3789,-44.85,64255337
-8.02536,-1.10612,-5.13795,-0.0655626,0.037933,0.0280819,13.398,47.7433,-44.1492,64316704
-8.09719,-0.885855,-5.33189,0.0602076,-0.0157591,0.0263499,13.398,47.7433,-44.1492,64377688
-8.1331,-1.02951,-5.08049,0.037958,0.0581842,0.0247511,12.8549,48.29,-46.4267,64435469
-8.0517,-1.01754,-5.27203,0.0118446,0.0380662,0.0411386,12.8549,48.29,-46.4267,64492694
-8.03733,-0.914585,-5.1619,-0.023062,0.0628473,0.037941,12.3117,47.7433,-44.4996,64551316
-7.99424,-0.816422,-5.27203,0.0574097,0.0639131,0.0721815,12.3117,47.7433,-44.4996,64623998
-7.92959,-0.912191,-5.34146,0.0772612,0.0476589,0.0644541,12.3117,46.2855,-44.1492,64681619
-8.03015,-0.859518,-5.37259,0.0808584,0.0521888,0.0408721,12.3117,46.2855,-44.1492,64740024
-7.9679,-0.85473,-5.30555,0.142811,0.0516558,0.0400727,12.4928,46.4678,-46.4267,64798411
-7.85298,-0.955286,-5.36301,0.163062,0.0355348,0.0543285,12.4928,46.4678,-46.4267,64856154
-7.93917,-1.09415,-5.41329,0.137748,0.0139514,0.024085,12.3117,47.3789,-45.2004,64930668
-7.96551,-1.16119,-5.3271,0.0849886,0.00742307,-0.00455971,12.3117,47.3789,-45.2004,64993388
-8.04451,-1.20907,-5.23612,0.0376915,0.0211459,0.000369847,11.9496,47.3789,-45.5508,65053273
-7.98466,-1.18274,-5.32231,-0.023062,0.00262675,-0.0166838,11.9496,47.3789,-45.5508,65114461
-8.1331,-1.06781,-5.25048,-0.0465106,0.0158166,0.0248844,12.6738,48.1078,-44.1492,65172941
-8.06846,-1.04627,-5.15711,-0.00920591,0.0332699,0.0399395,12.6738,48.1078,-44.1492,65230847
-8.0493,-0.957681,-5.19302,-0.0407817,0.0475257,0.0474004,10.8633,45.9211,-46.2516,65307058
-7.79791,-1.15161,-4.93445,0.129754,0.305994,0.118146,10.8633,45.9211,-46.2516,65365689
-7.96072,-0.979228,-5.25767,-0.0174662,-0.0651879,0.0448691,11.9496,47.0144,-46.2516,65423063
-7.95593,-0.845153,-5.49948,-0.0266592,0.0688426,0.0394066,11.9496,47.0144,-46.2516,65481549
-7.87932,-0.830788,-5.27443,-0.131246,-0.130071,0.015425,13.0359,48.1078,-45.5508,65540270
-8.16183,-0.756567,-5.00867,0.271112,0.0568519,0.0266164,13.0359,48.1078,-45.5508,65597641
-8.06128,-0.778115,-5.2864,0.0816578,0.131595,0.011428,11.7686,49.0189,-45.726,65671269
-8.01818,-0.981623,-5.38935,-0.010405,0.0419299,0.036742,11.7686,49.0189,-45.726,65730144
-7.98945,-0.905008,-5.33428,0.000386745,0.0303388,0.022353,11.5875,47.7433,-45.9012,65787634
-7.83143,-1.14203,-4.96557,0.591667,0.283744,0.0934984,11.5875,47.7433,-45.9012,65846351
-7.90326,-1.09654,-4.93205,-0.181074,0.0957553,0.014892,12.3117,47.7433,-45.5508,65907562
-7.94875,-0.962469,-5.29597,0.0620728,-0.0899689,0.0524632,12.3117,47.7433,-45.5508,65980390
-7.87213,-1.38145,-5.53779,0.0522137,-0.17497,0.0713821,12.6738,48.4723,-45.9012,66042412
-7.98945,-0.897825,-5.31991,0.0265001,-0.0809092,0.039673,12.6738,48.4723,-45.9012,66101303
-7.90326,-0.933739,-5.26964,0.014909,-0.104225,0.0420712,11.7686,45.7389,-46.0764,66159864
-7.87453,-1.26653,-4.72855,-0.0385167,0.0187477,-0.0505245,11.7686,45.7389,-46.0764,66219128
-8.33421,-0.229843,-4.88656,-0.111794,-0.0350777,-0.0260099,11.5875,47.3789,-44.4996,66277868
-7.6375,-0.825999,-5.35104,-0.272604,-0.0233533,-0.0918261,11.5875,47.3789,-44.4996,66350456
