-0.0000028,0.0000005,0.0028279,0.0000219,0.0000000
0.0000010,0.0000024,0.0078221,0.0000610,0.0000000
0.0000181,0.0000067,0.0151820,0.0001190,0.0000000
0.0000489,0.0000155,0.0251281,0.0001954,0.0000000
0.0000934,0.0000302,0.0377177,0.0002882,0.0000000
0.0001527,0.0000540,0.0526222,0.0003927,0.0000000
0.0002255,0.0000894,0.0689152,0.0004994,0.0000000
0.0003070,0.0001327,0.0849182,0.0005922,0.0000000
0.0003885,0.0001797,0.0981389,0.0006495,0.0000000
0.0004559,0.0002225,0.1053554,0.0006444,0.0000000
0.0004905,0.0002512,0.1028602,0.0005486,0.0000000
0.0004738,0.0002609,0.0868616,0.0003389,0.0000000
0.0003866,0.0002448,0.0540353,0.0000001,0.0000000
0.0002096,0.0001939,0.0021645,-0.0004713,0.0000000
-0.0000691,0.0001013,-0.0691997,-0.0010592,0.0000000
-0.0004474,-0.0000373,-0.1581299,-0.0017228,0.0000000
-0.0009090,-0.0002213,-0.2598529,-0.0023971,0.0000000
-0.0014161,-0.0004346,-0.3665010,-0.0029904,0.0000000
-0.0019134,-0.0006554,-0.4671410,-0.0033928,0.0000000
-0.0023411,-0.0008726,-0.5481193,-0.0034909,0.0000000
-0.0026260,-0.0010676,-0.5937409,-0.0031704,0.0000000
-0.0026916,-0.0012273,-0.5872388,-0.0023317,0.0000000
-0.0024642,-0.0013369,-0.5119717,-0.0009012,0.0000000
-0.0018706,-0.0013512,-0.3527576,0.0011673,0.0000000
-0.0008588,-0.0012300,-0.0972291,0.0038707,0.0000000
0.0005936,-0.0009332,0.2629219,0.0071505,0.0000000
0.0024785,-0.0004210,0.7309293,0.0108944,0.0000000
0.0047541,0.0003246,1.3042749,0.0149399,0.0000000
0.0073518,0.0013278,1.9744428,0.0190886,0.0000000
0.0101807,0.0026234,2.7271351,0.0231246,0.0000000
0.0131375,0.0042460,3.5429496,0.0268322,0.0000000
0.0161140,0.0062296,4.3984824,0.0300119,0.0000000
0.0190037,0.0085939,5.2677655,0.0325036,2.7733000
0.0217238,0.0113092,6.1239177,0.0342170,2.8335160
0.0242051,0.0143113,6.9408852,0.0351325,2.8948970
0.0263688,0.0175346,7.6951173,0.0352882,2.9526040
0.0281614,0.0208593,8.3670079,0.0348125,3.0134770
0.0295387,0.0241296,8.9420335,0.0339133,3.0863100
0.0304792,0.0271469,9.4114469,0.0328831,3.1452930
0.0310439,0.0296133,9.7724883,0.0321277,3.2038230
0.0313186,0.0312148,10.0281946,0.0321169,3.2622880
0.0313797,0.0316731,10.1867401,0.0333596,3.3236910
0.0313404,0.0307239,10.2604401,0.0364013,3.3845980
0.0313838,0.0281099,10.2645403,0.0418124,3.4579050
0.0317078,0.0236512,10.2158285,0.0501529,3.5160040
0.0325883,0.0172259,10.1312914,0.0619348,3.5769640
0.0342840,0.0088612,10.0269020,0.0775865,3.6382330
0.0368196,-0.0010978,9.9166332,0.0974038,3.6990640
0.0401520,-0.0120874,9.8117716,0.1214931,3.7590560
0.0441581,-0.0232703,9.7204821,0.1497437,3.8287850
0.0485683,-0.0335251,9.6478110,0.1817571,3.8863000
0.0530380,-0.0415594,9.5960014,0.2167646,3.9444580
0.0571166,-0.0458390,9.5647922,0.2536771,4.0059180
0.0601831,-0.0446516,9.5521043,0.2911018,4.0653980
0.0616923,-0.0362730,9.5545610,0.3274021,4.1353560
0.0615438,-0.0191220,9.5677935,0.3608302,4.1955210
0.0599596,0.0080364,9.5873070,0.3896218,4.2564570
0.0576838,0.0458139,9.6089132,0.4121638,4.3146230
0.0560205,0.0940975,9.6289507,0.4271833,4.3776160
0.0565755,0.1520394,9.6445911,0.4339181,4.4362780
0.0614634,0.2178192,9.6537570,0.4323150,4.5049780
0.0731581,0.2887337,9.6548834,0.4231689,4.5633810
0.0941324,0.3611967,9.6471483,0.4081980,4.6221330
0.1265286,0.4306600,9.6308476,0.3900554,4.6828300
0.1717121,0.4921319,9.6069492,0.3722381,4.7454730
0.2298602,0.5404190,9.5765782,0.3589005,4.8036160
0.2996989,0.5704882,9.5452702,0.3546427,4.8748760
0.3784327,0.5780370,9.5159749,0.3641622,4.9364940
0.4617041,0.5596593,9.4923046,0.3918882,4.9938800
0.5437570,0.5128111,9.4782524,0.4415701,5.0547660
0.6179154,0.4359350,9.4775327,0.5159371,5.1131010
0.6772120,0.3311655,9.4931543,0.6164138,5.1714610
0.7149763,0.1988087,9.5267420,0.7428319,5.2400710
0.7256528,0.0431694,9.5777834,0.8933321,5.3035440
0.7053398,-0.1304892,9.6436804,1.0643097,5.3647390
0.6520583,-0.3157322,9.7202315,1.2504223,5.4225590
0.5663856,-0.5052964,9.8012886,1.4449426,5.4851310
0.4514606,-0.6913153,9.8796046,1.6401127,5.5540280
0.3128840,-0.8659435,9.9472927,1.8275795,5.6160660
0.1586131,-1.0219879,9.9958079,1.9989534,5.6779490
-0.0020238,-1.1530872,10.0178837,2.1462863,5.7400170
-0.1591069,-1.2541972,10.0082026,2.2625906,5.8010630
-0.3029397,-1.3217040,9.9640962,2.3423396,5.8605430
-0.4250264,-1.3531394,9.8867017,2.3818794,5.9323340
-0.5186403,-1.3476293,9.7801559,2.3797208,5.9946600
-0.5793531,-1.3057911,9.6511679,2.3366849,6.0558390
-0.6054720,-1.2294864,9.5087612,2.2559084,6.1144550
-0.5982197,-1.1218168,9.3634585,2.1426829,6.1736920
-0.5615707,-0.9865811,9.2264032,2.0041428,6.2350830
-0.5019491,-0.8278306,9.1087374,1.8488174,6.3035970
-0.4276374,-0.6498693,9.0201868,1.6860942,6.3653410
-0.3479354,-0.4573027,8.9673906,1.5256316,6.4261730
-0.2725327,-0.2548048,8.9539398,1.3766914,6.4838980
-0.2107347,-0.0473214,8.9795731,1.2475490,6.5420960
-0.1706780,0.1600263,9.0401457,1.1449379,6.6001920
-0.1587629,0.3623037,9.1286659,1.0735625,6.6699550
-0.1791663,0.5543612,9.2348437,1.0358828,6.7283600
-0.2334753,0.7309784,9.3459744,1.0319930,6.7890370
-0.3208052,0.8871038,9.4482482,1.0596605,6.8465700
-0.4381937,1.0178921,9.5277064,1.1145873,6.9050700
-0.5806923,1.1193384,9.5721328,1.1907595,6.9625040
-0.7419696,1.1888135,9.5726012,1.2808977,7.0356320
-0.9147467,1.2252442,9.5242084,1.3770913,7.0958330
-1.0910231,1.2292871,9.4264644,1.4714546,7.1535480
-1.2628904,1.2035094,9.2836928,1.5567205,7.2172020
-1.4228647,1.1521553,9.1043877,1.6268692,7.2752790
-1.5640789,1.0809862,8.9006439,1.6775704,7.3326550
-1.6805463,0.9971546,8.6876114,1.7064473,7.4061870
-1.7671116,0.9084661,8.4814653,1.7132713,7.4670360
-1.8192702,0.8226087,8.2980327,1.6999628,7.5273920
-1.8333659,0.7467856,8.1514870,1.6703478,7.5887960
-1.8067649,0.6872508,8.0528393,1.6297612,7.6472800
-1.7377807,0.6486436,8.0094635,1.5845729,7.7078270
-1.6260512,0.6341396,8.0248770,1.5416075,7.7775260
-1.4724655,0.6448551,8.0983101,1.5075415,7.8381030
-1.2804952,0.6790933,8.2245015,1.4883953,7.8966990
-1.0535825,0.7332880,8.3946668,1.4890168,7.9551190
-0.7983508,0.8019597,8.5970860,1.5126223,8.0138660
-0.5229815,0.8782430,8.8182359,1.5606523,8.0778950
-0.2377584,0.9551375,9.0448121,1.6327610,8.1524770
0.0457894,1.0252983,9.2638239,1.7268808,8.2109380
0.3156121,1.0815118,9.4632133,1.8395601,8.2698150
0.5597771,1.1176541,9.6329207,1.9662658,8.3287760
0.7676432,1.1292447,9.7650213,2.1017097,8.3862710
0.9300879,1.1139832,9.8546378,2.2403997,8.4456450
1.0398847,1.0726312,9.9004843,2.3770345,8.5226520
1.0922153,1.0086761,9.9043206,2.5068633,8.5813650
1.0845816,0.9275817,9.8699530,2.6259958,8.6459080
1.0173664,0.8370466,9.8029150,2.7315285,8.7048320
0.8935959,0.7457524,9.7098808,2.8216348,8.7633420
0.7186735,0.6626968,9.5978530,2.8955396,8.8251980
0.5003034,0.5968113,9.4743689,2.9534083,8.8973800
0.2473099,0.5552202,9.3460347,2.9962264,8.9575550
-0.0308138,0.5426335,9.2175023,3.0256590,9.0188700
-0.3246145,0.5610072,9.0915658,3.0438759,9.0761260
-0.6257352,0.6089019,8.9686860,3.0533654,9.1362040
-0.9267431,0.6809296,8.8480077,3.0567711,9.1970040
-1.2213450,0.7724061,8.7280473,3.0567965,9.2673660
-1.5045625,0.8737200,8.6070820,3.0560555,9.3253320
-1.7722469,0.9749639,8.4835356,3.0570020,9.3839000
-2.0213608,1.0674343,8.3562980,3.0618183,9.4415080
-2.2501107,1.1425240,8.2256058,3.0722231,9.5024660
-2.4574476,1.1934081,8.0930365,3.0893994,9.5634380
-2.6430269,1.2163386,7.9621707,3.1138006,9.6362410
-2.8066892,1.2103479,7.8381271,3.1452020,9.6938170
-2.9477010,1.1755439,7.7260848,3.1828252,9.7536730
-3.0648513,1.1161964,7.6314176,3.2252261,9.8154950
-3.1564091,1.0370271,7.5587533,3.2703348,9.8762330
-3.2201167,0.9442074,7.5116279,3.3156124,9.9343080
-3.2537047,0.8454996,7.4931155,3.3582160,10.0054900
-3.2549155,0.7491416,7.5047975,3.3952773,10.0630620
-3.2214444,0.6606157,7.5460860,3.4242333,10.1230410
-3.1516723,0.5870112,7.6143583,3.4430341,10.1843880
-3.0449729,0.5315248,7.7048847,3.4504896,10.2451660
-2.9020392,0.4955041,7.8111036,3.4464095,10.3051860
-2.7255478,0.4785509,7.9257888,3.4314706,10.3787670
-2.5198433,0.4781194,8.0412146,3.4074964,10.4363810
-2.2906353,0.4893057,8.1486579,3.3775692,10.4967980
-2.0450798,0.5059044,8.2397382,3.3456308,10.5585140
-1.7915439,0.5212368,8.3068660,3.3161734,10.6191970
-1.5392766,0.5286462,8.3436575,3.2939452,10.6809670
-1.2980281,0.5232165,8.3468477,3.2834614,10.7498740
-1.0772881,0.5018526,8.3156940,3.2887017,10.8100820
-0.8865696,0.4628426,8.2513203,3.3128774,10.8711070
-0.7323012,0.4071138,8.1573546,3.3581108,10.9315960
-0.6206272,0.3375767,8.0387434,3.4253887,10.9898510
-0.5552669,0.2589100,7.9015750,3.5145058,11.0479630
-0.5377815,0.1778743,7.7534965,3.6239558,11.1198920
-0.5671854,0.1014654,7.6020026,3.7512951,11.1778270
-0.6394578,0.0358249,7.4534529,3.8935898,11.2361220
-0.7481529,-0.0142032,7.3128463,4.0474759,11.2975920
-0.8851453,-0.0458416,7.1828286,4.2093134,11.3560080
-1.0410313,-0.0584230,7.0641348,4.3755346,11.4290160
-1.2061213,-0.0527525,6.9567984,4.5427454,11.4876620
-1.3710248,-0.0311847,6.8598505,4.7078370,11.5474900
-1.5274117,0.0021608,6.7715144,4.8681223,11.6089200
-1.6678996,0.0426077,6.6899914,5.0212065,11.6697640
-1.7881382,0.0855689,6.6131659,5.1648856,11.7270420
-1.8863096,0.1269179,6.5392894,5.2970900,11.7981750
-1.9636318,0.1642715,6.4681464,5.4157727,11.8566680
-2.0230577,0.1965196,6.4003486,5.5188896,11.9144450
-2.0704918,0.2227336,6.3368334,5.6044745,11.9754410
-2.1109474,0.2427750,6.2790759,5.6706337,12.0338460
-2.1504201,0.2569753,6.2281260,5.7155422,12.0954430
-2.1943209,0.2657539,6.1848621,5.7376533,12.1644100
-2.2474995,0.2709539,6.1511196,5.7358655,12.2266820
-2.3133117,0.2751190,6.1286920,5.7096628,12.2880900
-2.3932199,0.2777894,6.1189586,5.6593747,12.3501370
-2.4869414,0.2819822,6.1229707,5.5861643,12.4104940
-2.5918710,0.2879531,6.1402978,5.4919585,12.4713740
-2.7037353,0.2960922,6.1694149,5.3794820,12.5400100
-2.8172135,0.3073963,6.2085776,5.2521190,12.5993630
-2.9261653,0.3226451,6.2551145,5.1138582,12.6609560
-3.0248519,0.3412947,6.3053232,4.9691581,12.7182540
-3.1082872,0.3622019,6.3549326,4.8227065,12.7798630
-3.1728502,0.3834521,6.3985899,4.6792516,12.8379820
-3.2167995,0.4025646,6.4308357,4.5433269,12.9088390
-3.2399357,0.4178820,6.4477097,4.4190078,12.9715470
-3.2438967,0.4281203,6.4464311,4.3097929,13.0323230
-3.2317377,0.4315753,6.4258726,4.2185109,13.0900040
-3.2076513,0.4276409,6.3866712,4.1472180,13.1482640
-3.1769925,0.4157512,6.3300265,4.0972378,13.2067680
-3.1453488,0.3958661,6.2581309,4.0691364,13.2772140
-3.1180875,0.3692937,6.1742731,4.0626591,13.3425210
-3.0996232,0.3381576,6.0821205,4.0769176,13.4001450
-3.0924686,0.3034393,5.9857479,4.1104931,13.4576570
-3.0972695,0.2672441,5.8891461,4.1614830,13.5171550
-3.1127518,0.2308321,5.7954174,4.2277019,13.5783580
-3.1358404,0.1952375,5.7070447,4.3067496,13.6471350
-3.1624096,0.1622386,5.6262575,4.3959081,13.7128380
-3.1875148,0.1344122,5.5548857,4.4923833,13.7705600
-3.2056119,0.1127759,5.4947646,4.5936383,13.8284350
-3.2114876,0.1002213,5.4476322,4.6973959,13.8903610
-3.2007683,0.0986383,5.4147159,4.8018449,13.9488940
-3.1703366,0.1095033,5.3970201,4.9057176,14.0203250
-3.1190667,0.1342916,5.3954528,5.0081374,14.0841810
-3.0477407,0.1746157,5.4106993,5.1089239,14.1419310
-2.9584932,0.2282164,5.4430234,5.2087128,14.2028190
-2.8551185,0.2940004,5.4921447,5.3087549,14.2614180
-2.7429560,0.3680635,5.5568829,5.4109538,14.3186200
-2.6282770,0.4450074,5.6350458,5.5176050,14.3935260
-2.5186353,0.5188668,5.7238864,5.6308182,14.4515460
-2.4220034,0.5832010,5.8198178,5.7524328,14.5105110
-2.3455942,0.6309119,5.9181238,5.8840567,14.5691050
-2.2960504,0.6554333,6.0135951,6.0267483,14.6278850
-2.2787856,0.6516660,6.1007158,6.1808359,14.6864220
-2.2975961,0.6163424,6.1741158,6.3458520,14.7589210
-2.3547861,0.5492927,6.2298802,6.5204153,14.8174710
-2.4497713,0.4532261,6.2653250,6.7023746,14.8792660
-2.5804229,0.3324458,6.2786034,6.8889914,14.9371930
-2.7401310,0.1934359,6.2695582,7.0770034,14.9990900
-2.9204055,0.0443301,6.2394574,7.2628737,15.0574800
-3.1106583,-0.1057387,6.1912879,7.4429073,15.1320120
-3.2993495,-0.2459643,6.1309431,7.6131561,15.1934240
-3.4746132,-0.3653322,6.0660891,7.7696367,15.2511430
-3.6249485,-0.4540444,6.0051902,7.9087002,15.3088180
-3.7402691,-0.5036962,5.9573374,8.0270517,15.3691060
-3.8128594,-0.5083223,5.9304893,8.1216823,15.4308800
-3.8379683,-0.4648679,5.9310999,8.1900552,15.4998450
-3.8145796,-0.3728030,5.9643921,8.2302136,15.5644900
-3.7450145,-0.2348885,6.0326959,8.2408509,15.6224340
-3.6350666,-0.0578952,6.1349873,8.2215455,15.6800020
-3.4923040,0.1481928,6.2669404,8.1727639,15.7419040
-3.3262616,0.3705643,6.4202425,8.0958296,15.8027180
-3.1473948,0.5944518,6.5841034,7.9930675,15.8711470
-2.9667242,0.8051550,6.7470718,7.8677882,15.9295870
-2.7946921,0.9886075,6.8975651,7.7242412,15.9882970
-2.6404694,1.1318937,7.0252004,7.5675488,16.0464300
-2.5111685,1.2248090,7.1216700,7.4035728,16.1077880
-2.4113396,1.2603939,7.1806965,7.2388111,16.1691320
-2.3428375,1.2354197,7.1991106,7.0800731,16.2393370
-2.3049312,1.1515954,7.1777892,6.9340545,16.3015560
-2.2947674,1.0155057,7.1209272,6.8072837,16.3598520
-2.3075414,0.8346790,7.0356475,6.7060150,16.4179230
-2.3372224,0.6210150,6.9313381,6.6359162,16.4795840
-2.3771887,0.3869694,6.8178817,6.6019411,16.5508660
-2.4207986,0.1454944,6.7053709,6.6080647,16.6101270
-2.4622908,-0.0897619,6.6040409,6.6570098,16.6684810
-2.4971786,-0.3057745,6.5226835,6.7501891,16.7271430
-2.5225903,-0.4910497,6.4678834,6.8876086,16.7875620
-2.5373958,-0.6361076,6.4436733,7.0678401,16.8511450
-2.5422550,-0.7341068,6.4501524,7.2880835,16.9200880
-2.5393527,-0.7809516,6.4843783,7.5441930,16.9807090
-2.5319740,-0.7747753,6.5419271,7.8307442,17.0401570
-2.5242753,-0.7158396,6.6163633,8.1411552,17.0984020
-2.5203748,-0.6074892,6.7007097,8.4679093,17.1603690
-2.5240497,-0.4544329,6.7881245,8.8027339,17.2187060
-2.5385800,-0.2628777,6.8714296,9.1368595,17.2886510
-2.5658235,-0.0401477,6.9454696,9.4613496,17.3470180
-2.6062455,0.2067182,7.0078842,9.7673319,17.4047010
-2.6586386,0.4707752,7.0590613,10.0463649,17.4705340
-2.7196953,0.7447563,7.1027921,10.2907485,17.5286990
-2.7846060,1.0218892,7.1448731,10.4939471,17.5862200
-2.8474345,1.2955908,7.1916067,10.6510583,17.6590830
-2.9012707,1.5594425,7.2494228,10.7590306,17.7168730
-2.9387019,1.8075097,7.3241000,10.8168287,17.7742140
-2.9523074,2.0337776,7.4197403,10.8256343,17.8360270
-2.9345793,2.2317765,7.5389038,10.7889979,17.8950970
-2.8786988,2.3948666,7.6818231,10.7126850,17.9525650
-2.7793587,2.5165025,7.8455373,10.6045547,18.0257300
-2.6327852,2.5905154,8.0250966,10.4741828,18.0831490
-2.4375684,2.6119699,8.2137232,10.3320770,18.1440580
-2.1949457,2.5776550,8.4036422,10.1892037,18.2082530
-1.9085917,2.4864284,8.5876931,10.0563892,18.2662000
-1.5852290,2.3399332,8.7589722,9.9436112,18.3243310
-1.2347599,2.1430344,8.9114875,9.8594937,18.4016560
-0.8698591,1.9035918,9.0406094,9.8106903,18.4623630
-0.5059765,1.6321528,9.1429221,9.8013749,18.5222070
-0.1600105,1.3415713,9.2171190,9.8330888,18.5807770
0.1513201,1.0454284,9.2637496,9.9047242,18.6383770
0.4124791,0.7574849,9.2850651,10.0126706,18.6974770
0.6109713,0.4911385,9.2846039,10.1512673,18.7705970
0.7378897,0.2576635,9.2666467,10.3132125,18.8281560
0.7882921,0.0660014,9.2361934,10.4900441,18.8907440
0.7620468,-0.0780406,9.1985473,10.6728780,18.9485580
0.6635769,-0.1727070,9.1594378,10.8530669,19.0071410
0.5021122,-0.2196094,9.1242587,11.0228351,19.0661370
0.2913507,-0.2231955,9.0978950,11.1758853,19.1387910
0.0480858,-0.1905246,9.0844592,11.3077319,19.1961410
-0.2092211,-0.1305258,9.0866942,11.4158680,19.2551110
-0.4620984,-0.0530605,9.1068110,11.4998199,19.3166920
-0.6938505,0.0309759,9.1456735,11.5609860,19.3742870
-0.8907927,0.1109956,9.2030973,11.6023549,19.4366560
-1.0428320,0.1780782,9.2781873,11.6281183,19.5086020
-1.1447529,0.2245779,9.3682185,11.6431120,19.5689380
-1.1965635,0.2453938,9.4696492,11.6523579,19.6285080
-1.2032893,0.2378578,9.5775795,11.6605096,19.6860980
-1.1750484,0.2008549,9.6854676,11.6713197,19.7439990
-1.1252478,0.1358725,9.7860484,11.6875052,19.8016080
-1.0690149,0.0466462,9.8707228,11.7105566,19.8772230
-1.0219897,-0.0613824,9.9303616,11.7406789,19.9346710
-0.9984677,-0.1809432,9.9561335,11.7769651,19.9926420
-1.0106849,-0.3042061,9.9396719,11.8176574,20.0565450
-1.0681801,-0.4242776,9.8738864,11.8604925,20.1144820
-1.1768435,-0.5352439,9.7534303,11.9030755,20.1751140
-1.3387534,-0.6326390,9.5747392,11.9434852,20.2477060
-1.5519809,-0.7139648,9.3366753,11.9806238,20.3050660
-1.8102838,-0.7777459,9.0415307,12.0142556,20.3623060
-2.1040130,-0.8245339,8.6948226,12.0452895,20.4264150
-2.4217623,-0.8555248,8.3054523,12.0758517,20.4846020
-2.7504003,-0.8741919,7.8854928,12.1091004,20.5455430
-3.0747694,-0.8844085,7.4486459,12.1490998,20.6177450
-3.3799512,-0.8905107,7.0100505,12.2003758,20.6755080
-3.6529339,-0.8962889,6.5860883,12.2673967,20.7330470
-3.8822927,-0.9055051,6.1928050,12.3542285,20.7977980
-4.0587048,-0.9211305,5.8449935,12.4640646,20.8564470
-4.1754439,-0.9461691,5.5553272,12.5989238,20.9173080
-4.2285678,-0.9824166,5.3324164,12.7595055,20.9889290
-4.2171344,-1.0307716,5.1810085,12.9449823,21.0462140
-4.1428170,-1.0905786,5.1031259,13.1530647,21.1037670
-4.0100039,-1.1597036,5.0970826,13.3801592,21.1695510
-3.8255471,-1.2350504,5.1581600,13.6216071,21.2274280
-3.5982623,-1.3121725,5.2788845,13.8720989,21.2911040
-3.3392639,-1.3851766,5.4476272,14.1260201,21.3609100
-3.0610979,-1.4473639,5.6504246,14.3778300,21.4199160
-2.7769155,-1.4912966,5.8723585,14.6224620,21.4791940
-2.5004146,-1.5095469,6.0980265,14.8555648,21.5376790
-2.2446478,-1.4963309,6.3135603,15.0735360,21.6009940
-2.0217009,-1.4473466,6.5073955,15.2736344,21.6637940
-1.8427573,-1.3596295,6.6706827,15.4540747,21.7342420
-1.7169563,-1.2325380,6.7982038,15.6138504,21.7941360
-1.6507768,-1.0670865,6.8894218,15.7525798,21.8560380
-1.6478965,-0.8663015,6.9478386,15.8703079,21.9142020
-1.7087190,-0.6361082,6.9802280,15.9672612,21.9746560
-1.8305955,-0.3838453,6.9966294,16.0437848,22.0489450
-2.0085255,-0.1177552,7.0077379,16.1002382,22.1080270
-2.2351821,0.1532918,7.0244327,16.1369679,22.1653720
-2.5013367,0.4207821,7.0573119,16.1544253,22.2241490
-2.7962849,0.6762497,7.1141700,16.1531421,22.2850870
-3.1079795,0.9110480,7.2003064,16.1338051,22.3429760
-3.4235512,1.1169504,7.3175803,16.0974056,22.4146920
-3.7293391,1.2867982,7.4639139,16.0453595,22.4731430
-4.0115440,1.4144486,7.6344070,15.9796358,22.5313550
-4.2569582,1.4950901,7.8215357,15.9027801,22.5936820
-4.4531462,1.5254417,8.0161730,15.8178787,22.6550990
-4.5894526,1.5029868,8.2084643,15.7283768,22.7173900
-4.6569753,1.4270996,8.3891245,15.6380060,22.7858840
-4.6483077,1.2998988,8.5501471,15.5506188,22.8463490
-4.5584534,1.1259326,8.6855624,15.4699697,22.9074200
-4.3849857,0.9127910,8.7919995,15.3996263,22.9682480
-4.1287530,0.6701526,8.8681449,15.3425782,23.0283240
-3.7948403,0.4085838,8.9153310,15.3010624,23.0868150
-3.3924058,0.1394662,8.9368756,15.2764540,23.1553840
-2.9345874,-0.1253744,8.9377374,15.2691129,23.2139450
-2.4378438,-0.3743760,8.9242367,15.2785535,23.2726370
-1.9212029,-0.5969099,8.9024093,15.3035182,23.3338750
-1.4050631,-0.7839616,8.8779487,15.3421128,23.3963200
-0.9098038,-0.9295719,8.8554308,15.3919845,23.4542190
-0.4548793,-1.0306459,8.8379885,15.4504577,23.5254010
-0.0568138,-1.0862892,8.8280124,15.5148117,23.5870560
0.2716465,-1.0983252,8.8265610,15.5823879,23.6477250
0.5223163,-1.0703630,8.8336241,15.6507597,23.7055710
0.6923757,-1.0080850,8.8479340,15.7179417,23.7644530
0.7836503,-0.9199270,8.8666104,15.7822469,23.8228990
0.8022627,-0.8158115,8.8856466,15.8424792,23.8929970
0.7573243,-0.7066190,8.8998893,15.8982079,23.9553120
0.6599586,-0.6031692,8.9036906,15.9496078,24.0167760
0.5222366,-0.5147203,8.8913839,15.9974779,24.0745680
0.3556696,-0.4486884,8.8573431,16.0431770,24.1339810
0.1705642,-0.4105652,8.7963418,16.0884705,24.1924410
-0.0254331,-0.4033313,8.7036906,16.1355675,24.2610270
-0.2278807,-0.4271730,8.5753667,16.1869451,24.3222220
-0.4353298,-0.4796441,8.4085022,16.2452386,24.3811600
-0.6486663,-0.5552148,8.2019478,16.3131450,24.4388640
-0.8696041,-0.6462983,7.9566054,16.3931199,24.5013140
-1.1005835,-0.7447920,7.6757216,16.4872718,24.5590790
-1.3434865,-0.8423336,7.3654144,16.5970817,24.6302460
-1.5967854,-0.9314872,7.0348007,16.7231204,24.6956810
-1.8557162,-1.0060165,6.6956068,16.8650941,24.7532620
-2.1134121,-1.0605450,6.3624739,17.0216654,24.8110280
-2.3607440,-1.0916664,6.0516772,17.1905151,24.8693730
-2.5869984,-1.0976036,5.7795979,17.3685086,24.9389240
-2.7808892,-1.0793130,5.5621552,17.5517407,25.0005440
-2.9318678,-1.0396489,5.4125488,17.7358664,25.0586410
-3.0315338,-0.9831160,5.3401393,17.9163805,25.1177400
-3.0745006,-0.9146255,5.3497452,18.0889460,25.1793650
-3.0596628,-0.8396191,5.4403133,18.2497305,25.2375310
-2.9907717,-0.7638242,5.6046320,18.3956882,25.3093820
-2.8761520,-0.6926382,5.8298544,18.5247812,25.3756150
-2.7284038,-0.6312643,6.0984950,18.6360442,25.4331860
-2.5629096,-0.5836953,6.3897526,18.7296925,25.4905100
-2.3957122,-0.5522155,6.6821386,18.8070166,25.5486080
-2.2421882,-0.5374443,6.9553384,18.8701849,25.6072900
-2.1152886,-0.5385287,7.1916608,18.9220158,25.6778720
-2.0241755,-0.5535677,7.3785178,18.9655469,25.7434960
-1.9735972,-0.5793611,7.5096113,19.0037075,25.8012600
-1.9627924,-0.6119966,7.5852490,19.0389842,25.8587840
-1.9884852,-0.6466576,7.6128295,19.0731660,25.9176720
-2.0388360,-0.6782534,7.6054087,19.1072172,25.9790420
-2.1016790,-0.7029431,7.5786816,19.1411572,26.0841410
-2.1625669,-0.7178910,7.5498763,19.1741508,26.1432480
-2.2074856,-0.7218024,7.5356754,19.2046234,26.2003580
-2.2241050,-0.7148111,7.5495915,19.2305486,26.2585960
-2.2033271,-0.6976008,7.6021461,19.2498537,26.3168750
-2.1403404,-0.6718226,7.6986979,19.2607160,26.3777130
-2.0352723,-0.6403774,7.8377603,19.2619361,26.4523180
-1.8934188,-0.6068942,8.0123968,19.2531166,26.5099700
-1.7246106,-0.5753663,8.2102774,19.2347687,26.5701360
-1.5423206,-0.5497691,8.4150392,19.2083931,26.6316520
-1.3619807,-0.5327462,8.6089178,19.1764450,26.6894820
-1.1996876,-0.5259534,8.7737078,19.1421914,26.7528040
-1.0709883,-0.5307920,8.8915435,19.1093856,26.8244240
-0.9892675,-0.5476942,8.9473371,19.0819773,26.8824470
-0.9650015,-0.5766011,8.9304145,19.0636457,26.9445860
-1.0044088,-0.6165705,8.8350648,19.0575312,27.0024460
-1.1088426,-0.6647365,8.6625064,19.0661952,27.0598180
-1.2749841,-0.7171939,8.4201748,19.0913068,27.1215530
-1.4947636,-0.7697020,8.1199856,19.1336009,27.1910760
-1.7568870,-0.8177605,7.7787694,19.1928917,27.2486380
-2.0482249,-0.8573326,7.4164675,19.2679969,27.3069310
-2.3548027,-0.8850662,7.0545217,19.3570985,27.3653560
-2.6635607,-0.8978179,6.7150825,19.4579855,27.4263370
-2.9628556,-0.8935003,6.4181432,19.5685421,27.4853720
-3.2425564,-0.8718357,6.1794576,19.6867913,27.5544550
-3.4949270,-0.8339867,6.0098898,19.8112250,27.6132610
-3.7147381,-0.7828987,5.9147054,19.9408519,27.6708260
-3.8993579,-0.7227009,5.8934680,20.0753255,27.7304730
-4.0489493,-0.6573733,5.9413912,20.2148364,27.7950180
-4.1658825,-0.5909236,6.0496582,20.3599607,27.8527560
-4.2538261,-0.5271656,6.2059842,20.5113629,27.9223850
-4.3172761,-0.4692722,6.3967551,20.6695413,27.9810770
-4.3614758,-0.4201772,6.6075918,20.8346463,28.0384610
-4.3915759,-0.3822766,6.8246787,21.0062027,28.1004300
-4.4124656,-0.3570601,7.0363152,21.1830584,28.1616350
-4.4283915,-0.3456033,7.2326612,21.3632264,28.2191620
-4.4417749,-0.3489950,7.4056457,21.5438301,28.2908250
-4.4535812,-0.3683032,7.5494554,21.7213372,28.3481160
-4.4634110,-0.4049496,7.6607302,21.8917156,28.4053900
-4.4695197,-0.4607817,7.7377698,22.0509118,28.4725840
-4.4696071,-0.5371111,7.7809758,22.1953653,28.5305770
-4.4608597,-0.6351662,7.7920436,22.3222895,28.5882470
-4.4401971,-0.7563580,7.7721422,22.4301181,28.6606420
-4.4047884,-0.9012847,7.7233767,22.5186627,28.7177460
-4.3522313,-1.0702470,7.6486862,22.5889620,28.7748090
-4.2809752,-1.2625539,7.5516513,22.6434022,28.8419860
-4.1904730,-1.4753003,7.4380365,22.6856169,28.8996960
-4.0812937,-1.7041826,7.3142278,22.7201096,28.9573040
-3.9553454,-1.9435275,7.1860933,22.7520423,29.0325320
-3.8156507,-2.1860831,7.0598311,22.7867097,29.0903960
-3.6663815,-2.4237939,6.9419270,22.8289288,29.1476280
-3.5123507,-2.6476414,6.8392859,22.8827342,29.2101370
-3.3583116,-2.8470486,6.7601342,22.9510233,29.2713630
-3.2087417,-3.0111211,6.7132012,23.0352500,29.3406940
-3.0672069,-3.1294949,6.7061706,23.1353662,29.4032870
-2.9363623,-3.1927904,6.7461758,23.2497488,29.4616980
-2.8181233,-3.1945704,6.8392586,23.3751899,29.5209750
-2.7133802,-3.1316090,6.9893654,23.5072531,29.5833720
-2.6220038,-3.0039340,7.1985361,23.6406581,29.6447680
-2.5429136,-2.8158348,7.4653371,23.7697228,29.7147550
-2.4741612,-2.5755901,7.7833208,23.8890199,29.7776730
-2.4135171,-2.2950502,8.1417513,23.9937945,29.8353380
-2.3588651,-1.9892009,8.5263028,24.0803269,29.8925970
-2.3071234,-1.6749422,8.9193827,24.1463783,29.9541250
-2.2591764,-1.3690827,9.3023256,24.1913410,30.0165280
-2.2123535,-1.0874768,9.6561157,24.2163422,30.0848790
-2.1663446,-0.8441982,9.9611555,24.2242832,30.1441270
-2.1214963,-0.6497613,10.2005078,24.2195033,30.2022750
-2.0791075,-0.5112107,10.3613256,24.2073819,30.2645680
-2.0411304,-0.4313608,10.4357132,24.1939521,30.3238480
-2.0107656,-0.4078215,10.4231671,24.1853597,30.3824700
-1.9914053,-0.4344972,10.3287849,24.1874368,30.4560910
-1.9849914,-0.5022513,10.1615934,24.2053924,30.5146550
-1.9929656,-0.5997573,9.9344850,24.2433921,30.5718040
-2.0171679,-0.7154561,9.6623687,24.3042804,30.6344310
-2.0585085,-0.8376031,9.3618374,24.3894286,30.6929770
-2.1166939,-0.9544450,9.0509804,24.4986482,30.7510570
-2.1903750,-1.0552327,8.7475906,24.6302503,30.8249800
-2.2763578,-1.1301384,8.4675641,24.7812088,30.8823080
-2.3706514,-1.1713170,8.2241980,24.9474340,30.9452410
-2.4691268,-1.1737599,8.0276431,25.1240024,31.0059340
-2.5676692,-1.1352021,7.8845021,25.3055115,31.0636390
-2.6634693,-1.0563260,7.7989490,25.4864450,31.1208320
-2.7542602,-0.9402344,7.7718040,25.6615008,31.1938330
-2.8380176,-0.7923845,7.7996876,25.8259221,31.2511450
-2.9132939,-0.6202636,7.8758500,25.9757861,31.3115570
-2.9782786,-0.4331517,7.9894276,26.1082383,31.3696520
-3.0319614,-0.2418188,8.1274169,26.2216025,31.4282440
-3.0746513,-0.0573168,8.2764060,26.3153258,31.4856350
-3.1076420,0.1093140,8.4228811,26.3901967,31.5595770
-3.1337874,0.2474868,8.5545641,26.4478919,31.6202110
-3.1566400,0.3480482,8.6601933,26.4908764,31.6803130
-3.1799085,0.4040906,8.7301270,26.5219916,31.7424330
-3.2077456,0.4110831,8.7571165,26.5440897,31.7998030
-3.2447637,0.3669299,8.7370719,26.5596553,31.8580100
-3.2959222,0.2727283,8.6695255,26.5704477,31.9301250
-3.3666340,0.1327760,8.5570958,26.5771474,31.9908500
-3.4623333,-0.0457649,8.4055464,26.5791904,32.0529850
-3.5876482,-0.2533807,8.2228262,26.5746926,32.1124590
-3.7465261,-0.4789745,8.0188925,26.5604845,32.1714140
-3.9417028,-0.7104621,7.8056092,26.5324701,32.2331710
-4.1741311,-0.9357463,7.5955691,26.4859213,32.3023910
-4.4429079,-1.1436956,7.4009345,26.4159505,32.3641820
-4.7443554,-1.3249969,7.2321892,26.3180622,32.4224980
-5.0713653,-1.4728083,7.0978204,26.1885264,32.4845420
-5.4138754,-1.5833970,7.0034588,26.0249171,32.5420330
-5.7596100,-1.6561942,6.9522239,25.8265423,32.6035910
-6.0941772,-1.6937484,6.9444507,25.5946502,32.6756930
-6.4021716,-1.7021317,6.9762603,25.3324381,32.7357550
-6.6679619,-1.6900493,7.0406217,25.0450953,32.7940930
-6.8759923,-1.6683412,7.1271239,24.7396705,32.8515120
-7.0129036,-1.6489362,7.2233951,24.4244916,32.9105890
-7.0684652,-1.6428536,7.3174667,24.1086993,32.9813150
-7.0364491,-1.6594651,7.3982189,23.8016648,33.0442720
-6.9157459,-1.7053150,7.4572245,23.5123980,33.1036770
-6.7098881,-1.7835598,7.4884050,23.2489766,33.1613550
-6.4270094,-1.8939004,7.4873304,23.0178929,33.2195670
-6.0795974,-2.0322826,7.4527997,22.8236694,33.2808410
-5.6840212,-2.1910664,7.3880180,22.6686014,33.3526610
-5.2595511,-2.3595809,7.2995291,22.5525883,33.4152870
-4.8271548,-2.5253325,7.1956008,22.4730309,33.4733660
-4.4082350,-2.6752016,7.0857449,22.4251769,33.5307480
-4.0228477,-2.7971302,6.9789568,22.4026297,33.5932800
-3.6890596,-2.8810898,6.8833333,22.3975682,33.6510420
-3.4219302,-2.9196988,6.8058124,22.4013374,33.7240540
-3.2325025,-2.9090053,6.7514210,22.4050030,33.7848240
-3.1273499,-2.8484459,6.7236934,22.3997979,33.8428490
-3.1078591,-2.7412371,6.7233930,22.3778687,33.9029890
-3.1702965,-2.5938189,6.7485755,22.3326850,33.9641350
-3.3062829,-2.4151121,6.7954840,22.2593898,34.0218840
-3.5038809,-2.2155257,6.8599024,22.1551242,34.0931250
-3.7482801,-2.0053976,6.9378845,22.0189808,34.1525290
-4.0227109,-1.7946466,7.0245658,21.8519250,34.2113700
-4.3097206,-1.5915178,7.1156395,21.6567212,34.2687630
-4.5915302,-1.4021237,7.2072280,21.4377406,34.3278320
-4.8516061,-1.2302219,7.2960291,21.2004952,34.3890450
-5.0764118,-1.0761891,7.3812111,20.9512303,34.4609720
-5.2558275,-0.9377832,7.4634058,20.6964669,34.5232130
-5.3824233,-0.8103624,7.5448369,20.4423717,34.5813620
-5.4514645,-0.6877158,7.6286234,20.1945400,34.6393270
-5.4621131,-0.5638255,7.7173037,19.9577742,34.7022880
-5.4165461,-0.4330730,7.8130294,19.7356212,34.7632490
-5.3194144,-0.2911175,7.9172375,19.5301515,34.8339230
-5.1776456,-0.1355205,8.0306637,19.3418971,34.8931520
-4.9990619,0.0351153,8.1533093,19.1698335,34.9517920
-4.7923515,0.2204608,8.2841859,19.0114988,35.0093730
-4.5662430,0.4163110,8.4205753,18.8632102,35.0677130
-4.3291295,0.6193397,8.5583973,18.7204133,35.1329150
-4.0898967,0.8225138,8.6932434,18.5780348,35.2015530
-3.8569005,1.0179961,8.8201952,18.4309313,35.2633490
-3.6380338,1.1977523,8.9352409,18.2743388,35.3212780
-3.4405057,1.3538281,9.0349447,18.1041631,35.3789650
-3.2691542,1.4787694,9.1150418,17.9174192,35.4408700
-3.1271992,1.5664215,9.1717592,17.7123901,35.4989630
-3.0163831,1.6127986,9.2016733,17.4886437,35.5691710
-2.9366163,1.6160420,9.2021811,17.2471440,35.6284930
-2.8872352,1.5766391,9.1732645,16.9900802,35.6861860
-2.8665132,1.4971237,9.1165489,16.7206527,35.7443170
-2.8710581,1.3818254,9.0345052,16.4428393,35.8060430
-2.8966882,1.2371690,8.9307411,16.1610116,35.8760050
-2.9385124,1.0702258,8.8090850,15.8795557,35.9382280
-2.9911973,0.8883256,8.6735426,15.6025883,35.9955600
-3.0499872,0.6990348,8.5291198,15.3336896,36.0533770
-3.1102358,0.5087159,8.3803237,15.0757880,36.1115820
-3.1669633,0.3222774,8.2304671,14.8311635,36.1756760
-3.2153632,0.1422693,8.0815894,14.6014948,36.2454380
-3.2505848,-0.0303215,7.9332497,14.3880346,36.3075530
-3.2683237,-0.1961950,7.7840039,14.1917456,36.3654010
-3.2657472,-0.3567505,7.6322688,14.0134907,36.4225550
-3.2415055,-0.5136331,7.4766144,13.8542096,36.4811210
-3.1954733,-0.6686311,7.3169557,13.7150032,36.5455560
-3.1289413,-0.8222943,7.1540841,13.5972159,36.6144020
-3.0452694,-0.9729195,6.9902485,13.5023937,36.6762010
-2.9494253,-1.1169967,6.8293698,13.4321937,36.7345370
-2.8480763,-1.2495336,6.6771032,13.3880394,36.7921300
-2.7493014,-1.3639464,6.5411941,13.3708302,36.8534250
-2.6607755,-1.4530574,6.4301584,13.3809357,36.9121260
-2.5899574,-1.5095000,6.3531898,13.4178276,36.9809890
-2.5437797,-1.5260261,6.3190735,13.4797511,37.0393040
-2.5276603,-1.4971551,6.3348612,13.5637276,37.1005660
-2.5460683,-1.4191110,6.4068438,13.6655478,37.1582300
-2.6017590,-1.2908553,6.5389881,13.7798950,37.2229820
-2.6948620,-1.1154260,6.7304839,13.9006183,37.2822890
-2.8234390,-0.8988168,6.9762597,14.0210055,37.3527190
-2.9838890,-0.6502311,7.2674327,14.1342191,37.4144960
-3.1708422,-0.3815611,7.5915321,14.2337731,37.4730980
-3.3777231,-0.1057833,7.9340817,14.3137134,37.5370990
-3.5971098,0.1627623,8.2785067,14.3691552,37.5972980
-3.8199320,0.4088736,8.6067252,14.3969177,37.6560830
-4.0365916,0.6176818,8.9005143,14.3956418,37.7278680
-4.2380947,0.7749397,9.1409274,14.3659852,37.7862500
-4.4156584,0.8685255,9.3108569,14.3105548,37.8435160
-4.5620241,0.8900779,9.3976783,14.2335092,37.9066830
-4.6715605,0.8352182,9.3932938,14.1403685,37.9651530
-4.7395309,0.7041335,9.2945937,14.0376278,38.0229810
-4.7635721,0.5015255,9.1029548,13.9322660,38.0935700
-4.7440838,0.2358835,8.8239444,13.8313832,38.1511340
-4.6840218,-0.0808569,8.4673180,13.7416327,38.2132540
-4.5895698,-0.4341282,8.0465502,13.6685684,38.2708620
-4.4687905,-0.8074359,7.5783602,13.6163236,38.3291950
-4.3301496,-1.1835938,7.0820520,13.5874556,38.3867110
-4.1821315,-1.5454807,6.5786590,13.5827631,38.4562910
-4.0319245,-1.8764740,6.0894136,13.6014047,38.5138930
-3.8852766,-2.1620646,5.6352538,13.6409750,38.5752250
-3.7466522,-2.3900087,5.2364857,13.6975481,38.6337430
-3.6186433,-2.5510929,4.9115059,13.7660608,38.6911520
-3.5021678,-2.6402830,4.6763098,13.8407802,38.7528460
-3.3964110,-2.6559373,4.5431308,13.9158075,38.8222580
-3.2990055,-2.5998669,4.5191044,13.9854199,38.8852170
-3.2068174,-2.4775193,4.6059090,14.0444716,38.9462980
-3.1167228,-2.2971946,4.7993876,14.0888609,39.0043560
-3.0262782,-2.0694090,5.0898094,14.1156484,39.0643580
-2.9342101,-1.8098185,5.4620854,14.1231470,39.1342290
-2.8407649,-1.5337309,5.8965002,14.1110582,39.1924170
-2.7476630,-1.2586938,6.3694284,14.0804189,39.2539420
-2.6580703,-1.0024609,6.8548281,14.0335276,39.3125060
-2.5763595,-0.7815935,7.3264972,13.9738963,39.3703860
-2.5074358,-0.6101826,7.7597305,13.9059610,39.4325680
-2.4559052,-0.4990234,8.1336221,13.8348120,39.5014760
-2.4253664,-0.4545518,8.4320561,13.7658931,39.5651050
-2.4178548,-0.4774847,8.6447829,13.7045637,39.6265370
-2.4333165,-0.5630113,8.7680524,13.6558000,39.6847780
-2.4697648,-0.7010000,8.8041998,13.6238639,39.7452240
-2.5230284,-0.8765098,8.7623219,13.6120661,39.8038600
-2.5866130,-1.0720732,8.6565392,13.6226009,39.8747000
-2.6524697,-1.2689834,8.5051589,13.6563959,39.9399320
-2.7112232,-1.4492446,8.3296562,13.7131108,39.9984590
-2.7535027,-1.5973097,8.1513705,13.7911848,40.0596030
-2.7714817,-1.7013390,7.9911860,13.8879313,40.1180060
-2.7593659,-1.7544662,7.8669124,13.9998418,40.1761950
-2.7144190,-1.7543264,7.7911568,14.1229338,40.2499290
-2.6369428,-1.7046926,7.7720229,14.2530153,40.3105100
-2.5297379,-1.6138189,7.8107301,14.3861080,40.3705220
-2.3981712,-1.4937310,7.9029292,14.5187065,40.4314740
-2.2496018,-1.3592399,8.0410399,14.6479588,40.4891010
-2.0926891,-1.2251730,8.2132501,14.7719053,40.5463460
-1.9366745,-1.1055057,8.4049275,14.8895065,40.6205860
-1.7902870,-1.0118983,8.6008630,15.0005929,40.6784620
-1.6607844,-0.9514908,8.7871025,15.1056756,40.7373420
-1.5531880,-0.9270773,8.9520051,15.2057763,40.7953080
-1.4697943,-0.9380015,9.0869061,15.3022137,40.8531010
-1.4099255,-0.9799607,9.1870325,15.3963414,40.9143850
-1.3697276,-1.0456802,9.2513952,15.4894409,40.9866140
-1.3427863,-1.1263165,9.2830487,15.5824084,41.0480370
-1.3210617,-1.2114107,9.2882905,15.6755825,41.1058630
-1.2956228,-1.2906335,9.2758078,15.7687518,41.1636470
-1.2579760,-1.3549616,9.2564806,15.8611150,41.2218320
-1.2007590,-1.3967953,9.2411683,15.9515185,41.2806130
-1.1180734,-1.4116995,9.2393913,16.0386841,41.3523890
-1.0064239,-1.3980686,9.2588303,16.1213452,41.4107640
-0.8652541,-1.3570016,9.3038636,16.1984608,41.4689870
-0.6971194,-1.2922161,9.3760265,16.2693416,41.5270240
-0.5076727,-1.2087206,9.4753777,16.3336447,41.5893000
-0.3052242,-1.1123952,9.5998584,16.3914855,41.6502720
-0.0995011,-1.0088238,9.7460315,16.4434572,41.7216100
0.0987610,-0.9029968,9.9095409,16.4904508,41.7831620
0.2780242,-0.7991302,10.0834856,16.5336448,41.8405590
0.4271201,-0.7000641,10.2597007,16.5742611,41.8980200
0.5352409,-0.6076652,10.4292139,16.6132789,41.9565180
0.5933280,-0.5222510,10.5821157,16.6513975,42.0180840
0.5956245,-0.4425788,10.7091192,16.6888219,42.0866850
0.5395599,-0.3667395,10.8014797,16.7251991,42.1449140
0.4266585,-0.2925570,10.8512262,16.7596784,42.2063250
0.2617107,-0.2183687,10.8517687,16.7908608,42.2640950
0.0515129,-0.1442334,10.7984883,16.8168967,42.3286250
-0.1950423,-0.0715493,10.6891310,16.8356928,42.3874910
-0.4679809,-0.0027115,10.5241690,16.8450883,42.4595820
-0.7565933,0.0584748,10.3073835,16.8430927,42.5207810
-1.0492906,0.1085953,10.0449868,16.8282477,42.5785540
-1.3349121,0.1445503,9.7458055,16.7997302,42.6387740
-1.6035854,0.1634780,9.4217061,16.7574696,42.7010880
-1.8471021,0.1644509,9.0857392,16.7022822,42.7589000
-2.0599495,0.1477385,8.7504812,16.6356449,42.8311240
-2.2392547,0.1152488,8.4283562,16.5596785,42.8885520
-2.3843644,0.0709441,8.1318988,16.4770194,42.9458060
-2.4970565,0.0196148,7.8717780,16.3905345,43.0125530
-2.5810990,-0.0337535,7.6557711,16.3032104,43.0704020
-2.6415735,-0.0845716,7.4886240,16.2179053,43.1282560
-2.6843767,-0.1292618,7.3714743,16.1371603,43.1977830
-2.7152736,-0.1658982,7.3026265,16.0630732,43.2557140
-2.7386972,-0.1939520,7.2777440,15.9972384,43.3135610
-2.7574634,-0.2144397,7.2905309,15.9407404,43.3750410
-2.7727284,-0.2302435,7.3335332,15.8941581,43.4362890
-2.7833392,-0.2449574,7.3984206,15.8576739,43.5055330
-2.7864097,-0.2621050,7.4774375,15.8311646,43.5676370
-2.7772961,-0.2847626,7.5638136,15.8142429,43.6291460
-2.7490253,-0.3147948,7.6528218,15.8063185,43.6877570
-2.6942695,-0.3526076,7.7420471,15.8066590,43.7509430
-2.6061625,-0.3976561,7.8303733,15.8143140,43.8118360
-2.4791420,-0.4479939,7.9184556,15.8281731,43.8804650
-2.3110257,-0.4996270,8.0075262,15.8470549,43.9389630
-2.1022612,-0.5475941,8.0994106,15.8696060,43.9971330
-1.8555849,-0.5863542,8.1974383,15.8943532,44.0588630
-1.5767446,-0.6101816,8.3048378,15.9197489,44.1164460
-1.2739924,-0.6148471,8.4247648,15.9441366,44.1783580
-0.9580743,-0.5970866,8.5593389,15.9659007,44.2477580
-0.6426517,-0.5537620,8.7075550,15.9836730,44.3082180
-0.3426953,-0.4829872,8.8663193,15.9963453,44.3692790
-0.0725886,-0.3839907,9.0302739,16.0031308,44.4301490
0.1541338,-0.2574515,9.1920304,16.0036418,44.4878570
0.3264747,-0.1071582,9.3452511,15.9977665,44.5466230
0.4367449,0.0610036,9.4844836,15.9857060,44.6166320
0.4803418,0.2401136,9.6038707,15.9680393,44.6747610
0.4574046,0.4217305,9.6987744,15.9455439,44.7360520
0.3729372,0.5971009,9.7668737,15.9190931,44.7982800
0.2362825,0.7574554,9.8080252,15.8895907,44.8559780
0.0605938,0.8934384,9.8248246,15.8577532,44.9176510
-0.1388232,0.9968965,9.8218065,15.8241999,44.9871320
-0.3459392,1.0619344,9.8030920,15.7896157,45.0480180
-0.5453531,1.0849284,9.7733760,15.7546872,45.1122570
-0.7233310,1.0653087,9.7381968,15.7202293,45.1704060
-0.8691228,1.0049448,9.7018464,15.6871857,45.2277830
-0.9758580,0.9069439,9.6686183,15.6565014,45.2863810
-1.0407878,0.7757421,9.6415817,15.6292775,45.3562010
-1.0654879,0.6169032,9.6209061,15.6068735,45.4166770
-1.0548057,0.4363435,9.6059249,15.5908230,45.4758020
-1.0158659,0.2401667,9.5942827,15.5828369,45.5342670
-0.9569434,0.0342321,9.5828230,15.5846906,45.5917450
-0.8861467,-0.1767903,9.5697640,15.5979499,45.6498450
-0.8106458,-0.3889880,9.5531189,15.6239286,45.7219340
-0.7354279,-0.5983423,9.5310025,15.6636545,45.7831960
-0.6628075,-0.8011891,9.5020918,15.7176073,45.8422780
-0.5924334,-0.9939452,9.4649579,15.7856055,45.9003460
-0.5209906,-1.1728461,9.4194092,15.8667225,45.9592540
-0.4437814,-1.3351442,9.3670979,15.9590479,46.0171790
-0.3549161,-1.4783162,9.3112332,16.0598576,46.0858040
-0.2479878,-1.5991059,9.2564054,16.1658585,46.1503270
-0.1177974,-1.6946084,9.2081303,16.2732480,46.2082310
0.0397786,-1.7619506,9.1722507,16.3781266,46.2656850
0.2264437,-1.7985372,9.1544175,16.4767387,46.3274300
0.4403776,-1.8035193,9.1600298,16.5656116,46.3853800
0.6767343,-1.7768389,9.1930578,16.6420451,46.4596670
0.9273323,-1.7183525,9.2551023,16.7043538,46.5204710
1.1811751,-1.6287583,9.3452771,16.7519910,46.5782100
1.4254776,-1.5093341,9.4592398,16.7857201,46.6381440
1.6462945,-1.3623351,9.5895490,16.8073991,46.6967390
1.8291247,-1.1927786,9.7274767,16.8196331,46.7662360
1.9601761,-1.0075362,9.8630130,16.8255782,46.8316450
2.0274393,-0.8145141,9.9834969,16.8286236,46.8895920
2.0212912,-0.6231658,10.0751552,16.8319637,46.9468840
1.9358060,-0.4431186,10.1253602,16.8383517,47.0058350
1.7689587,-0.2838866,10.1231117,16.8497218,47.0670960
1.5224555,-0.1551672,10.0603584,16.8667999,47.1365300
1.2022447,-0.0650950,9.9321594,16.8891343,47.2027140
0.8178337,-0.0191684,9.7369419,16.9151298,47.2602910
0.3818934,-0.0200911,9.4769184,16.9421135,47.3177380
-0.0896931,-0.0670772,9.1559838,16.9666137,47.3758980
-0.5795607,-0.1562263,8.7814140,16.9846118,47.4371840
-1.0702345,-0.2818911,8.3670490,16.9918074,47.5089530
-1.5449186,-0.4367319,7.9289304,16.9840895,47.5716460
-1.9895518,-0.6119995,7.4814329,16.9580452,47.6297440
-2.3928062,-0.7988089,7.0392061,16.9112292,47.6872220
-2.7452574,-0.9884958,6.6162220,16.8424434,47.7455040
-3.0405619,-1.1733341,6.2244873,16.7519456,47.8041480
-3.2750215,-1.3478927,5.8748930,16.6414027,47.8751790
-3.4478011,-1.5084616,5.5751888,16.5139189,47.9340610
-3.5622814,-1.6520969,5.3291613,16.3739807,47.9927390
-3.6248297,-1.7769787,5.1373067,16.2270582,48.0502850
-3.6439498,-1.8816671,4.9965778,16.0791932,48.1131780
-3.6295406,-1.9648444,4.9021855,15.9365525,48.1708780
-3.5916051,-2.0263971,4.8494378,15.8048287,48.2451360
-3.5393292,-2.0662894,4.8342759,15.6888694,48.3061160
-3.4805432,-2.0835890,4.8541117,15.5924326,48.3637240
-3.4210787,-2.0771777,4.9082901,15.5177911,48.4242410
-3.3632033,-2.0452669,4.9979335,15.4656270,48.4828570
-3.3059059,-1.9857366,5.1259543,15.4350234,48.5408990
-3.2448706,-1.8975964,5.2969879,15.4234274,48.6148940
-3.1728892,-1.7804273,5.5159144,15.4271211,48.6728480
-3.0819675,-1.6338057,5.7866029,15.4416898,48.7349130
-2.9641689,-1.4584661,6.1107112,15.4623906,48.7936170
-2.8132201,-1.2563637,6.4858437,15.4847331,48.8514700
-2.6256137,-1.0311219,6.9052936,15.5047959,48.9107880
-2.4014151,-0.7898379,7.3583232,15.5193922,48.9835100
-2.1450637,-0.5421863,7.8300929,15.5264661,49.0408080
-1.8655977,-0.2994770,8.3009849,15.5253004,49.0991100
-1.5762772,-0.0748672,8.7479255,15.5164781,49.1611260
-1.2938678,0.1182757,9.1473760,15.5019464,49.2199260
-1.0370228,0.2671599,9.4765721,15.4847314,49.2850550
-0.8247187,0.3599452,9.7164501,15.4684475,49.3869950
-0.6737761,0.3875961,9.8529036,15.4571058,49.4492990
-0.5975875,0.3453573,9.8765684,15.4547608,49.5073920
-0.6043021,0.2329770,9.7847790,15.4650648,49.5690160
-0.6956561,0.0548757,9.5807699,15.4910239,49.6309320
-0.8668528,-0.1797318,9.2744456,15.5345896,49.6887240
-1.1065200,-0.4584546,8.8836832,15.5962916,49.7573800
-1.3978006,-0.7661757,8.4317104,15.6752397,49.8159550
-1.7198935,-1.0851824,7.9456059,15.7692251,49.8745190
-2.0498447,-1.3977112,7.4538199,15.8748391,49.9350230
-2.3649748,-1.6870982,6.9824640,15.9877597,49.9969210
-2.6448233,-1.9388356,6.5542725,16.1030974,50.0549060
-2.8735984,-2.1426816,6.1876806,16.2156521,50.1258070
-3.0408853,-2.2919945,5.8952774,16.3203869,50.1871330
-3.1418989,-2.3827091,5.6838969,16.4129537,50.2480570
-3.1777680,-2.4138611,5.5545364,16.4898715,50.3068420
-3.1542013,-2.3866739,5.5020290,16.5487703,50.3663410
-3.0811164,-2.3043519,5.5171852,16.5884833,50.4258450
-2.9717956,-2.1729850,5.5887372,16.6087969,50.4947570
-2.8407194,-2.0002240,5.7045444,16.6104764,50.5536340
-2.7019477,-1.7942554,5.8536535,16.5951513,50.6161170
-2.5672567,-1.5638842,6.0267406,16.5650182,50.6756740
-2.4445743,-1.3176817,6.2159891,16.5227768,50.7380900
-2.3375792,-1.0639374,6.4158376,16.4713595,50.8070440
-2.2460890,-0.8114533,6.6230790,16.4136372,50.8677730
-2.1662175,-0.5686053,6.8362289,16.3523815,50.9331650
-2.0912767,-0.3424745,7.0550295,16.2902476,50.9911660
-2.0131843,-0.1391368,7.2794334,16.2296770,51.0485040
-1.9233302,0.0370572,7.5077894,16.1729495,51.1076090
-1.8146963,0.1830720,7.7369422,16.1221749,51.1768520
-1.6835779,0.2962049,7.9624417,16.0790814,51.2367910
-1.5301016,0.3746272,8.1779526,16.0451183,51.2987920
-1.3590913,0.4174008,8.3767810,16.0215273,51.3574870
-1.1794178,0.4245959,8.5519269,16.0092165,51.4156510
-1.0024161,0.3976625,8.6940134,16.0087977,51.4746530
-0.8412475,0.3392955,8.7927701,16.0205323,51.5433130
-0.7092697,0.2531623,8.8418593,16.0441816,51.6046210
-0.6186044,0.1437710,8.8385566,16.0790631,51.6635900
-0.5797688,0.0166825,8.7809145,16.1241988,51.7210220
-0.6000135,-0.1219880,8.6694006,16.1782441,51.7796710
-0.6824072,-0.2657795,8.5067032,16.2394964,51.8382610
-0.8258204,-0.4082649,8.2977238,16.3060447,51.9071210
-1.0243656,-0.5440963,8.0504489,16.3757343,51.9686590
-1.2684845,-0.6693044,7.7746734,16.4463502,52.0312870
-1.5464340,-0.7818071,7.4821685,16.5158794,52.0890720
-1.8447257,-0.8813752,7.1850096,16.5825521,52.1506000
-2.1498766,-0.9697523,6.8940054,16.6449598,52.2085810
-2.4490687,-1.0501853,6.6186539,16.7022560,52.2797510
-2.7301937,-1.1266344,6.3662659,16.7542372,52.3440900
-2.9836239,-1.2039899,6.1427019,16.8013999,52.4015520
-3.2019556,-1.2864088,5.9525758,16.8451156,52.4617650
-3.3803096,-1.3771006,5.7992680,16.8874691,52.5213190
-3.5170832,-1.4783043,5.6852597,16.9310995,52.5788820
-3.6123551,-1.5898964,5.6117955,16.9790574,52.6564580
-3.6675184,-1.7101040,5.5793776,17.0343382,52.7140200
-3.6848951,-1.8354607,5.5877989,17.0996247,52.7715750
-3.6665707,-1.9608437,5.6365104,17.1769454,52.8297940
-3.6149743,-2.0805749,5.7244081,17.2674108,52.8882640
-3.5335647,-2.1894152,5.8492403,17.3710904,52.9473740
-3.4265207,-2.2830556,6.0074355,17.4869140,53.0221480
-3.2992298,-2.3586735,6.1932041,17.6127571,53.0802040
-3.1581415,-2.4157450,6.3993203,17.7454999,53.1377890
-3.0101925,-2.4551236,6.6171574,17.8813856,53.1961500
-2.8625417,-2.4792810,6.8370167,18.0163704,53.2547260
-2.7229947,-2.4923593,7.0490604,18.1465492,53.3123100
-2.5990819,-2.4987331,7.2429239,18.2686518,53.3894150
-2.4980751,-2.5028696,7.4093092,18.3802784,53.4465460
-2.4260665,-2.5086375,7.5405958,18.4802131,53.5068940
-2.3870709,-2.5183250,7.6317433,18.5685099,53.5685250
-2.3827077,-2.5326018,7.6815560,18.6465485,53.6258920
-2.4117332,-2.5511548,7.6920977,18.7169712,53.6858350
-2.4697583,-2.5721776,7.6691863,18.7834092,53.7586950
-2.5492663,-2.5925043,7.6218797,18.8502026,53.8166880
-2.6401742,-2.6085562,7.5619480,18.9218596,53.8754610
-2.7302169,-2.6151892,7.5032197,19.0026922,53.9348160
-2.8061490,-2.6069461,7.4601625,19.0964002,53.9937240
-2.8550156,-2.5790826,7.4466682,19.2056673,54.0554790
-2.8649811,-2.5269814,7.4740546,19.3320804,54.1253750
-2.8272390,-2.4477923,7.5503718,19.4759456,54.1831570
-2.7367721,-2.3402557,7.6792860,19.6363152,54.2415560
-2.5932159,-2.2043532,7.8595231,19.8111801,54.2999560
-2.4014591,-2.0422043,8.0853702,19.9976125,54.3574770
-2.1705956,-1.8578280,8.3461791,20.1920163,54.4229150
-1.9135196,-1.6570181,8.6275133,20.3904912,54.4920970
-1.6469623,-1.4473147,8.9121818,20.5891738,54.5521540
-1.3875065,-1.2374498,9.1815098,20.7844926,54.6137570
-1.1531497,-1.0361939,9.4173778,20.9735085,54.6711260
-0.9601488,-0.8520262,9.6035201,21.1540228,54.7316000
-0.8218534,-0.6925593,9.7270181,21.3245701,54.7906600
-0.7471585,-0.5636357,9.7789736,21.4844747,54.8603250
-0.7400697,-0.4696273,9.7554430,21.6336834,54.9180410
-0.7993609,-0.4129356,9.6575565,21.7725607,54.9825460
-0.9190496,-0.3939611,9.4911832,21.9016617,55.0409560
-1.0891281,-0.4112904,9.2669598,22.0215114,55.1024210
-1.2961799,-0.4615677,8.9985356,22.1323521,55.1646920
-1.5247909,-0.5398324,8.7016970,22.2340749,55.2333530
-1.7584228,-0.6394043,8.3930731,22.3262710,55.2908930
-1.9812743,-0.7527294,8.0883946,22.4081356,55.3492540
-2.1797687,-0.8717821,7.8020463,22.4786964,55.4080220
-2.3433064,-0.9883152,7.5458950,22.5369699,55.4687960
-2.4653078,-1.0947177,7.3287643,22.5820880,55.5270850
-2.5428659,-1.1836928,7.1560602,22.6136196,55.6005310
-2.5765056,-1.2483728,7.0297574,22.6317103,55.6582540
-2.5700053,-1.2829637,6.9487264,22.6371216,55.7171380
-2.5298314,-1.2831290,6.9093083,22.6312183,55.7788300
-2.4646197,-1.2464571,6.9063483,22.6158963,55.8369710
-2.3843898,-1.1731408,6.9331256,22.5932548,55.8962230
-2.2997974,-1.0659507,6.9822430,22.5654457,55.9663640
-2.2209020,-0.9295229,7.0457572,22.5345317,56.0241770
-2.1567687,-0.7708203,7.1154823,22.5021054,56.0883180
-2.1156049,-0.5989542,7.1843674,22.4692762,56.1494220
-2.1038447,-0.4243511,7.2462235,22.4365482,56.2070170
-2.1263836,-0.2589459,7.2964752,22.4036812,56.2696280
-2.1862160,-0.1145063,7.3318474,22.3699871,56.3388240
-2.2829157,-0.0005528,7.3494458,22.3345868,56.3963600
-2.4136402,0.0756918,7.3473678,22.2966157,56.4578740
-2.5734278,0.1102061,7.3243143,22.2555539,56.5156430
-2.7551937,0.1023697,7.2801668,22.2113976,56.5731240
-2.9516865,0.0535984,7.2167026,22.1646728,56.6319020
-3.1551352,-0.0321062,7.1371517,22.1165933,56.7018470
-3.3571212,-0.1479007,7.0459051,22.0691641,56.7642840
-3.5498338,-0.2855135,6.9481039,22.0249542,56.8255090
-3.7256431,-0.4355403,6.8493725,21.9868803,56.8834000
-3.8778012,-0.5884284,6.7553010,21.9579449,56.9453040
-4.0012968,-0.7363042,6.6716207,21.9407486,57.0029790
-4.0923630,-0.8726830,6.6034947,21.9373458,57.0743160
-4.1485734,-0.9921589,6.5539275,21.9491681,57.1397630
-4.1690307,-1.0912740,6.5240424,21.9767257,57.1971530
-4.1542914,-1.1683657,6.5124131,22.0195355,57.2547380
-4.1062855,-1.2236227,6.5152857,22.0760926,57.3133790
-4.0288721,-1.2600835,6.5281670,22.1438416,57.3717600
-3.9273026,-1.2825516,6.5455162,22.2194725,57.4405040
-3.8073458,-1.2962024,6.5611506,22.2993695,57.5019470
-3.6758932,-1.3068673,6.5689196,22.3798474,57.5639420
-3.5401441,-1.3200286,6.5627855,22.4574613,57.6216100
-3.4073705,-1.3402488,6.5376615,22.5293919,57.6830360
-3.2854793,-1.3717757,6.4903820,22.5935680,57.7521640
-3.1815446,-1.4170932,6.4197760,22.6489946,57.8159860
-3.1010386,-1.4757266,6.3262868,22.6960567,57.8772170
-3.0479227,-1.5449662,6.2121877,22.7363383,57.9351780
-3.0241224,-1.6198374,6.0809634,22.7724736,57.9954080
-3.0299110,-1.6937287,5.9370175,22.8078962,58.0538470
-3.0649461,-1.7605807,5.7861706,22.8462631,58.1245130
-3.1280239,-1.8147457,5.6346121,22.8912143,58.1901260
-3.2168919,-1.8509062,5.4882987,22.9461562,58.2483340
-3.3289837,-1.8656752,5.3526498,23.0137607,58.3062290
-3.4612459,-1.8570764,5.2315079,23.0958114,58.3654060
-3.6104463,-1.8251113,5.1271680,23.1930282,58.4272680
-3.7738323,-1.7728204,5.0406435,23.3048643,58.4996660
-3.9479252,-1.7047175,4.9714378,23.4297398,58.5631620
-4.1298908,-1.6260949,4.9175680,23.5652995,58.6209050
-4.3147180,-1.5427418,4.8760612,23.7085662,58.6783390
-4.4972662,-1.4599540,4.8431144,23.8562331,58.7410110
-4.6718522,-1.3824295,4.8145832,24.0049035,58.7994380
-4.8332487,-1.3147360,4.7872906,24.1511695,58.8748500
-4.9765719,-1.2605526,4.7589456,24.2918729,58.9336810
-5.0973435,-1.2218568,4.7282798,24.4243545,58.9912930
-5.1921243,-1.1995845,4.6956094,24.5464369,59.0496840
-5.2585744,-1.1933900,4.6620285,24.6564634,59.1074890
-5.2958091,-1.2017815,4.6295888,24.7533156,59.1651670
-5.3053417,-1.2232925,4.6013723,24.8362382,59.2375570
-5.2902978,-1.2556909,4.5808120,24.9049253,59.2956840
-5.2546515,-1.2953484,4.5713612,24.9596834,59.3532900
-5.2030976,-1.3380307,4.5764253,25.0013022,59.4157890
-5.1397856,-1.3788216,4.5992992,25.0310607,59.4741450
-5.0686123,-1.4127147,4.6425677,25.0506782,59.5385630
-4.9935052,-1.4361095,4.7088668,25.0621154,59.6084720
-4.9176445,-1.4465015,4.8002787,25.0676053,59.6693990
-4.8435172,-1.4421084,4.9174093,25.0697061,59.7313030
-4.7722800,-1.4226396,5.0605355,25.0711253,59.7891490
-4.7033280,-1.3889810,5.2287085,25.0745524,59.8466850
-4.6347395,-1.3431932,5.4198377,25.0825642,59.9095970
-4.5638209,-1.2892790,5.6314716,25.0973552,59.9791190
-4.4873407,-1.2319901,5.8596268,25.1206722,60.0366440
-4.4019470,-1.1755919,6.0985413,25.1538782,60.0948970
-4.3044626,-1.1240436,6.3411854,25.1977199,60.1534350
-4.1916564,-1.0803028,6.5793252,25.2522683,60.2138720
-4.0611222,-1.0462111,6.8041489,25.3168920,60.2757010
-3.9115558,-1.0236722,7.0080748,25.3900846,60.3446930
-3.7427902,-1.0137832,7.1848315,25.4696393,60.4054170
-3.5560598,-1.0160242,7.3296659,25.5528558,60.4670580
-3.3533200,-1.0292382,7.4407133,25.6366746,60.5249600
-3.1373251,-1.0511164,7.5182278,25.7179711,60.5854660
-2.9113392,-1.0786349,7.5651128,25.7938360,60.6444380
-2.6790477,-1.1096134,7.5874889,25.8617957,60.7142340
-2.4446544,-1.1416389,7.5930796,25.9200660,60.7724850
-2.2120908,-1.1715974,7.5907732,25.9679027,60.8372800
-1.9852843,-1.1964212,7.5896579,26.0056180,60.8960590
-1.7680699,-1.2126350,7.5974687,26.0345600,60.9575830
-1.5640977,-1.2173059,7.6204164,26.0571507,61.0196080
-1.3773207,-1.2096138,7.6629868,26.0764901,61.0909190
-1.2116214,-1.1903856,7.7272062,26.0962079,61.1487030
-1.0711952,-1.1617887,7.8125511,26.1202966,61.2072430
-0.9588088,-1.1275761,7.9161038,26.1526272,61.2697440
-0.8777110,-1.0924056,8.0321071,26.1967192,61.3276090
-0.8301897,-1.0615468,8.1529842,26.2554729,61.3859180
-0.8177158,-1.0412704,8.2706774,26.3308445,61.4580040
-0.8409148,-1.0375339,8.3766310,26.4238833,61.5154410
-0.8979254,-1.0544284,8.4631061,26.5348888,61.5742010
-0.9852927,-1.0942316,8.5236015,26.6634168,61.6388830
-1.0987880,-1.1566257,8.5523833,26.8084675,61.6963250
-1.2324090,-1.2388236,8.5461021,26.9686894,61.7675200
-1.3800246,-1.3370723,8.5040999,27.1423744,61.8258450
-1.5347727,-1.4463154,8.4282544,27.3277391,61.8852670
-1.6899666,-1.5601557,8.3233710,27.5231963,61.9458010
-1.8367795,-1.6720220,8.1960041,27.7273268,62.0039700
-1.9687316,-1.7754787,8.0534344,27.9389254,62.0621860
-2.0796344,-1.8649164,7.9034478,28.1569950,62.1318530
-2.1651496,-1.9370731,7.7540697,28.3805303,62.1902700
-2.2216415,-1.9905965,7.6128310,28.6085060,62.2484040
-2.2454149,-2.0249910,7.4866209,28.8399497,62.3098490
-2.2330859,-2.0412565,7.3813084,29.0737004,62.3678550
-2.1813692,-2.0412751,7.3009399,29.3083137,62.4293370
-2.0873734,-2.0275698,7.2483337,29.5419717,62.4981150
-1.9499267,-2.0045347,7.2253026,29.7722499,62.5591670
-1.7695688,-1.9771436,7.2323551,29.9961967,62.6233870
-1.5487596,-1.9498174,7.2686902,30.2104499,62.6812910
-1.2927744,-1.9267208,7.3320285,30.4113168,62.7411970
-1.0094921,-1.9108274,7.4182626,30.5949695,62.7996020
-0.7096625,-1.9038054,7.5217595,30.7576707,62.8680330
-0.4071876,-1.9068279,7.6362255,30.8959700,62.9263180
-0.1179785,-1.9197086,7.7542973,31.0069757,62.9881640
0.1411629,-1.9400553,7.8677649,31.0886976,63.0454500
0.3536307,-1.9640771,7.9681519,31.1401692,63.1047220
0.5049758,-1.9866600,8.0466319,31.1615758,63.1658910
0.5838710,-2.0019193,8.0954912,31.1543211,63.2344410
0.5825812,-2.0051514,8.1091797,31.1208085,63.3015040
0.4984058,-1.9926885,8.0846502,31.0643849,63.3594900
0.3339132,-1.9617599,8.0215914,30.9892159,63.4169530
0.0972598,-1.9116127,7.9224882,30.8998942,63.4788970
-0.1970983,-1.8430959,7.7927726,30.8011842,63.5367840
-0.5298261,-1.7588621,7.6405060,30.6977002,63.6086690
-0.8780612,-1.6641267,7.4768767,30.5935130,63.6729040
-1.2169522,-1.5652702,7.3146146,30.4919856,63.7306700
-1.5222598,-1.4687194,7.1661656,30.3957291,63.7920370
-1.7719710,-1.3806223,7.0429573,30.3064199,63.8530490
-1.9477454,-1.3055780,6.9530947,30.2247357,63.9110210
-2.0365291,-1.2467594,6.9019499,30.1505229,63.9829580
-2.0315819,-1.2065421,6.8923201,30.0828314,64.0443440
-1.9327791,-1.1860682,6.9238346,30.0201805,64.1016450
-1.7467589,-1.1854839,6.9938699,29.9609341,64.1597240
-1.4858995,-1.2038987,7.0966166,29.9034881,64.2181210
-1.1663992,-1.2395908,7.2237649,29.8465397,64.2759170
-0.8067872,-1.2902153,7.3654486,29.7894107,64.3492730
-0.4255780,-1.3531588,7.5111413,29.7322917,64.4071490
-0.0400598,-1.4261915,7.6513434,29.6763710,64.4663700
0.3346627,-1.5065797,7.7777067,29.6239729,64.5241490
0.6867783,-1.5918074,7.8841015,29.5784813,64.5820020
1.0075806,-1.6797824,7.9668815,29.5440892,64.6396310
1.2921830,-1.7682397,8.0246555,29.5255868,64.7114270
1.5390660,-1.8561874,8.0589933,29.5280144,64.7690410
1.7490268,-1.9432867,8.0732569,29.5561597,64.8279380
1.9245054,-2.0294966,8.0716438,29.6141191,64.8864210
2.0677433,-2.1156706,8.0585433,29.7048197,64.9436430
2.1797757,-2.2028465,8.0371154,29.8294746,65.0019280
2.2598326,-2.2924585,8.0089185,29.9873794,65.0785290
2.3050318,-2.3866313,7.9738414,30.1757776,65.1365290
2.3111699,-2.4877164,7.9298772,30.3898834,65.1946860
2.2723546,-2.5977217,7.8732986,30.6232837,65.2556640
2.1839073,-2.7181978,7.7994230,30.8682717,65.3135080
2.0417885,-2.8497628,7.7031226,31.1163786,65.3893910
1.8443645,-2.9918073,7.5798673,31.3590622,65.4480120
1.5935425,-3.1430906,7.4276210,31.5882667,65.5080340
1.2950239,-3.3013808,7.2471910,31.7971077,65.5688520
0.9589305,-3.4634016,7.0431079,31.9804657,65.6261760
0.5992421,-3.6252027,6.8239177,32.1353290,65.6861310
0.2315649,-3.7820519,6.6005816,32.2609800,65.7590180
-0.1274044,-3.9288249,6.3864696,32.3589991,65.8177050
-0.4614912,-4.0606234,6.1963889,32.4329955,65.8793140
-0.7558131,-4.1729556,6.0450812,32.4882176,65.9374610
-0.9991929,-4.2615932,5.9466618,32.5311159,65.9960930
-1.1811763,-4.3230770,5.9128949,32.5686516,66.0611160
-1.2966576,-4.3547673,5.9515874,32.6076354,66.1316540
-1.3444421,-4.3549960,6.0659100,32.6540965,66.1893490
-1.3281635,-4.3239843,6.2542878,32.7126371,66.2535840
-1.2551339,-4.2636047,6.5102142,32.7860623,66.3127710
-1.1351276,-4.1772189,6.8229722,32.8751635,66.3714230
-0.9795724,-4.0697579,7.1784436,32.9786591,66.4364570
-0.8003561,-3.9473231,7.5593707,33.0933581,66.5053120
-0.6088228,-3.8169087,7.9469940,33.2144707,66.5643680
-0.4151858,-3.6863510,8.3225842,33.3360499,66.6227840
-0.2277532,-3.5637262,8.6686215,33.4515522,66.6814880
0.0000000,0.0000000,0.0000000,0.0000000,66.7427500
0.0000000,0.0000000,0.0000000,0.0000000,66.8049180
0.0000000,0.0000000,0.0000000,0.0000000,66.8735470
0.0000000,0.0000000,0.0000000,0.0000000,66.9337270
0.0000000,0.0000000,0.0000000,0.0000000,66.9928460
0.0000000,0.0000000,0.0000000,0.0000000,67.0503390
0.0000000,0.0000000,0.0000000,0.0000000,67.1128440
0.0000000,0.0000000,0.0000000,0.0000000,67.1707650
0.0000000,0.0000000,0.0000000,0.0000000,67.2405760
0.0000000,0.0000000,0.0000000,0.0000000,67.2989620
0.0000000,0.0000000,0.0000000,0.0000000,67.3568290
0.0000000,0.0000000,0.0000000,0.0000000,67.4186790
0.0000000,0.0000000,0.0000000,0.0000000,67.4798980
0.0000000,0.0000000,0.0000000,0.0000000,67.5498340
0.0000000,0.0000000,0.0000000,0.0000000,67.6128730
0.0000000,0.0000000,0.0000000,0.0000000,67.6708310
0.0000000,0.0000000,0.0000000,0.0000000,67.7288430
0.0000000,0.0000000,0.0000000,0.0000000,67.7915180
0.0000000,0.0000000,0.0000000,0.0000000,67.8527060
0.0000000,0.0000000,0.0000000,0.0000000,67.9225460
0.0000000,0.0000000,0.0000000,0.0000000,67.9845670
0.0000000,0.0000000,0.0000000,0.0000000,68.0431490
0.0000000,0.0000000,0.0000000,0.0000000,68.1040220
0.0000000,0.0000000,0.0000000,0.0000000,68.1625670
0.0000000,0.0000000,0.0000000,0.0000000,68.2212940
0.0000000,0.0000000,0.0000000,0.0000000,68.2897480
0.0000000,0.0000000,0.0000000,0.0000000,68.3490150
0.0000000,0.0000000,0.0000000,0.0000000,68.4079620
0.0000000,0.0000000,0.0000000,0.0000000,68.4691540
0.0000000,0.0000000,0.0000000,0.0000000,68.5319550
0.0000000,0.0000000,0.0000000,0.0000000,68.6013210
0.0000000,0.0000000,0.0000000,0.0000000,68.6629700
