-0.0000157,0.0000019,0.0028260,0.0000301,0.0000000
-0.0000447,0.0000087,0.0078159,0.0000804,0.0000000
-0.0000891,0.0000228,0.0151682,0.0001504,0.0000000
-0.0001534,0.0000392,0.0251030,0.0002389,0.0000000
-0.0002405,0.0000528,0.0376770,0.0003424,0.0000000
-0.0003543,0.0000562,0.0525634,0.0004541,0.0000000
-0.0004941,0.0000411,0.0688372,0.0005612,0.0000000
-0.0006438,0.0000037,0.0848160,0.0006449,0.0000000
-0.0007816,-0.0000609,0.0980046,0.0006806,0.0000000
-0.0008751,-0.0001556,0.1051768,0.0006394,0.0000000
-0.0008864,-0.0002808,0.1026223,0.0004933,0.0000000
-0.0007892,-0.0004374,0.0865598,0.0002223,0.0000000
-0.0005563,-0.0006181,0.0536773,-0.0001817,0.0000000
-0.0001662,-0.0008086,0.0017716,-0.0007098,0.0000000
0.0003893,-0.0009843,-0.0695885,-0.0013303,0.0000000
0.0011091,-0.0011012,-0.1584606,-0.0019847,0.0000000
0.0019658,-0.0011094,-0.2600539,-0.0025890,0.0000000
0.0028977,-0.0009561,-0.3664815,-0.0030379,0.0000000
0.0038143,-0.0005918,-0.4667950,-0.0032116,0.0000000
0.0046048,0.0000156,-0.5473373,-0.0029863,0.0000000
0.0051390,0.0008810,-0.5924250,-0.0022486,0.0000000
0.0052821,0.0019947,-0.5853213,-0.0009090,0.0000000
0.0049021,0.0033136,-0.5094404,0.0010810,0.0000000
0.0038699,0.0047578,-0.3496868,0.0037116,0.0000000
0.0020824,0.0062052,-0.0938028,0.0069117,0.0000000
-0.0005274,0.0074944,0.2663872,0.0105470,0.0000000
-0.0039883,0.0084297,0.7339779,0.0144243,0.0000000
-0.0082850,0.0087896,1.3063336,0.0183058,0.0000000
-0.0133640,0.0083473,1.9748429,0.0219279,0.0000000
-0.0191409,0.0068910,2.7251544,0.0250264,0.0000000
-0.0255014,0.0042479,3.5378698,0.0273698,0.0000000
-0.0323033,0.0003127,4.3896458,0.0287963,0.0000000
-0.0393841,-0.0049341,5.2546515,0.0292419,2.7702450
-0.0465640,-0.0114098,6.1062214,0.0287678,2.8306510
-0.0536469,-0.0189150,6.9185794,0.0275778,2.8921790
-0.0604246,-0.0271297,7.6684924,0.0260249,2.9516670
-0.0666745,-0.0356208,8.3366894,0.0246049,3.0132790
-0.0721607,-0.0438593,8.9089528,0.0239345,3.0872660
-0.0766387,-0.0512485,9.3767953,0.0247189,3.1463330
-0.0798591,-0.0571623,9.7376717,0.0277057,3.2048410
-0.0815782,-0.0609844,9.9947283,0.0336296,3.2631650
-0.0815780,-0.0621641,10.1561375,0.0431767,3.3276260
-0.0796724,-0.0602515,10.2340889,0.0569106,3.3867910
-0.0757112,-0.0549187,10.2435511,0.0751889,3.4598640
-0.0696114,-0.0460150,10.2009362,0.0981745,3.5185550
-0.0613615,-0.0335754,10.1227813,0.1258041,3.5798240
-0.0510404,-0.0178358,10.0245658,0.1577998,3.6410930
-0.0388527,0.0007425,9.9197616,0.1937418,3.7022120
-0.0250965,0.0215332,9.8191703,0.2330497,3.7622510
-0.0101441,0.0437879,9.7305869,0.2750159,3.8316240
0.0055620,0.0666769,9.6587744,0.3188862,3.8891280
0.0215288,0.0893493,9.6057109,0.3639308,3.9473980
0.0372545,0.1109902,9.5710617,0.4094792,4.0087670
0.0522594,0.1308868,9.5527777,0.4549610,4.0663560
0.0661398,0.1484851,9.5477435,0.4999071,4.1368770
0.0786369,0.1634347,9.5524146,0.5439079,4.1957150
0.0896473,0.1756396,9.5633418,0.5865943,4.2563380
0.0992685,0.1852715,9.5774798,0.6275804,4.3145000
0.1077713,0.1927792,9.5925838,0.6663837,4.3751270
0.1156437,0.1988904,9.6070968,0.7023539,4.4338230
0.1235295,0.2045338,9.6201686,0.7346240,4.5033920
0.1321658,0.2107568,9.6314718,0.7620962,4.5608570
0.1422988,0.2186325,9.6409762,0.7834648,4.6195320
0.1545752,0.2291376,9.6487194,0.7972894,4.6812470
0.1694142,0.2430181,9.6546183,0.8021300,4.7387330
0.1868950,0.2606582,9.6576310,0.7967111,4.7969440
0.2066094,0.2819404,9.6601048,0.7801771,4.8700250
0.2275854,0.3061108,9.6614663,0.7522485,4.9283470
0.2482475,0.3317114,9.6610615,0.7134503,4.9909630
0.2664189,0.3565297,9.6581639,0.6652805,5.0531230
0.2793800,0.3776018,9.6519986,0.6103210,5.1109400
0.2839915,0.3912781,9.6417783,0.5522620,5.1726550
0.2768669,0.3933431,9.6267159,0.4958427,5.2415660
0.2546024,0.3791968,9.6060559,0.4466890,5.2989180
0.2140354,0.3440906,9.5791051,0.4110549,5.3604460
0.1525289,0.2834156,9.5452471,0.3954794,5.4189090
0.0682178,0.1929735,9.5039873,0.4063905,5.4766170
-0.0397830,0.0692564,9.4549880,0.4496952,5.5500070
-0.1712102,-0.0902837,9.3980806,0.5303507,5.6082080
-0.3245805,-0.2870297,9.3332821,0.6519611,5.6662210
-0.4971765,-0.5210439,9.2607982,0.8165032,5.7347580
-0.6851378,-0.7909823,9.1810092,1.0241517,5.7942790
-0.8836475,-1.0941292,9.0944710,1.2731744,5.8559960
-1.0871793,-1.4265183,9.0019125,1.5599577,5.9292630
-1.2898459,-1.7831233,8.9042088,1.8792205,5.9878080
-1.4857574,-2.1581064,8.8023674,2.2242457,6.0536360
-1.6693755,-2.5451956,8.6975033,2.5873069,6.1124840
-1.8358452,-2.9378879,8.5908096,2.9602291,6.1700670
-1.9812793,-3.3298586,8.4835440,3.3346837,6.2293960
-2.1029742,-3.7152369,8.3769945,3.7026052,6.2990240
-2.1995310,-4.0888466,8.2724620,4.0565589,6.3567200
-2.2708930,-4.4463988,8.1712416,4.3899337,6.4182470
-2.3182451,-4.7845440,8.0745789,4.6971844,6.4794100
-2.3438384,-5.1008645,7.9836623,4.9738907,6.5372350
-2.3507483,-5.3938099,7.8995810,5.2166614,6.5960800
-2.3425704,-5.6625647,7.8232794,5.4229691,6.6652260
-2.3231038,-5.9068474,7.7555603,5.5909203,6.7275610
-2.2960227,-6.1266894,7.6970505,5.7190198,6.7855600
-2.2645746,-6.3222061,7.6481958,5.8059483,6.8430270
-2.2313257,-6.4933740,7.6092694,5.8504016,6.9042020
-2.1979845,-6.6398618,7.5803652,5.8510479,6.9622000
-2.1653088,-6.7608883,7.5614209,5.8065846,7.0333790
-2.1330897,-6.8551565,7.5522477,5.7159175,7.0975080
-2.1002231,-6.9208571,7.5525668,5.5784483,7.1549920
-2.0648606,-6.9557070,7.5620487,5.3944114,7.2163320
-2.0246114,-6.9570856,7.5803582,5.1652461,7.2749730
-1.9767900,-6.9221806,7.6071883,4.8939478,7.3446060
-1.9186947,-6.8481642,7.6422832,4.5853724,7.4069390
-1.8478578,-6.7324667,7.6854584,4.2463889,7.4674960
-1.7622556,-6.5729665,7.7365873,3.8858310,7.5250090
-1.6605132,-6.3682426,7.7955838,3.5143461,7.5836680
-1.5420306,-6.1178192,7.8623709,3.1440063,7.6447970
-1.4070439,-5.8222585,7.9368226,2.7877932,7.7143320
-1.2566676,-5.4833139,8.0187088,2.4590379,7.7792660
-1.0928158,-5.1039716,8.1076389,2.1706313,7.8370150
-0.9180628,-4.6884067,8.2030112,1.9341941,7.8944310
-0.7354948,-4.2419438,8.3039811,1.7594262,7.9527310
-0.5485228,-3.7709244,8.4094487,1.6535086,8.0139630
-0.3606762,-3.2825060,8.5180609,1.6206485,8.0825220
-0.1754262,-2.7844109,8.6282259,1.6618895,8.1495680
0.0040194,-2.2846471,8.7381862,1.7750262,8.2074620
0.1748958,-1.7912087,8.8461012,1.9547120,8.2679460
0.3349797,-1.3117754,8.9501705,2.1929038,8.3291390
0.4827027,-0.8534594,9.0486413,2.4794786,8.3885380
0.6170873,-0.4225434,9.1400593,2.8028043,8.4629240
0.7377567,-0.0242776,9.2232028,3.1504545,8.5235530
0.8448428,0.3372364,9.2972018,3.5098672,8.5823270
0.9388570,0.6591152,9.3615618,3.8688693,8.6432350
1.0205608,0.9396169,9.4161873,4.2162470,8.7016650
1.0908205,1.1780392,9.4613530,4.5420768,8.7593700
1.1504440,1.3745462,9.4976413,4.8378960,8.8355670
1.2000503,1.5299325,9.5258563,5.0967599,8.8932320
1.2399601,1.6454232,9.5469117,5.3131263,8.9508740
1.2700906,1.7224072,9.5617151,5.4827055,9.0145610
1.2899392,1.7622252,9.5710515,5.6022810,9.0722520
1.2986111,1.7660127,9.5754678,5.6695443,9.1459120
1.2948774,1.7345497,9.5752093,5.6830011,9.2064130
1.2772929,1.6682117,9.5701870,5.6419493,9.2641850
1.2443352,1.5669868,9.5599690,5.5465540,9.3238200
1.1945569,1.4305378,9.5438364,5.3979955,9.3813860
1.1267566,1.2583734,9.5208284,5.1986788,9.4400170
1.0401560,1.0500725,9.4898137,4.9524675,9.5143830
0.9345230,0.8054830,9.4496168,4.6648541,9.5718450
0.8102714,0.5249353,9.3991377,4.3430478,9.6324590
0.6685174,0.2094379,9.3374647,3.9960101,9.6934440
0.5110523,-0.1392074,9.2639821,3.6342760,9.7524660
0.3403107,-0.5182998,9.1784311,3.2696456,9.8131210
0.1592794,-0.9241861,9.0809220,2.9147692,9.8853330
-0.0286572,-1.3523694,8.9719591,2.5825465,9.9433480
-0.2198356,-1.7976370,8.8524235,2.2854129,10.0048050
-0.4105146,-2.2542759,8.7235069,2.0347030,10.0626180
-0.5970930,-2.7163182,8.5866453,1.8399623,10.1201840
-0.7762393,-3.1778406,8.4434274,1.7083508,10.1788560
-0.9450453,-3.6331238,8.2954841,1.6443664,10.2517470
-1.1011319,-4.0769391,8.1444397,1.6495195,10.3092900
-1.2426722,-4.5046974,7.9918778,1.7222777,10.3676080
-1.3684671,-4.9126692,7.8392803,1.8581534,10.4261360
-1.4779805,-5.2981228,7.6880557,2.0498841,10.4836460
-1.5712642,-5.6593175,7.5395234,2.2878927,10.5590420
-1.6488673,-5.9954566,7.3948991,2.5608025,10.6181640
-1.7117532,-6.3065583,7.2553796,2.8560360,10.6755460
-1.7611661,-6.5932734,7.1221406,3.1604268,10.7338850
-1.7985185,-6.8567067,6.9963629,3.4607780,10.7949740
-1.8253548,-7.0982426,6.8792851,3.7443859,10.8527380
-1.8431889,-7.3192652,6.7721538,3.9995286,10.9288430
-1.8533037,-7.5209594,6.6761227,4.2158541,10.9873120
-1.8568463,-7.7040791,6.5922801,4.3847172,11.0456280
-1.8547498,-7.8688168,6.5218130,4.4994498,11.1040070
-1.8485737,-8.0148079,6.4657572,4.5555493,11.1625020
-1.8377677,-8.1403659,6.4246253,4.5508386,11.2201600
-1.8230898,-8.2442830,6.3988585,4.4855538,11.2970140
-1.8035078,-8.3233877,6.3885887,4.3623732,11.3555040
-1.7786727,-8.3752042,6.3936981,4.1863989,11.4131680
-1.7474659,-8.3960791,6.4137979,3.9650632,11.4719920
-1.7085700,-8.3822821,6.4482600,3.7079474,11.5333280
-1.6603915,-8.3299502,6.4962985,3.4265158,11.5940920
-1.6011587,-8.2354090,6.5570061,3.1337402,11.6698290
-1.5291300,-8.0954678,6.6294505,2.8436017,11.7272640
-1.4427425,-7.9076026,6.7127712,2.5705262,11.7874500
-1.3406847,-7.6701588,6.8062524,2.3287787,11.8457190
-1.2223003,-7.3825150,6.9094079,2.1317835,11.9038170
-1.0878260,-7.0451452,7.0220262,1.9914069,11.9774110
-0.9384972,-6.6597530,7.1441496,1.9173520,12.0349810
-0.7766731,-6.2293834,7.2760138,1.9165875,12.0928580
-0.6057472,-5.7583341,7.4179717,1.9929885,12.1535440
-0.4300523,-5.2520955,7.5703312,2.1472177,12.2111200
-0.2546117,-4.7172383,7.7332146,2.3766590,12.2721300
-0.0847753,-4.1611869,7.9064004,2.6755189,12.3448360
0.0741056,-3.5920720,8.0891580,3.0352509,12.4024870
0.2171264,-3.0185260,8.2801798,3.4451245,12.4600380
0.3402469,-2.4493747,8.4774915,3.8928808,12.5231150
0.4406574,-1.8933624,8.6784268,4.3655982,12.5810100
0.5170801,-1.3588697,8.8797201,4.8502645,12.6414410
0.5699232,-0.8535743,9.0775996,5.3343103,12.7130750
0.6013069,-0.3842656,9.2679942,5.8062274,12.7704090
0.6149318,0.0433048,9.4467951,6.2559331,12.8277910
0.6157732,0.4245708,9.6100528,6.6750224,12.8913870
0.6096425,0.7561180,9.7542328,7.0568658,12.9493130
0.6026583,1.0356853,9.8764110,7.3964291,13.0234050
0.6006620,1.2621172,9.9743950,7.6899595,13.0854520
0.6086408,1.4351238,10.0468810,7.9346710,13.1430950
0.6302175,1.5551202,10.0934598,8.1283637,13.2008440
0.6672418,1.6229795,10.1145831,8.2690658,13.2592710
0.7195324,1.6397514,10.1114839,8.3547598,13.3210250
0.7848192,1.6065568,10.0859474,8.3832601,13.3911250
0.8588681,1.5244290,10.0401249,8.3522743,13.4535980
0.9357860,1.3942315,9.9762946,8.2595525,13.5110370
1.0084901,1.2166819,9.8966100,8.1031874,13.5686020
1.0692824,0.9923712,9.8029353,7.8821545,13.6271860
1.1104779,0.7218646,9.6966851,7.5967314,13.6924080
1.1250562,0.4058968,9.5787384,7.2490785,13.7621740
1.1072516,0.0455766,9.4494449,6.8438387,13.8238120
1.0530207,-0.3574207,9.3086296,6.3882712,13.8816840
0.9603891,-0.8006128,9.1556692,5.8923421,13.9406320
0.8295939,-1.2805822,8.9896361,5.3686244,14.0055630
0.6630588,-1.7928791,8.8094474,4.8318651,14.0644660
0.4651961,-2.3320242,8.6140832,4.2983743,14.1349590
0.2420166,-2.8916657,8.4027753,3.7852296,14.1933750
0.0006877,-3.4647288,8.1751820,3.3092271,14.2520440
-0.2509982,-4.0436992,7.9315362,2.8857141,14.3095860
-0.5051763,-4.6209264,7.6727084,2.5275373,14.3710360
-0.7543508,-5.1888774,7.4002928,2.2441273,14.4435520
-0.9918511,-5.7405024,7.1165829,2.0406898,14.5010670
-1.2121945,-6.2695339,6.8245183,1.9177196,14.5611390
-1.4112410,-6.7707039,6.5276297,1.8708950,14.6188130
-1.5862420,-7.2398921,6.2298682,1.8912988,14.6809580
-1.7357874,-7.6741637,5.9354985,1.9660699,14.7394260
-1.8596174,-8.0716832,5.6489689,2.0794066,14.8082710
-1.9583931,-8.4315314,5.3747601,2.2138072,14.8697460
-2.0335056,-8.7535251,5.1173193,2.3514602,14.9272680
-2.0867825,-9.0378880,4.8809577,2.4757228,14.9846510
-2.1200750,-9.2849662,4.6696524,2.5725198,15.0461910
-2.1351499,-9.4948773,4.4869720,2.6315248,15.1048030
-2.1333074,-9.6672448,4.3362907,2.6470554,15.1736170
-2.1168463,-9.8012894,4.2207158,2.6185785,15.2350250
-2.0858001,-9.8945706,4.1425795,2.5507877,15.2939230
-2.0413307,-9.9452276,4.1037708,2.4532364,15.3549170
-1.9829504,-9.9495066,4.1055566,2.3395711,15.4171320
-1.9107378,-9.9044139,4.1485676,2.2264257,15.4860130
-1.8244388,-9.8065286,4.2327260,2.1320655,15.5439630
-1.7239540,-9.6528769,4.3572128,2.0749300,15.6024070
-1.6094478,-9.4411800,4.5204869,2.0721775,15.6609750
-1.4814612,-9.1702755,4.7202556,2.1383451,15.7215900
-1.3410811,-8.8404045,4.9534882,2.2842442,15.7803220
-1.1899801,-8.4534585,5.2164662,2.5161951,15.8525750
-1.0301966,-8.0130992,5.5048439,2.8356308,15.9103420
-0.8641796,-7.5247740,5.8137503,3.2390795,15.9719970
-0.6947601,-6.9955955,6.1379250,3.7185425,16.0329100
-0.5249655,-6.4340640,6.4718646,4.2621961,16.0907090
-0.3579284,-5.8498448,6.8099488,4.8552768,16.1491130
-0.1966655,-5.2533189,7.1466183,5.4811870,16.2187040
-0.0439073,-4.6550981,7.4765447,6.1226829,16.2762900
0.0980374,-4.0656530,7.7947779,6.7629468,16.3347460
0.2274649,-3.4948250,8.0969023,7.3865069,16.3973140
0.3433204,-2.9514834,8.3791459,7.9800426,16.4569800
0.4452077,-2.4432837,8.6384771,8.5328464,16.5188440
0.5333652,-1.9764319,8.8726556,9.0370668,16.5892950
0.6085841,-1.5555851,9.0802203,9.4878849,16.6495170
0.6720990,-1.1838815,9.2604816,9.8831947,16.7137580
0.7254403,-0.8630321,9.4134407,10.2231451,16.7721560
0.7702613,-0.5935360,9.5396925,10.5096115,16.8306340
0.8081716,-0.3749917,9.6403546,10.7455235,16.9040400
0.8405641,-0.2063478,9.7168847,10.9342678,16.9616260
0.8684620,-0.0862041,9.7709311,11.0791609,17.0193730
0.8924175,-0.0130832,9.8041935,11.1829927,17.0807590
0.9124422,0.0144735,9.8182066,11.2476619,17.1393070
0.9279944,-0.0022983,9.8142749,11.2740363,17.1971640
0.9380255,-0.0624811,9.7934201,11.2619741,17.2715420
0.9410577,-0.1653802,9.7563052,11.2104600,17.3326230
0.9353125,-0.3105576,9.7033051,11.1178382,17.3909610
0.9188646,-0.4976138,9.6345246,10.9821560,17.4487030
0.8898008,-0.7258976,9.5498547,10.8016141,17.5094040
0.8464174,-0.9944256,9.4491056,10.5749073,17.5781430
0.7874374,-1.3016605,9.3321050,10.3014668,17.6392540
0.7122020,-1.6453551,9.1988241,9.9817967,17.7031560
0.6203846,-2.0225067,9.0494737,9.6175950,17.7610540
0.5129700,-2.4292559,8.8845919,9.2118463,17.8182670
0.3913125,-2.8608727,8.7051192,8.7690143,17.8767480
0.2575800,-3.3118756,8.5124165,8.2948438,17.9465490
0.1145619,-3.7762018,8.3082920,7.7961222,18.0072040
-0.0344358,-4.2474404,8.0949369,7.2804784,18.0709490
-0.1857783,-4.7190762,7.8748428,6.7560845,18.1289700
-0.3356912,-5.1847677,7.6507455,6.2313766,18.1870610
-0.4804689,-5.6386162,7.4255050,5.7148012,18.2491660
-0.6166826,-6.0753344,7.2020707,5.2145650,18.3183110
-0.7413541,-6.4903920,6.9834571,4.7383907,18.3815410
-0.8521084,-6.8800735,6.7726554,4.2933711,18.4428010
-0.9472606,-7.2414498,6.5725972,3.8858827,18.5002750
-1.0258535,-7.5722739,6.3861050,3.5215357,18.5578880
-1.0876720,-7.8708053,6.2158235,3.2051506,18.6309430
-1.1331515,-8.1355986,6.0642174,2.9407930,18.6913740
-1.1632542,-8.3652504,5.9335672,2.7318329,18.7493040
-1.1793188,-8.5581946,5.8259413,2.5809821,18.8076470
-1.1828615,-8.7125780,5.7431626,2.4903182,18.8660630
-1.1754076,-8.8261373,5.6867851,2.4613122,18.9233180
-1.1583288,-8.8961642,5.6580698,2.4948297,18.9963700
-1.1327184,-8.9196244,5.6579233,2.5910633,19.0583690
-1.0993181,-8.8933564,5.6868516,2.7494742,19.1160100
-1.0584802,-8.8143315,5.7449038,2.9687010,19.1744410
-1.0101927,-8.6800005,5.8315812,3.2464420,19.2373020
-0.9541498,-8.4886791,5.9458380,3.5793890,19.2950560
-0.8898534,-8.2398345,6.0860901,3.9632035,19.3670300
-0.8167643,-7.9344688,6.2501974,4.3924742,19.4279120
-0.7344789,-7.5754516,6.4355064,4.8607210,19.4888540
-0.6428521,-7.1675284,6.6388875,5.3605493,19.5502010
-0.5421061,-6.7173642,6.8567898,5.8838142,19.6079890
-0.4329197,-6.2333662,7.0853654,6.4218584,19.6810540
-0.3164424,-5.7253107,7.3206038,6.9658299,19.7428180
-0.1942896,-5.2039976,7.5584714,7.5069926,19.8029860
-0.0685021,-4.6807163,7.7950660,8.0370505,19.8617160
0.0585835,-4.1666441,8.0267462,8.5484964,19.9191530
0.1844916,-3.6722122,8.2502438,9.0349303,19.9781280
0.3067607,-3.2065640,8.4627678,9.4912735,20.0467020
0.4230992,-2.7771324,8.6620460,9.9138975,20.1076720
0.5315259,-2.3892998,8.8463521,10.3006683,20.1687030
0.6304695,-2.0463033,9.0144960,10.6508668,20.2262630
0.7188279,-1.7492277,9.1657426,10.9650053,20.2841720
0.7959807,-1.4971803,9.2997350,11.2445442,20.3423550
0.8617430,-1.2877005,9.4163689,11.4915318,20.4148440
0.9162731,-1.1172244,9.5156389,11.7082042,20.4722390
0.9599489,-0.9817405,9.5975445,11.8965439,20.5306930
0.9932369,-0.8774115,9.6619741,12.0579004,20.5920310
1.0165488,-0.8011288,9.7086227,12.1926559,20.6496190
1.0301133,-0.7510258,9.7369695,12.2999776,20.7225770
1.0338900,-0.7267114,9.7462263,12.3777187,20.7843240
1.0275306,-0.7293848,9.7353508,12.4224418,20.8443680
1.0103820,-0.7617712,9.7031152,12.4295784,20.9051890
0.9815450,-0.8278367,9.6482005,12.3937297,20.9627240
0.9399826,-0.9324123,9.5693121,12.3090547,21.0200570
0.8846557,-1.0806571,9.4652989,12.1697320,21.0950890
0.8146864,-1.2774462,9.3352785,11.9704858,21.1533490
0.7295189,-1.5267251,9.1787235,11.7071123,21.2135380
0.6290752,-1.8309666,8.9955629,11.3769416,21.2745440
0.5138724,-2.1907265,8.7862705,10.9792356,21.3321090
0.3850999,-2.6043348,8.5518812,10.5154783,21.4051940
0.2446588,-3.0680430,8.2940083,9.9895137,21.4668670
0.0950884,-3.5759272,8.0147848,9.4075459,21.5241690
-0.0604630,-4.1194095,7.7167842,8.7780393,21.5825810
-0.2185985,-4.6887497,7.4029596,8.1114166,21.6418830
-0.3756448,-5.2730191,7.0765575,7.4196386,21.7013290
-0.5277797,-5.8608585,6.7410596,6.7157689,21.7748510
-0.6718163,-6.4410417,6.4001186,6.0134444,21.8366470
-0.8043813,-7.0030746,6.0575042,5.3263510,21.8954580
-0.9228979,-7.5376791,5.7170416,4.6677437,21.9539490
-1.0254211,-8.0371541,5.3826004,4.0500001,22.0125080
-1.1107514,-8.4955630,5.0581268,3.4842597,22.0711910
-1.1784277,-8.9088115,4.7476108,2.9801764,22.1475120
-1.2286875,-9.2745484,4.4550850,2.5457742,22.2051580
-1.2623829,-9.5918973,4.1846202,2.1874125,22.2628600
-1.2808515,-9.8611412,3.9402374,1.9098211,22.3210600
-1.2857635,-10.0832924,3.7258885,1.7162142,22.3796860
-1.2789566,-10.2596359,3.5454093,1.6084600,22.4374010
-1.2622810,-10.3913271,3.4024060,1.5872283,22.5103240
-1.2374597,-10.4790741,3.3001575,1.6521315,22.5681110
-1.2059815,-10.5228747,3.2414938,1.8018655,22.6280420
-1.1690386,-10.5218637,3.2286646,2.0343043,22.6854820
-1.1274930,-10.4743917,3.2632125,2.3465324,22.7435400
-1.0818886,-10.3781631,3.3458755,2.7348671,22.8021030
-1.0325034,-10.2305131,3.4764846,3.1948247,22.8730710
-0.9794298,-10.0288263,3.6538683,3.7210435,22.9316110
-0.9226754,-9.7709158,3.8758401,4.3072697,22.9901320
-0.8622484,-9.4553999,4.1392108,4.9463844,23.0480100
-0.7982576,-9.0821519,4.4398201,5.6304023,23.1094090
-0.7309953,-8.6527087,4.7726469,6.3505316,23.1814550
-0.6609696,-8.1704437,5.1319097,7.0973409,23.2425710
-0.5889256,-7.6406738,5.5111924,7.8609488,23.3034350
-0.5158285,-7.0706381,5.9036439,8.6312766,23.3612960
-0.4427997,-6.4692047,6.3021671,9.3983781,23.4187260
-0.3710544,-5.8466171,6.6996830,10.1527589,23.4771410
-0.3018492,-5.2142129,7.0893828,10.8856191,23.5500520
-0.2363731,-4.5838167,7.4649530,11.5891891,23.6074880
-0.1756514,-3.9671738,7.8208125,12.2570163,23.6662190
-0.1204913,-3.3754035,8.1522523,12.8840833,23.7245750
-0.0714120,-2.8183834,8.4555626,13.4669070,23.7821110
-0.0286347,-2.3043741,8.7281167,14.0035115,23.8403800
0.0078838,-1.8397784,8.9683866,14.4932699,23.9155850
0.0384283,-1.4289783,9.1759053,14.9367081,23.9738910
0.0634652,-1.0743364,9.3511469,15.3352284,24.0374460
0.0835536,-0.7763910,9.4953704,15.6907414,24.0956600
0.0992594,-0.5341431,9.6104065,16.0052851,24.1541700
0.1110551,-0.3454792,9.6984248,16.2806495,24.2191230
0.1192382,-0.2076979,9.7617130,16.5180328,24.2890780
0.1238789,-0.1179468,9.8024295,16.7177962,24.3501890
0.1247948,-0.0736710,9.8224093,16.8793089,24.4119150
0.1215587,-0.0729377,9.8230134,17.0009013,24.4696930
0.1135476,-0.1145538,9.8049967,17.0799764,24.5300050
0.1000103,-0.1981744,9.7685122,17.1132086,24.6044980
0.0801548,-0.3241968,9.7131652,17.0968507,24.6638580
0.0532648,-0.4935326,9.6381140,17.0271226,24.7222680
0.0188038,-0.7073833,9.5422982,16.9006376,24.7843760
-0.0234853,-0.9667836,9.4246214,16.7148299,24.8422600
-0.0734947,-1.2721547,9.2841426,16.4683321,24.9075790
-0.1307097,-1.6229632,9.1203414,16.1613244,24.9766320
-0.1942073,-2.0173315,8.9333042,15.7957584,25.0365600
-0.2626724,-2.4518796,8.7238859,15.3754758,25.0956450
-0.3344217,-2.9217385,8.4938493,14.9062222,25.1531250
-0.4074998,-3.4205448,8.2458449,14.3954577,25.2121780
-0.4799077,-3.9406778,7.9833410,13.8521138,25.2732430
-0.5494483,-4.4735871,7.7105292,13.2862419,25.3747940
-0.6141785,-5.0100439,7.4321348,12.7085687,25.4325930
-0.6723347,-5.5406601,7.1532129,12.1300759,25.4899520
-0.7224330,-6.0566020,6.8789559,11.5615653,25.5567200
-0.7633881,-6.5500887,6.6144241,11.0132229,25.6149590
-0.7943902,-7.0139438,6.3642989,10.4942636,25.6856500
-0.8151560,-7.4426328,6.1327016,10.0126519,25.7477950
-0.8257650,-7.8320016,5.9230123,9.5748718,25.8058990
-0.8266516,-8.1793779,5.7377708,9.1858514,25.8659120
-0.8185361,-8.4833099,5.5786434,8.8489778,25.9301590
-0.8023267,-8.7434416,5.4464355,8.5661901,25.9876400
-0.7790265,-8.9602510,5.3411515,8.3381611,26.0590620
-0.7496438,-9.1347468,5.2621207,8.1645149,26.1184920
-0.7151087,-9.2681795,5.2081660,8.0440811,26.1760110
-0.6762373,-9.3617384,5.1777815,7.9751617,26.2378220
-0.6336859,-9.4163670,5.1693052,7.9557584,26.2962410
-0.5879587,-9.4326150,5.1811102,7.9837940,26.3537950
-0.5394555,-9.4105516,5.2117642,8.0572830,26.4271290
-0.4884858,-9.3498292,5.2601281,8.1744112,26.4845690
-0.4353360,-9.2498062,5.3254434,8.3335839,26.5448120
-0.3803246,-9.1096869,5.4073382,8.5334059,26.6090620
-0.3238242,-8.9287366,5.5057655,8.7726021,26.6667480
-0.2663597,-8.7065342,5.6209283,9.0498972,26.7276680
-0.2086462,-8.4431033,5.7531720,9.3639020,26.8005910
-0.1516032,-8.1391688,5.9028069,9.7129471,26.8598470
-0.0963622,-7.7963990,6.0699288,10.0949156,26.9211440
-0.0441836,-7.4174287,6.2542869,10.5071637,26.9800480
0.0035277,-7.0059322,6.4551057,10.9464319,27.0388380
0.0454958,-6.5666380,6.6710195,11.4088009,27.0971960
0.0804447,-6.1052175,6.9000691,11.8897124,27.1707240
0.1073072,-5.6281454,7.1396628,12.3840644,27.2291100
0.1252776,-5.1425821,7.3866771,12.8863115,27.2907250
0.1338969,-4.6560762,7.6375577,13.3906541,27.3493050
0.1331271,-4.1762542,7.8884507,13.8912819,27.4084910
0.1233707,-3.7105526,8.1354325,14.3825760,27.4816290
0.1054778,-3.2658397,8.3746612,14.8593273,27.5405700
0.0807380,-2.8481544,8.6025636,15.3169578,27.6035290
0.0508348,-2.4624969,8.8159805,15.7516686,27.6622450
0.0177575,-2.1126496,9.0122596,16.1605355,27.7198150
-0.0162799,-1.8010955,9.1893486,16.5415849,27.7787510
-0.0489775,-1.5290476,9.3457908,16.8937112,27.8478880
-0.0781059,-1.2965810,9.4806957,17.2165270,27.9055260
-0.1016342,-1.1028387,9.5936423,17.5101545,27.9676990
-0.1178958,-0.9463319,9.6845662,17.7749198,28.0251900
-0.1257177,-0.8252771,9.7536390,18.0110631,28.0871480
-0.1245258,-0.7379417,9.8011299,18.2184540,28.1450480
-0.1144318,-0.6829783,9.8273050,18.3962871,28.2137860
-0.0962626,-0.6597010,9.8323169,18.5428564,28.2762700
-0.0715443,-0.6682581,9.8161430,18.6554377,28.3349670
-0.0424315,-0.7096777,9.7785775,18.7302770,28.3924600
-0.0115956,-0.7858453,9.7191963,18.7626770,28.4543550
0.0179400,-0.8993425,9.6373906,18.7472336,28.5233470
0.0429927,-1.0531747,9.5324299,18.6781578,28.5839920
0.0604340,-1.2504370,9.4035219,18.5496708,28.6481430
0.0674156,-1.4938997,9.2499350,18.3564880,28.7057550
0.0615589,-1.7856164,9.0711123,18.0943049,28.7633390
0.0411410,-2.1265396,8.8667652,17.7602542,28.8215370
0.0052377,-2.5162032,8.6369948,17.3533246,28.8914450
-0.0462126,-2.9525589,8.3823448,16.8746703,28.9518020
-0.1123664,-3.4318359,8.1038278,16.3277960,29.0102240
-0.1915301,-3.9486157,7.8029862,15.7186386,29.0686060
-0.2813004,-4.4960172,7.4818891,15.0554729,29.1264690
-0.3786769,-5.0658980,7.1431665,14.3487503,29.1882410
-0.4802183,-5.6492609,6.7900645,13.6108536,29.2570850
-0.5822114,-6.2365917,6.4264050,12.8556794,29.3212750
-0.6810292,-6.8182579,6.0565500,12.0981869,29.3823200
-0.7730578,-7.3848921,5.6853679,11.3538904,29.4404950
-0.8551605,-7.9275752,5.3181709,10.6383208,29.4991320
-0.9247002,-8.4381272,4.9606392,9.9665411,29.5578580
-0.9796359,-8.9092348,4.6187326,9.3526885,29.6307400
-1.0185663,-9.3344990,4.2985708,8.8095720,29.6886550
-1.0406945,-9.7085476,4.0062676,8.3483202,29.7530300
-1.0458132,-10.0269145,3.7477751,7.9781099,29.8128050
-1.0342560,-10.2859538,3.5287141,7.7059699,29.8713160
-1.0068025,-10.4827414,3.3541762,7.5366547,29.9333410
-0.9646147,-10.6149320,3.2285330,7.4725837,30.0057490
-0.9091462,-10.6807612,3.1552581,7.5138567,30.0634040
-0.8420667,-10.6790449,3.1367720,7.6583420,30.1223010
-0.7652251,-10.6092360,3.1743127,7.9017869,30.1808460
-0.6805990,-10.4715877,3.2678456,8.2379812,30.2384600
-0.5902747,-10.2672273,3.4160320,8.6589900,30.3109440
-0.4964156,-9.9982407,3.6162441,9.1554131,30.3695400
-0.4012528,-9.6678472,3.8646109,9.7166673,30.4286750
-0.3070869,-9.2804304,4.1561575,10.3313325,30.4861300
-0.2162385,-8.8415910,4.4849406,10.9874753,30.5445190
-0.1310298,-8.3581992,4.8442048,11.6729591,30.6057270
-0.0537008,-7.8382078,5.2266411,12.3758122,30.6760990
0.0137290,-7.2904294,5.6246106,13.0845823,30.7367640
0.0695111,-6.7243289,6.0303835,13.7886113,30.7954780
0.1122573,-6.1496913,6.4364089,14.4782868,30.8530890
0.1410217,-5.5763109,6.8355300,15.1452840,30.9146210
0.1553188,-5.0137356,7.2211498,15.7826898,30.9723760
0.1552226,-4.4709184,7.5874505,16.3851037,31.0458720
0.1412838,-3.9559002,7.9295488,16.9486982,31.1068720
0.1147050,-3.4755202,8.2435893,17.4711934,31.1643300
0.0770554,-3.0352686,8.5268829,17.9517180,31.2242410
0.0303194,-2.6391048,8.7778905,18.3907150,31.2827550
-0.0232200,-2.2893125,8.9961700,18.7898146,31.3403900
-0.0810297,-1.9866365,9.1823186,19.1515427,31.4167720
-0.1405463,-1.7303285,9.3377793,19.4791053,31.4742470
-0.1992561,-1.5183523,9.4646713,19.7760936,31.5319140
-0.2548739,-1.3477106,9.5655849,20.0461267,31.5902320
-0.3054161,-1.2146549,9.6433297,20.2926150,31.6515320
-0.3492810,-1.1151162,9.7006905,20.5184760,31.7243930
-0.3853403,-1.0449170,9.7402040,20.7258510,31.7867730
-0.4129808,-1.0002821,9.7639594,20.9158910,31.8444530
-0.4321493,-0.9781394,9.7734473,21.0885384,31.9022150
-0.4433851,-0.9764462,9.7695009,21.2423961,31.9609430
-0.4477810,-0.9943824,9.7522641,21.3747109,32.0230600
-0.4469247,-1.0324572,9.7212366,21.4814386,32.0944710
-0.4428127,-1.0924770,9.6753718,21.5574007,32.1530410
-0.4377281,-1.1773815,9.6131968,21.5965771,32.2116930
-0.4341037,-1.2909830,9.5330009,21.5924493,32.2705270
-0.4343719,-1.4376270,9.4330155,21.5384012,32.3330570
-0.4408019,-1.6217353,9.3115909,21.4281875,32.3920410
-0.4553331,-1.8472998,9.1673962,21.2564206,32.4656810
-0.4794326,-2.1174235,8.9995329,21.0190078,32.5309220
-0.5139700,-2.4338708,8.8076240,20.7135475,32.5890770
-0.5591406,-2.7967393,8.5918633,20.3396213,32.6473050
-0.6144399,-3.2042710,8.3530075,19.8989674,32.7092740
-0.6786670,-3.6527285,8.0923283,19.3955503,32.7804270
-0.7499919,-4.1364486,7.8115798,18.8354884,32.8386810
-0.8260712,-4.6480711,7.5129014,18.2268728,32.8969380
-0.9041749,-5.1788195,7.1987568,17.5794721,32.9547320
-0.9813915,-5.7189825,6.8718460,16.9043411,33.0124160
-1.0548326,-6.2584409,6.5350515,16.2133936,33.0703630
-1.1218009,-6.7871802,6.1913871,15.5189414,33.1418040
-1.1800194,-7.2958903,5.8439536,14.8332151,33.1994350
-1.2277435,-7.7763989,5.4959407,14.1679690,33.2606410
-1.2638337,-8.2220154,5.1506275,13.5341353,33.3181650
-1.2878288,-8.6277937,4.8114203,12.9415595,33.3806930
-1.2998848,-8.9905907,4.4818738,12.3988482,33.4384600
-1.3007203,-9.3090279,4.1656939,11.9132650,33.5124240
-1.2915243,-9.5833289,3.8667327,11.4907097,33.5733700
-1.2737812,-9.8149728,3.5889550,11.1357778,33.6321380
-1.2491169,-10.0062908,3.3363797,10.8518389,33.6960880
-1.2191367,-10.1600426,3.1130022,10.6411539,33.7537580
-1.1852636,-10.2789755,2.9226928,10.5050014,33.8113640
-1.1486571,-10.3654311,2.7690829,10.4437686,33.8859050
-1.1101721,-10.4210721,2.6554419,10.4570200,33.9438810
-1.0703402,-10.4466553,2.5845561,10.5435574,34.0018160
-1.0294115,-10.4419110,2.5586231,10.7014528,34.0660850
-0.9874237,-10.4056194,2.5791346,10.9280301,34.1239880
-0.9442820,-10.3357732,2.6467976,11.2198747,34.1813940
-0.8998743,-10.2298034,2.7614812,11.5728196,34.2564740
-0.8541879,-10.0849201,2.9221710,11.9819260,34.3143110
-0.8073968,-9.8984996,3.1269749,12.4415256,34.3715950
-0.7598998,-9.6683506,3.3731747,12.9453085,34.4352040
-0.7123646,-9.3931565,3.6572513,13.4863911,34.4930040
-0.6657278,-9.0728720,3.9749558,14.0574218,34.5670950
-0.6211136,-8.7088246,4.3214117,14.6507817,34.6297860
-0.5797900,-8.3039732,4.6911665,15.2587366,34.6883770
-0.5430349,-7.8628681,5.0783435,15.8736561,34.7491960
-0.5119634,-7.3914235,5.4768093,16.4882746,34.8086100
-0.4874654,-6.8968854,5.8802919,17.0958565,34.8663590
-0.4700894,-6.3874817,6.2825738,17.6903492,34.9432990
-0.4599741,-5.8720679,6.6776402,18.2665454,35.0014860
-0.4568699,-5.3599644,7.0597849,18.8201842,35.0602420
-0.4600828,-4.8600118,7.4238360,19.3480327,35.1182560
-0.4684807,-4.3806185,7.7653082,19.8478914,35.1769470
-0.4805873,-3.9291670,8.0805229,20.3185477,35.2346880
-0.4947305,-3.5116180,8.3667871,20.7596397,35.3111660
-0.5091738,-3.1326620,8.6223122,21.1715037,35.3689420
-0.5222882,-2.7952457,8.8462404,21.5550480,35.4288400
-0.5325846,-2.5008049,9.0385804,21.9114971,35.4873560
-0.5389285,-2.2493964,9.2000852,22.2421784,35.5452690
-0.5405927,-2.0399107,9.3321431,22.5482638,35.6075710
-0.5373570,-1.8704813,9.4366181,22.8304734,35.6764300
-0.5294980,-1.7387387,9.5156274,23.0889169,35.7341330
-0.5177589,-1.6422397,9.5713069,23.3229398,35.7917020
-0.5033024,-1.5786574,9.6056290,23.5310348,35.8502780
-0.4875843,-1.5461247,9.6202257,23.7108524,35.9077350
-0.4722836,-1.5434378,9.6162538,23.8592268,35.9830690
-0.4592425,-1.5702577,9.5943377,23.9722771,36.0421800
-0.4502936,-1.6270070,9.5545096,24.0455879,36.0999310
-0.4471669,-1.7148023,9.4962328,24.0744395,36.1621660
-0.4513863,-1.8352602,9.4185115,24.0540913,36.2200060
-0.4641426,-1.9901535,9.3200412,23.9801078,36.2806110
-0.4862893,-2.1812037,9.1993641,23.8486258,36.3533310
-0.5183059,-2.4098149,9.0550629,23.6566278,36.4108360
-0.5602658,-2.6767259,8.8859346,23.4022019,36.4709040
-0.6118434,-2.9817317,8.6911298,23.0847300,36.5316670
-0.6723146,-3.3235174,8.4702865,22.7050299,36.5897210
-0.7405710,-3.6995059,8.2236052,22.2654460,36.6504010
-0.8151733,-4.1058769,7.9518600,21.7698254,36.7218840
-0.8944296,-4.5377386,7.6563931,21.2234225,36.7795390
-0.9764598,-4.9892586,7.3390223,20.6327990,36.8368890
-1.0592731,-5.4539161,7.0019751,20.0056377,36.9006670
-1.1408704,-5.9248508,6.6477958,19.3505385,36.9617100
-1.2193765,-6.3951807,6.2792691,18.6768090,37.0327220
-1.2930361,-6.8583874,5.8993401,17.9942347,37.0950520
-1.3604273,-7.3086432,5.5111020,17.3128711,37.1529840
-1.4204598,-7.7410276,5.1177795,16.6428553,37.2105220
-1.4724334,-8.1516897,4.7227375,15.9942363,37.2688100
-1.5160341,-8.5378321,4.3295731,15.3768461,37.3304380
-1.5512839,-8.8976086,3.9421655,14.8001751,37.4021080
-1.5784926,-9.2299546,3.5647434,14.2732633,37.4642410
-1.5981545,-9.5343049,3.2019408,13.8046060,37.5219340
-1.6108734,-9.8103129,2.8588091,13.4020338,37.5799230
-1.6172782,-10.0575774,2.5407824,13.0725748,37.6383880
-1.6179115,-10.2753467,2.2536022,12.8223235,37.7042650
-1.6131642,-10.4622940,2.0032002,12.6562917,37.7749330
-1.6032054,-10.6163752,1.7954933,12.5782425,37.8363880
-1.5879399,-10.7348041,1.6361509,12.5905395,37.8945130
-1.5670416,-10.8141310,1.5303455,12.6940027,37.9519930
-1.5400142,-10.8504413,1.4824759,12.8877810,38.0138700
-1.5062811,-10.8396486,1.4959061,13.1692794,38.0723680
-1.4653078,-10.7778097,1.5727481,13.5341654,38.1409990
-1.4167225,-10.6615197,1.7136587,13.9764099,38.1996810
-1.3604328,-10.4883190,1.9177004,14.4884095,38.2576120
-1.2967287,-10.2570401,2.1822856,15.0611858,38.3161250
-1.2263601,-9.9680715,2.5031796,15.6846324,38.3786720
-1.1505583,-9.6235640,2.8746044,16.3478400,38.4370890
-1.0709833,-9.2274393,3.2894315,17.0394795,38.5093190
-0.9896808,-8.7853665,3.7394075,17.7481822,38.5669380
-0.9089845,-8.3047139,4.2154520,18.4629035,38.6268720
-0.8313663,-7.7942186,4.7079887,19.1732914,38.6909620
-0.7593299,-7.2637129,5.2072557,19.8699697,38.7484310
-0.6951909,-6.7236261,5.7037071,20.5448481,38.8191900
-0.6408642,-6.1843578,6.1883804,21.1913513,38.8813790
-0.5977641,-5.6559040,6.6531791,21.8045176,38.9389160
-0.5666621,-5.1473406,7.0911728,22.3810651,38.9964310
-0.5476865,-4.6664488,7.4967511,22.9193012,39.0579450
-0.5403856,-4.2198344,7.8657126,23.4189553,39.1191440
-0.5437377,-3.8122496,8.1953857,23.8809971,39.1877200
-0.5563824,-3.4468993,8.4842841,24.3073782,39.2511350
-0.5764607,-3.1253735,8.7326876,24.7007563,39.3092630
-0.6019940,-2.8475370,8.9419241,25.0641887,39.3698550
-0.6309102,-2.6120763,9.1144096,25.4008192,39.4317680
-0.6611996,-2.4165327,9.2533908,25.7135723,39.4894890
-0.6910524,-2.2577538,9.3626508,26.0048763,39.5606260
-0.7189581,-2.1322508,9.4461648,26.2764643,39.6213190
-0.7437650,-2.0365128,9.5078114,26.5291874,39.6789220
-0.7647279,-1.9673391,9.5510903,26.7629008,39.7396930
-0.7815044,-1.9220741,9.5788825,26.9764118,39.7979270
-0.7941339,-1.8987626,9.5932120,27.1674729,39.8564430
-0.8030164,-1.8963197,9.5951272,27.3328707,39.9255640
-0.8088318,-1.9145578,9.5846560,27.4685742,39.9872330
-0.8124960,-1.9541791,9.5607978,27.5699110,40.0491810
-0.8151634,-2.0167968,9.5216765,27.6318020,40.1078250
-0.8181341,-2.1047437,9.4647103,27.6490309,40.1698580
-0.8228045,-2.2209016,9.3868273,27.6165130,40.2404060
-0.8305897,-2.3684094,9.2847700,27.5295869,40.2990470
-0.8427851,-2.5502784,9.1554060,27.3843318,40.3609630
-0.8605160,-2.7690943,8.9960208,27.1778181,40.4195390
-0.8846621,-3.0266805,8.8046036,26.9083365,40.4780590
-0.9157867,-3.3238586,8.5800100,26.5755563,40.5402320
-0.9540819,-3.6601701,8.3220757,26.1806333,40.6091490
-0.9993133,-4.0337223,8.0316595,25.7262541,40.6699780
-1.0507865,-4.4411161,7.7105807,25.2166126,40.7342340
-1.1073439,-4.8774436,7.3615484,24.6573407,40.7917770
-1.1674156,-5.3365181,6.9879897,24.0553363,40.8516350
-1.2290785,-5.8110794,6.5938621,23.4185774,40.9096690
-1.2901363,-6.2930992,6.1834708,22.7558986,40.9802520
-1.3482394,-6.7742432,5.7612331,22.0767524,41.0408050
-1.4010891,-7.2462631,5.3315374,21.3909675,41.0985100
-1.4464825,-7.7014662,4.8986120,20.7085178,41.1559050
-1.4825512,-8.1331441,4.4664486,20.0393311,41.2144420
-1.5078399,-8.5358536,4.0388246,19.3930900,41.2719660
-1.5214277,-8.9056623,3.6193163,18.7790796,41.3452410
-1.5229701,-9.2402389,3.2113829,18.2060698,41.4060140
-1.5127028,-9.5388335,2.8184686,17.6821958,41.4662780
-1.4914422,-9.8020883,2.4441165,17.2149106,41.5273310
-1.4604728,-10.0317230,2.0920584,16.8109365,41.5852130
-1.4214594,-10.2301786,1.7662762,16.4761882,41.6561560
-1.3763448,-10.4001812,1.4710185,16.2156970,41.7187810
-1.3271574,-10.5442868,1.2107632,16.0335475,41.7795460
-1.2758694,-10.6644801,0.9901562,15.9328013,41.8397360
-1.2242568,-10.7617924,0.8138718,15.9154240,41.9010730
-1.1737738,-10.8360125,0.6864319,15.9822257,41.9589010
-1.1254674,-10.8855868,0.6120033,16.1327899,42.0288130
-1.0799362,-10.9076323,0.5941704,16.3654359,42.0931050
-1.0373066,-10.8981006,0.6357161,16.6772172,42.1509330
-0.9972316,-10.8521008,0.7384223,17.0639522,42.2109370
-0.9589725,-10.7643225,0.9028839,17.5202832,42.2720020
-0.9214803,-10.6295362,1.1283716,18.0397801,42.3295380
-0.8834887,-10.4431573,1.4127551,18.6150736,42.3998990
-0.8436464,-10.2018173,1.7524728,19.2380089,42.4641730
-0.8006307,-9.9038560,2.1425808,19.8998358,42.5220520
-0.7532382,-9.5497109,2.5768693,20.5913988,42.5823630
-0.7005267,-9.1422034,3.0480080,21.3033275,42.6436140
-0.6419121,-8.6866082,3.5477720,22.0262548,42.7022900
-0.5772462,-8.1905846,4.0672818,22.7509945,42.7740350
-0.5069441,-7.6640166,4.5972229,23.4686540,42.8326870
-0.4319863,-7.1185458,5.1281585,24.1708211,42.8920280
-0.3539140,-6.5670240,5.6508263,24.8497060,42.9496070
-0.2748066,-6.0228708,6.1564152,25.4982607,43.0117830
-0.1971495,-5.4992892,6.6368683,26.1103432,43.0698270
-0.1237544,-5.0086043,7.0850894,26.6807958,43.1456660
-0.0576121,-4.5616118,7.4951659,27.2055242,43.2070850
-0.0016604,-4.1670364,7.8626380,27.6815712,43.2649470
0.0411864,-3.8311730,8.1841417,28.1071420,43.3225370
0.0685344,-3.5576333,8.4581934,28.4816280,43.3808090
0.0784618,-3.3473321,8.6845797,28.8055867,43.4536110
0.0697292,-3.1985701,8.8644950,29.0806984,43.5118790
0.0419074,-3.1072610,9.0004072,29.3096860,43.5703820
-0.0045769,-3.0673559,9.0958719,29.4961894,43.6285890
-0.0684402,-3.0713040,9.1553281,29.6446131,43.6864330
0.0000000,0.0000000,0.0000000,0.0000000,43.7457220
0.0000000,0.0000000,0.0000000,0.0000000,43.8170310
0.0000000,0.0000000,0.0000000,0.0000000,43.8780960
0.0000000,0.0000000,0.0000000,0.0000000,43.9359350
0.0000000,0.0000000,0.0000000,0.0000000,43.9936190
0.0000000,0.0000000,0.0000000,0.0000000,44.0522950
0.0000000,0.0000000,0.0000000,0.0000000,44.1111390
0.0000000,0.0000000,0.0000000,0.0000000,44.1829530
0.0000000,0.0000000,0.0000000,0.0000000,44.2417040
0.0000000,0.0000000,0.0000000,0.0000000,44.3001020
0.0000000,0.0000000,0.0000000,0.0000000,44.3580480
0.0000000,0.0000000,0.0000000,0.0000000,44.4206150
0.0000000,0.0000000,0.0000000,0.0000000,44.4911090
0.0000000,0.0000000,0.0000000,0.0000000,44.5498770
0.0000000,0.0000000,0.0000000,0.0000000,44.6090360
0.0000000,0.0000000,0.0000000,0.0000000,44.6673960
0.0000000,0.0000000,0.0000000,0.0000000,44.7246780
0.0000000,0.0000000,0.0000000,0.0000000,44.7866560
0.0000000,0.0000000,0.0000000,0.0000000,44.8587170
0.0000000,0.0000000,0.0000000,0.0000000,44.9187930
0.0000000,0.0000000,0.0000000,0.0000000,44.9798410
0.0000000,0.0000000,0.0000000,0.0000000,45.0381860
0.0000000,0.0000000,0.0000000,0.0000000,45.0956780
0.0000000,0.0000000,0.0000000,0.0000000,45.1550170
0.0000000,0.0000000,0.0000000,0.0000000,45.2314120
0.0000000,0.0000000,0.0000000,0.0000000,45.2902300
0.0000000,0.0000000,0.0000000,0.0000000,45.3492240
0.0000000,0.0000000,0.0000000,0.0000000,45.4085940
0.0000000,0.0000000,0.0000000,0.0000000,45.4670480
0.0000000,0.0000000,0.0000000,0.0000000,45.5426900
0.0000000,0.0000000,0.0000000,0.0000000,45.6012640
0.0000000,0.0000000,0.0000000,0.0000000,45.6595110
