-0.0000071,-0.0000358,0.0028134,0.0000488,0.0000000
-0.0000188,-0.0001095,0.0077884,0.0001373,0.0000000
-0.0000346,-0.0002319,0.0151290,0.0002705,0.0000000
-0.0000422,-0.0004129,0.0250566,0.0004486,0.0000000
-0.0000313,-0.0006598,0.0376306,0.0006682,0.0000000
0.0000209,-0.0009754,0.0525260,0.0009215,0.0000000
0.0001339,-0.0013513,0.0688212,0.0011892,0.0000000
0.0002879,-0.0017601,0.0848441,0.0014350,0.0000000
0.0004607,-0.0021549,0.0981078,0.0016099,0.0000000
0.0006161,-0.0024702,0.1053972,0.0016499,0.0000000
0.0007079,-0.0026203,0.1030074,0.0014869,0.0000000
0.0007174,-0.0025032,0.0871397,0.0010705,0.0000000
0.0006139,-0.0020111,0.0544572,0.0003665,0.0000000
0.0003584,-0.0010467,0.0027196,-0.0006326,0.0000000
-0.0000811,0.0004630,-0.0685504,-0.0018923,0.0000000
-0.0007304,0.0025505,-0.1574433,-0.0033293,0.0000000
-0.0015807,0.0051847,-0.2592058,-0.0048056,0.0000000
-0.0025737,0.0082574,-0.3659848,-0.0061266,0.0000000
-0.0036017,0.0115664,-0.4668541,-0.0070566,0.0000000
-0.0045126,0.0147976,-0.5481687,-0.0073450,0.0000000
-0.0051192,0.0175402,-0.5942257,-0.0067428,0.0000000
-0.0052196,0.0193015,-0.5882317,-0.0050320,0.0000000
-0.0046240,0.0195294,-0.5135056,-0.0020554,0.0000000
-0.0031816,0.0176534,-0.3548152,0.0022608,0.0000000
-0.0008131,0.0131246,-0.0997410,0.0078849,0.0000000
0.0024636,0.0054657,0.2600698,0.0146721,0.0000000
0.0065175,-0.0056713,0.7278830,0.0223721,0.0000000
0.0110991,-0.0204500,1.3011991,0.0306506,0.0000000
0.0158489,-0.0388041,1.9715012,0.0391232,0.0000000
0.0203208,-0.0604040,2.7244683,0.0474016,0.0000000
0.0240161,-0.0846388,3.5406615,0.0551447,0.0000000
0.0264272,-0.1106196,4.3966347,0.0621110,0.0000000
0.0270915,-0.1372079,5.2663785,0.0682060,2.8286490
0.0256435,-0.1630638,6.1229853,0.0735187,2.8873740
0.0218626,-0.1867192,6.9403921,0.0783408,2.9445690
0.0157129,-0.2066688,7.6950473,0.0831666,3.0064740
0.0073630,-0.2214637,8.3673697,0.0886723,3.0684230
-0.0028094,-0.2298111,8.9428726,0.0956735,3.1408020
-0.0142323,-0.2306691,9.4128600,0.1050662,3.2001140
-0.0261744,-0.2233252,9.7746555,0.1177567,3.2578920
-0.0377943,-0.2074569,10.0313667,0.1345804,3.3162340
-0.0482047,-0.1831663,10.1912179,0.1562252,3.3777700
-0.0565403,-0.1509797,10.2665408,0.1831623,3.4353760
-0.0620254,-0.1118160,10.2725333,0.2155900,3.5089150
-0.0640412,-0.0669324,10.2258919,0.2534055,3.5662360
-0.0621745,-0.0178405,10.1434712,0.2961968,3.6264590
-0.0562550,0.0337897,10.0410759,0.3432609,3.6882510
-0.0463755,0.0862311,9.9324791,0.3936467,3.7488480
-0.0328777,0.1378122,9.8287466,0.4462167,3.8089160
-0.0163261,0.1870125,9.7378814,0.4997240,3.8791350
0.0025387,0.2325443,9.6647872,0.5528981,3.9366210
0.0228664,0.2734149,9.6115170,0.6045301,3.9946370
0.0437542,0.3089534,9.5777337,0.6535502,4.0560260
0.0643154,0.3388167,9.5613142,0.6990917,4.1156460
0.0837420,0.3629706,9.5590072,0.7405345,4.1740900
0.1013530,0.3816460,9.5670634,0.7775263,4.2432630
0.1166385,0.3952878,9.5817807,0.8099827,4.3050130
0.1292813,0.4044886,9.5999076,0.8380620,4.3628750
0.1391592,0.4099222,9.6188864,0.8621267,4.4238260
0.1463314,0.4122852,9.6369406,0.8826953,4.4856220
0.1510095,0.4122360,9.6530174,0.9003754,4.5543960
0.1535162,0.4103539,9.6666342,0.9158043,4.6128820
0.1542431,0.4071107,9.6776738,0.9295915,4.6712220
0.1536075,0.4028535,9.6861713,0.9422646,4.7329420
0.1520087,0.3978124,9.6921432,0.9542451,4.7906360
0.1497994,0.3921226,9.6947638,0.9658167,4.8522980
0.1472498,0.3857924,9.6967025,0.9771979,4.9211780
0.1445496,0.3788000,9.6978579,0.9884523,4.9814720
0.1418029,0.3710890,9.6981729,0.9995488,5.0424060
0.1390496,0.3625991,9.6976337,1.0103841,5.1035160
0.1362717,0.3532861,9.6962739,1.0208136,5.1609090
0.1334341,0.3431316,9.6941708,1.0306811,5.2193070
0.1304931,0.3321613,9.6914372,1.0398532,5.2889620
0.1273744,0.3204483,9.6882212,1.0482341,5.3463650
0.1240021,0.3081170,9.6846861,1.0557928,5.4079540
0.1202826,0.2953498,9.6809940,1.0625782,5.4664730
0.1161306,0.2823618,9.6773022,1.0687109,5.5238380
0.1115036,0.2693947,9.6737326,1.0744060,5.5820870
0.1063951,0.2567053,9.6703789,1.0799492,5.6541740
0.1008769,0.2445341,9.6673119,1.0856517,5.7121960
0.0950470,0.2331085,9.6645630,1.0918624,5.7770060
0.0890024,0.2226615,9.6621684,1.0989449,5.8353020
0.0828557,0.2133905,9.6601461,1.1072491,5.8930680
0.0767142,0.2054144,9.6584704,1.1171048,5.9666190
0.0706815,0.1988144,9.6571360,1.1287892,6.0248290
0.0648959,0.1935878,9.6560929,1.1424761,6.0868390
0.0594567,0.1896793,9.6553226,1.1582523,6.1463880
0.0543066,0.1870776,9.6549680,1.1761511,6.2049820
0.0493348,0.1857363,9.6551653,1.1961030,6.2626220
0.0443360,0.1855614,9.6561517,1.2179581,6.3359700
0.0390491,0.1864733,9.6581343,1.2414732,6.3962970
0.0333159,0.1884354,9.6609943,1.2662541,6.4566950
0.0269803,0.1914266,9.6645971,1.2918176,6.5153100
0.0199510,0.1955138,9.6686125,1.3175923,6.5731070
0.0122866,0.2007406,9.6726380,1.3429012,6.6326630
0.0042179,0.2068994,9.6766098,1.3669700,6.7016840
-0.0037264,0.2136709,9.6802995,1.3889075,6.7633650
-0.0107120,0.2205296,9.6835273,1.4077102,6.8220270
-0.0155996,0.2267003,9.6860483,1.4222908,6.8798580
-0.0169556,0.2312821,9.6870677,1.4315249,6.9382720
-0.0132546,0.2330889,9.6859739,1.4343140,6.9966220
-0.0030362,0.2306800,9.6821958,1.4296430,7.0690440
0.0148717,0.2225150,9.6754182,1.4166896,7.1306670
0.0410422,0.2071031,9.6662591,1.3949502,7.1888030
0.0753231,0.1832276,9.6554742,1.3642749,7.2462890
0.1167389,0.1501465,9.6441192,1.3249394,7.3081700
0.1633144,0.1077841,9.6333561,1.2776674,7.3771230
0.2119360,0.0568741,9.6236974,1.2235724,7.4386500
0.2585840,-0.0010243,9.6157870,1.1641474,7.4970690
0.2986047,-0.0635238,9.6101835,1.1012354,7.5557610
0.3269547,-0.1276133,9.6073927,1.0367756,7.6134960
0.3386805,-0.1900145,9.6084373,0.9727356,7.6754090
0.3293144,-0.2473737,9.6139917,0.9109242,7.7474090
0.2953171,-0.2966477,9.6244631,0.8528432,7.8076520
0.2345540,-0.3354505,9.6398691,0.7995776,7.8687990
0.1466397,-0.3622730,9.6592689,0.7517631,7.9265430
0.0331209,-0.3768166,9.6815679,0.7095364,7.9841470
-0.1024132,-0.3800977,9.7054638,0.6725598,8.0423720
-0.2545982,-0.3743960,9.7296935,0.6401551,8.1151060
-0.4168505,-0.3630839,9.7537571,0.6114851,8.1725250
-0.5817176,-0.3502704,9.7772551,0.5856933,8.2308290
-0.7415516,-0.3404216,9.8000996,0.5621020,8.2892260
-0.8892336,-0.3378425,9.8224084,0.5403537,8.3466640
-1.0187903,-0.3461314,9.8438639,0.5204575,8.4089820
-1.1260645,-0.3678709,9.8644217,0.5029038,8.4806930
-1.2090496,-0.4042481,9.8840915,0.4886607,8.5410890
-1.2681222,-0.4549788,9.9029345,0.4790530,8.6023180
-1.3060305,-0.5185149,9.9215229,0.4756076,8.6599150
-1.3274505,-0.5920179,9.9400984,0.4798514,8.7199310
-1.3384580,-0.6717402,9.9586106,0.4930667,8.7926270
-1.3457831,-0.7534511,9.9765504,0.5161105,8.8507900
-1.3559332,-0.8327760,9.9923915,0.5492954,8.9092670
-1.3745615,-0.9058758,10.0043677,0.5922535,8.9706430
-1.4057287,-0.9698540,10.0104566,0.6439165,9.0282140
-1.4515355,-1.0230423,10.0086928,0.7026036,9.0873990
-1.5121510,-1.0651961,9.9979574,0.7661812,9.1593190
-1.5855733,-1.0973350,9.9774536,0.8322597,9.2191440
-1.6679921,-1.1215736,9.9470405,0.8984534,9.2766270
-1.7542664,-1.1407064,9.9072242,0.9626092,9.3347530
-1.8383302,-1.1576477,9.8586191,1.0229605,9.3933050
-1.9142250,-1.1751306,9.8026880,1.0783524,9.4508420
-1.9767950,-1.1951680,9.7414854,1.1283491,9.5272500
-2.0222713,-1.2188336,9.6776376,1.1732104,9.5846630
-2.0488702,-1.2463419,9.6147249,1.2138297,9.6423290
-2.0567292,-1.2767290,9.5562477,1.2515690,9.7004590
-2.0478236,-1.3080936,9.5055342,1.2880119,9.7616520
-2.0256405,-1.3378552,9.4653006,1.3247728,9.8223300
-1.9945097,-1.3628727,9.4368044,1.3633244,9.8939380
-1.9592781,-1.3801995,9.4205037,1.4048007,9.9513780
-1.9246521,-1.3875518,9.4157463,1.4498830,10.0087530
-1.8947211,-1.3836121,9.4210403,1.4987921,10.0723770
-1.8727270,-1.3684058,9.4348405,1.5513277,10.1305060
-1.8604990,-1.3431636,9.4548642,1.6069342,10.1913760
-1.8585689,-1.3101340,9.4787344,1.6649183,10.2656530
-1.8661998,-1.2723098,9.5039387,1.7245492,10.3237140
-1.8814975,-1.2329551,9.5274256,1.7851437,10.3811440
-1.9020813,-1.1953781,9.5467821,1.8462440,10.4397060
-1.9253299,-1.1624076,9.5598208,1.9075985,10.5011890
-1.9488989,-1.1362013,9.5650754,1.9691565,10.5713440
-1.9712158,-1.1182236,9.5624460,2.0310089,10.6337000
-1.9914715,-1.1088651,9.5521886,2.0932523,10.6912030
-2.0097779,-1.1078231,9.5355782,2.1558482,10.7487000
-2.0269569,-1.1141554,9.5142579,2.2184980,10.8070340
-2.0441332,-1.1263402,9.4894890,2.2805840,10.8714210
-2.0626142,-1.1429152,9.4629327,2.3410909,10.9402530
-2.0833879,-1.1625774,9.4355470,2.3986307,11.0018740
-2.1068809,-1.1844751,9.4080899,2.4515814,11.0599300
-2.1328945,-1.2084646,9.3816420,2.4982512,11.1174780
-2.1602386,-1.2349130,9.3566073,2.5370833,11.1793700
-2.1868925,-1.2645944,9.3338365,2.5669617,11.2400180
-2.2101639,-1.2983858,9.3139916,2.5873663,11.3084410
-2.2267888,-1.3368700,9.2969871,2.5984729,11.3673990
-2.2335150,-1.3801901,9.2830604,2.6012886,11.4257420
-2.2277006,-1.4277097,9.2716763,2.5975639,11.4833300
-2.2076679,-1.4780089,9.2622446,2.5896527,11.5447400
-2.1730017,-1.5290710,9.2547692,2.5804068,11.6062880
-2.1246396,-1.5781735,9.2488485,2.5727516,11.6750950
-2.0648403,-1.6223735,9.2447357,2.5694267,11.7341620
-1.9969476,-1.6587629,9.2426466,2.5726807,11.7924740
-1.9248964,-1.6846630,9.2420976,2.5840311,11.8515940
-1.8529630,-1.6982700,9.2428787,2.6041004,11.9126990
-1.7851884,-1.6988169,9.2440425,2.6326049,11.9818520
-1.7250044,-1.6867829,9.2446119,2.6684328,12.0436320
-1.6750052,-1.6640143,9.2443084,2.7098228,12.1012110
-1.6364507,-1.6333963,9.2426222,2.7546013,12.1586580
-1.6094610,-1.5985830,9.2399451,2.8005499,12.2202190
-1.5930371,-1.5634979,9.2369749,2.8456872,12.2788570
-1.5851800,-1.5317764,9.2340671,2.8885247,12.3473690
-1.5834525,-1.5064389,9.2322495,2.9283121,12.4061060
-1.5853242,-1.4893504,9.2321236,2.9650621,12.4673010
-1.5886273,-1.4811064,9.2343838,2.9995409,12.5249380
-1.5918434,-1.4810650,9.2403314,3.0331418,12.5897280
-1.5942634,-1.4872803,9.2507422,3.0676505,12.6482820
-1.5961483,-1.4970547,9.2666740,3.1049471,12.7195540
-1.5985325,-1.5072592,9.2887596,3.1467033,12.7806110
-1.6029491,-1.5147768,9.3165395,3.1940984,12.8381690
-1.6111448,-1.5171154,9.3493240,3.2475915,12.8985580
-1.6246076,-1.5126672,9.3853501,3.3068499,12.9568670
-1.6442770,-1.5010513,9.4224066,3.3707510,13.0155370
-1.6701446,-1.4831618,9.4584362,3.4375024,13.0849430
-1.7011772,-1.4611157,9.4910096,3.5048470,13.1484250
-1.7355755,-1.4380529,9.5183637,3.5703646,13.2064820
-1.7708612,-1.4176116,9.5391598,3.6317763,13.2670170
-1.8044538,-1.4034908,9.5524621,3.6872563,13.3289020
-1.8338364,-1.3988387,9.5582994,3.7356766,13.3977390
-1.8566772,-1.4055787,9.5569196,3.7766888,13.4586490
-1.8713853,-1.4242028,9.5491812,3.8107656,13.5200420
-1.8771980,-1.4535336,9.5363963,3.8390915,13.5805600
-1.8745330,-1.4907876,9.5199747,3.8633943,13.6407090
-1.8652472,-1.5321584,9.5019876,3.8856907,13.6990390
-1.8522180,-1.5731227,9.4844386,3.9079576,13.7676300
-1.8390342,-1.6091216,9.4691735,3.9318135,13.8264690
-1.8294506,-1.6360648,9.4576734,3.9582531,13.8857850
-1.8265460,-1.6505800,9.4500614,3.9874870,13.9475310
-1.8323354,-1.6505392,9.4455450,4.0188917,14.0092170
-1.8472332,-1.6351172,9.4422210,4.0510815,14.0671160
-1.8698754,-1.6049854,9.4373536,4.0820448,14.1374190
-1.8973783,-1.5623014,9.4285439,4.1094458,14.1987720
-1.9254765,-1.5102048,9.4135848,4.1309237,14.2592200
-1.9492251,-1.4524699,9.3912249,4.1444347,14.3195060
-1.9633787,-1.3928091,9.3611724,4.1485486,14.3782540
-1.9628819,-1.3341252,9.3233901,4.1425751,14.4361240
-1.9437042,-1.2782389,9.2786516,4.1266919,14.5062980
-1.9032206,-1.2254843,9.2279169,4.1019257,14.5641060
-1.8409233,-1.1747877,9.1727278,4.0700097,14.6249300
-1.7588210,-1.1241943,9.1158952,4.0331524,14.6834880
-1.6612088,-1.0711184,9.0607420,3.9937033,14.7409570
-1.5544402,-1.0130552,9.0114663,3.9537647,14.8175380
-1.4461647,-0.9480043,8.9721643,3.9149028,14.8801000
-1.3443146,-0.8747547,8.9456360,3.8779473,14.9403890
-1.2563359,-0.7934386,8.9336328,3.8428384,15.0014860
-1.1881969,-0.7056193,8.9360222,3.8086242,15.0592250
-1.1438256,-0.6145397,8.9514481,3.7735614,15.1167720
-1.1248535,-0.5250207,8.9783467,3.7353658,15.1900390
-1.1303704,-0.4429582,9.0146960,3.6915584,15.2507750
-1.1572610,-0.3749034,9.0590228,3.6398975,15.3109370
-1.2004328,-0.3271410,9.1099811,3.5787556,15.3721340
-1.2533404,-0.3048588,9.1657016,3.5073978,15.4296130
-1.3089046,-0.3115645,9.2244229,3.4262507,15.4896600
-1.3602371,-0.3483395,9.2838289,3.3369944,15.5622110
-1.4016192,-0.4138329,9.3418454,3.2425496,15.6196160
-1.4292866,-0.5045229,9.3974630,3.1469107,15.6785380
-1.4417171,-0.6149162,9.4502108,3.0548006,15.7370560
-1.4398427,-0.7383642,9.5008236,2.9712367,15.7949360
-1.4267611,-0.8674664,9.5502756,2.9010522,15.8564330
-1.4070161,-0.9946068,9.5987537,2.8484290,15.9289650
-1.3860084,-1.1128381,9.6459493,2.8164831,15.9895020
-1.3690331,-1.2163425,9.6901308,2.8069388,16.0505540
-1.3605813,-1.3011892,9.7289562,2.8199547,16.1084150
-1.3639230,-1.3657360,9.7604658,2.8541437,16.1658450
-1.3805057,-1.4105467,9.7828060,2.9067112,16.2409400
-1.4098772,-1.4383105,9.7953113,2.9737757,16.3004330
-1.4495927,-1.4531919,9.7978899,3.0507400,16.3582460
-1.4953737,-1.4600791,9.7903133,3.1327035,16.4200850
-1.5417931,-1.4639536,9.7727983,3.2149402,16.4779640
-1.5829611,-1.4690270,9.7452109,3.2933094,16.5354660
-1.6133631,-1.4783614,9.7079392,3.3646202,16.6113590
-1.6286586,-1.4936622,9.6626712,3.4268333,16.6687950
-1.6261856,-1.5150670,9.6118304,3.4791377,16.7264800
-1.6052767,-1.5413981,9.5592082,3.5218886,16.7851850
-1.5673534,-1.5702356,9.5088465,3.5564136,16.8436790
-1.5156829,-1.5982947,9.4639698,3.5847621,16.9011440
-1.4548996,-1.6220134,9.4271097,3.6093652,16.9732560
-1.3903570,-1.6380510,9.3991630,3.6326723,17.0308540
-1.3274715,-1.6439633,9.3800550,3.6568552,17.0896480
-1.2709417,-1.6385246,9.3693750,3.6835858,17.1483940
-1.2242377,-1.6219367,9.3661396,3.7138859,17.2069350
-1.1892048,-1.5958433,9.3694907,3.7481097,17.2812400
-1.1658362,-1.5630836,9.3782466,3.7859614,17.3404890
-1.1526279,-1.5273485,9.3907268,3.8266104,17.4019620
-1.1468977,-1.4926890,9.4051914,3.8688916,17.4629210
-1.1454851,-1.4630019,9.4197394,3.9115355,17.5205150
-1.1452866,-1.4414812,9.4328799,3.9533801,17.5806980
-1.1437285,-1.4302695,9.4438170,3.9935077,17.6523240
-1.1393287,-1.4301860,9.4522973,4.0313505,17.7097320
-1.1318150,-1.4405070,9.4585312,4.0666952,17.7679050
-1.1224861,-1.4592167,9.4630164,4.0996749,17.8267490
-1.1140449,-1.4833710,9.4662529,4.1306744,17.8842430
-1.1101121,-1.5094822,9.4686869,4.1601794,17.9428090
-1.1147975,-1.5342341,9.4709127,4.1886061,18.0179900
-1.1317938,-1.5547854,9.4732463,4.2161432,18.0766240
-1.1635729,-1.5689600,9.4756702,4.2426997,18.1395750
-1.2109519,-1.5756712,9.4779125,4.2678498,18.1973240
-1.2726169,-1.5749401,9.4790275,4.2908597,18.2547720
-1.3451051,-1.5679899,9.4779917,4.3107822,18.3174220
-1.4234348,-1.5572388,9.4742387,4.3266020,18.3888660
-1.5013905,-1.5458043,9.4674682,4.3374246,18.4491080
-1.5722122,-1.5370376,9.4580926,4.3426779,18.5106390
-1.6295509,-1.5340312,9.4469949,4.3422738,18.5679590
-1.6679152,-1.5389800,9.4346630,4.3366739,18.6281520
-1.6836184,-1.5529115,9.4216223,4.3269359,18.7009490
-1.6754984,-1.5754697,9.4082855,4.3146981,18.7594570
-1.6449807,-1.6047612,9.3947090,4.3019963,18.8230420
-1.5961535,-1.6377074,9.3814978,4.2910148,18.8811360
-1.5353428,-1.6702486,9.3691902,4.2838202,18.9388030
-1.4704538,-1.6978241,9.3580479,4.2820239,19.0005290
-1.4101332,-1.7159299,9.3484920,4.2865351,19.0724260
-1.3626778,-1.7204316,9.3402310,4.2973875,19.1327460
-1.3350769,-1.7081272,9.3328117,4.3135753,19.1938100
-1.3319303,-1.6769835,9.3258525,4.3329995,19.2514140
-1.3548860,-1.6264642,9.3186805,4.3525646,19.3114370
-1.4025344,-1.5577011,9.3112119,4.3684219,19.3700270
-1.4702113,-1.4732928,9.3035723,4.3762636,19.4416220
-1.5503715,-1.3772804,9.2961795,4.3717170,19.5028230
-1.6332286,-1.2744645,9.2899266,4.3507994,19.5614010
-1.7074994,-1.1697520,9.2853650,4.3102807,19.6201290
-1.7616436,-1.0677770,9.2830591,4.2481072,19.6787300
-1.7851027,-0.9721288,9.2831978,4.1637644,19.7393170
-1.7694539,-0.8853536,9.2856725,4.0583804,19.8120780
-1.7093946,-0.8090956,9.2907928,3.9347610,19.8701390
-1.6034593,-0.7438895,9.2987983,3.7972677,19.9277260
-1.4545317,-0.6895175,9.3103096,3.6515088,19.9869350
-1.2696284,-0.6449789,9.3258965,3.5039926,20.0452990
-1.0593438,-0.6085117,9.3452773,3.3616689,20.1181700
-0.8370771,-0.5780769,9.3677930,3.2313866,20.1807160
-0.6176994,-0.5515275,9.3918590,3.1193420,20.2384780
-0.4164359,-0.5271566,9.4156430,3.0306011,20.2958500
-0.2477635,-0.5040565,9.4380406,2.9687460,20.3543610
-0.1239861,-0.4822176,9.4583705,2.9355878,20.4186920
-0.0541496,-0.4628500,9.4772122,2.9310610,20.4874910
-0.0432038,-0.4479557,9.4957613,2.9532778,20.5489560
-0.0914928,-0.4399830,9.5149183,2.9986768,20.6066150
-0.1947569,-0.4416018,9.5356468,3.0623858,20.6646260
-0.3445188,-0.4550082,9.5580421,3.1386879,20.7262950
-0.5289149,-0.4819347,9.5819556,3.2214948,20.7872830
-0.7336590,-0.5236105,9.6077203,3.3048464,20.8556820
-0.9433703,-0.5803846,9.6355818,3.3833946,20.9141390
-1.1431299,-0.6517834,9.6664042,3.4528169,20.9730960
-1.3195609,-0.7362408,9.7007585,3.5100790,21.0305900
-1.4618562,-0.8309927,9.7380727,3.5535961,21.0919910
-1.5626639,-0.9323365,9.7770277,3.5832329,21.1644110
-1.6184293,-1.0358144,9.8148422,3.6001110,21.2228860
-1.6296265,-1.1367437,9.8482514,3.6064157,21.2843960
-1.6006337,-1.2305719,9.8743795,3.6051126,21.3423530
-1.5390345,-1.3133244,9.8906770,3.5995407,21.4000930
-1.4545869,-1.3821267,9.8958352,3.5930341,21.4623870
-1.3581408,-1.4352315,9.8891840,3.5885508,21.5319870
-1.2606943,-1.4722983,9.8704717,3.5883740,21.5894690
-1.1721278,-1.4943404,9.8400535,3.5939276,21.6477140
-1.1003001,-1.5034431,9.7983559,3.6057250,21.7063110
-1.0504706,-1.5027967,9.7466238,3.6234079,21.7675490
-1.0244946,-1.4962119,9.6866853,3.6458176,21.8297620
-1.0210732,-1.4878036,9.6209651,3.6712519,21.8990820
-1.0363160,-1.4816485,9.5528222,3.6977691,21.9589140
-1.0641420,-1.4811651,9.4854797,3.7234346,22.0204660
-1.0973519,-1.4890077,9.4224080,3.7466138,22.0782470
-1.1285526,-1.5066630,9.3667538,3.7661706,22.1389890
-1.1510136,-1.5341944,9.3205428,3.7815566,22.1974560
-1.1596311,-1.5704545,9.2855063,3.7929000,22.2673390
-1.1515930,-1.6129957,9.2622870,3.8009838,22.3253070
-1.1266393,-1.6584855,9.2507972,3.8070981,22.3832840
-1.0869960,-1.7033334,9.2509948,3.8128400,22.4442620
-1.0370890,-1.7438411,9.2619476,3.8198761,22.5018290
-0.9828062,-1.7766606,9.2823616,3.8297006,22.5740710
-0.9306729,-1.7991510,9.3104604,3.8434235,22.6328340
-0.8868746,-1.8094248,9.3432909,3.8616047,22.6943170
-0.8563841,-1.8067781,9.3778682,3.8841686,22.7521630
-0.8423881,-1.7918665,9.4113688,3.9104146,22.8127550
-0.8458298,-1.7665627,9.4413766,3.9391103,22.8745060
-0.8653942,-1.7338226,9.4669005,3.9687022,22.9433200
-0.8975968,-1.6972435,9.4875816,3.9974759,23.0008030
-0.9372592,-1.6606604,9.5034519,4.0237556,23.0597040
-0.9782906,-1.6277134,9.5149673,4.0461309,23.1213210
-1.0145891,-1.6014787,9.5221564,4.0635907,23.1789140
-1.0409472,-1.5842396,9.5253305,4.0756957,23.2373010
-1.0536939,-1.5770659,9.5251681,4.0826321,23.3092210
-1.0512262,-1.5799190,9.5225572,4.0851430,23.3676000
-1.0341377,-1.5917842,9.5191311,4.0844158,23.4289720
-1.0052151,-1.6106917,9.5162826,4.0819061,23.4899770
-0.9691197,-1.6344015,9.5151936,4.0791182,23.5479080
-0.9316513,-1.6605138,9.5165854,4.0774163,23.6097440
-0.8989304,-1.6866832,9.5200017,4.0778354,23.6786500
-0.8765379,-1.7111732,9.5248264,4.0809732,23.7362070
-0.8686546,-1.7326614,9.5298124,4.0869843,23.7975690
-0.8775670,-1.7505446,9.5335319,4.0956206,23.8562750
-0.9034233,-1.7650278,9.5352213,4.1064146,23.9137860
-0.9440664,-1.7767909,9.5338089,4.1187476,23.9871840
-0.9954927,-1.7870924,9.5287823,4.1319982,24.0452220
-1.0523562,-1.7973360,9.5198806,4.1457189,24.1031040
-1.1087165,-1.8087657,9.5065520,4.1596966,24.1707280
-1.1589104,-1.8223552,9.4890787,4.1741201,24.2283740
-1.1981819,-1.8383789,9.4678348,4.1895803,24.2883880
-1.2233336,-1.8565218,9.4437347,4.2069662,24.3608580
-1.2330030,-1.8758902,9.4186288,4.2273284,24.4194880
-1.2278856,-1.8950937,9.3943621,4.2516431,24.4801060
-1.2105891,-1.9127600,9.3733732,4.2805809,24.5395940
-1.1851061,-1.9276309,9.3580606,4.3143022,24.5979770
-1.1562382,-1.9389507,9.3505030,4.3522872,24.6556570
-1.1287564,-1.9465470,9.3525975,4.3932724,24.7280620
-1.1065931,-1.9506473,9.3649261,4.4352953,24.7858090
-1.0923122,-1.9519784,9.3872159,4.4758274,24.8491050
-1.0866509,-1.9513634,9.4181927,4.5120099,24.9076700
-1.0884612,-1.9498540,9.4555149,4.5409392,24.9654620
-1.0950669,-1.9486873,9.4966438,4.5600112,25.0244950
-1.1026870,-1.9489084,9.5386870,4.5672628,25.0937760
-1.1072572,-1.9514537,9.5792190,4.5617070,25.1544190
-1.1050210,-1.9566040,9.6160697,4.5434976,25.2130990
-1.0931294,-1.9636849,9.6468045,4.5139655,25.2703860
-1.0703009,-1.9712722,9.6693674,4.4755716,25.3324100
-1.0370657,-1.9771370,9.6814854,4.4316541,25.4316590
-0.9960153,-1.9787328,9.6815743,4.3861706,25.4977190
-0.9516222,-1.9738675,9.6696199,4.3433291,25.5553520
-0.9096072,-1.9608700,9.6466979,4.3071083,25.6130870
-0.8761877,-1.9390039,9.6156754,4.2808225,25.6714470
-0.8571641,-1.9086394,9.5801614,4.2667257,25.7300730
-0.8568776,-1.8709834,9.5433431,4.2657322,25.8018120
-0.8775150,-1.8282097,9.5081773,4.2773037,25.8633270
-0.9185497,-1.7832697,9.4763586,4.2994834,25.9217220
-0.9765083,-1.7394757,9.4488151,4.3290964,25.9793300
-1.0454230,-1.7003648,9.4265429,4.3621202,26.0413300
-1.1173045,-1.6690384,9.4100085,4.3941295,26.0986760
-1.1830033,-1.6475831,9.3997740,4.4208288,26.1696730
-1.2333731,-1.6369270,9.3960645,4.4385297,26.2283460
-1.2603057,-1.6363475,9.3978542,4.4445351,26.2868680
-1.2579446,-1.6436159,9.4036198,4.4374753,26.3444620
-1.2237875,-1.6553245,9.4111168,4.4174690,26.4061080
-1.1590322,-1.6669061,9.4178668,4.3861158,26.4639920
-1.0686094,-1.6734295,9.4224037,4.3463140,26.5375850
-0.9608085,-1.6699714,9.4238141,4.3019138,26.5987940
-0.8463018,-1.6520184,9.4220603,4.2572567,26.6567040
-0.7372062,-1.6163078,9.4179371,4.2166648,26.7167200
-0.6457215,-1.5609222,9.4119588,4.1839510,26.7750720
-0.5826699,-1.4857323,9.4048812,4.1619603,26.8478600
-0.5561351,-1.3926810,9.3974802,4.1521819,26.9101570
-0.5703554,-1.2853238,9.3902732,4.1546009,26.9676380
-0.6252708,-1.1686818,9.3844916,4.1677416,27.0252960
-0.7163172,-1.0485966,9.3812922,4.1888095,27.0836390
-0.8348015,-0.9308887,9.3815901,4.2140622,27.1451680
-0.9687972,-0.8210171,9.3863417,4.2392137,27.2171650
-1.1043444,-0.7234157,9.3953551,4.2598578,27.2796260
-1.2270138,-0.6410829,9.4080452,4.2720199,27.3376860
-1.3236336,-0.5753513,9.4237564,4.2726370,27.3951250
-1.3837237,-0.5256918,9.4412723,4.2599204,27.4547740
-1.4005122,-0.4899576,9.4601405,4.2335664,27.5123680
-1.3718100,-0.4646997,9.4800152,4.1948129,27.5857930
-1.3003526,-0.4458344,9.5003895,4.1463369,27.6449940
-1.1934488,-0.4290818,9.5213046,4.0919692,27.7027030
-1.0622403,-0.4104018,9.5420610,4.0363098,27.7637010
-0.9204570,-0.3865796,9.5618602,3.9842705,27.8212580
-0.7827004,-0.3553690,9.5799413,3.9405175,27.8953440
-0.6629673,-0.3160252,9.5949667,3.9090325,27.9590470
-0.5733290,-0.2694483,9.6061985,3.8928557,28.0168360
-0.5224937,-0.2179500,9.6128882,3.8937426,28.0769800
-0.5148442,-0.1651458,9.6143219,3.9120392,28.1384370
-0.5499931,-0.1151522,9.6101881,3.9467372,28.1964490
-0.6227918,-0.0719298,9.5997074,3.9955037,28.2708370
-0.7239522,-0.0387936,9.5822897,4.0550459,28.3293660
-0.8412280,-0.0177865,9.5575377,4.1215601,28.3876500
-0.9607345,-0.0095183,9.5254214,4.1911032,28.4459550
-1.0683105,-0.0131369,9.4870664,4.2600671,28.5046320
-1.1511623,-0.0262771,9.4444451,4.3255482,28.5621370
-1.1992612,-0.0451540,9.4005007,4.3856177,28.6371080
-1.2064348,-0.0650285,9.3586907,4.4395731,28.6946320
-1.1710324,-0.0807304,9.3225370,4.4879879,28.7521880
-1.0961196,-0.0872093,9.2954680,4.5326660,28.8159080
-0.9892787,-0.0804754,9.2802978,4.5764927,28.8738940
-0.8615885,-0.0577718,9.2792305,4.6230908,28.9343910
-0.7265074,-0.0175656,9.2932525,4.6764866,29.0094030
-0.5983855,0.0400621,9.3223618,4.7407198,29.0673460
-0.4905387,0.1137474,9.3657490,4.8194159,29.1247530
-0.4141391,0.2007313,9.4211269,4.9154763,29.1833270
-0.3772271,0.2966271,9.4855597,5.0308797,29.2416760
-0.3836593,0.3964922,9.5552854,5.1664726,29.3157780
-0.4328097,0.4944789,9.6258481,5.3219080,29.3782400
-0.5195207,0.5856081,9.6930091,5.4957395,29.4359000
-0.6343493,0.6655149,9.7521385,5.6854823,29.4933460
-0.7647139,0.7312144,9.7991351,5.8878993,29.5517380
-0.8963805,0.7813207,9.8309279,6.0993538,29.6162590
-1.0148618,0.8160172,9.8452886,6.3160903,29.6850330
-1.1069107,0.8369026,9.8418139,6.5345908,29.7468830
-1.1620005,0.8466915,9.8215752,6.7518705,29.8047330
-1.1734678,0.8486939,9.7874174,6.9656970,29.8622440
-1.1392010,0.8464724,9.7435944,7.1748053,29.9208790
-1.0619924,0.8432143,9.6941297,7.3789874,29.9826520
-0.9491756,0.8413517,9.6434832,7.5791034,30.0512290
-0.8116959,0.8422804,9.5963952,7.7770087,30.1099500
-0.6630891,0.8459391,9.5571324,7.9753310,30.1677940
-0.5180618,0.8510759,9.5296371,8.1772730,30.2275650
-0.3908936,0.8552059,9.5168976,8.3862925,30.2886060
-0.2938317,0.8547995,9.5212577,8.6057356,30.3575120
-0.2358117,0.8460119,9.5437962,8.8386045,30.4195270
-0.2216887,0.8247888,9.5829773,9.0872520,30.4771570
-0.2516931,0.7876611,9.6359859,9.3531842,30.5348710
-0.3216460,0.7324718,9.6995759,9.6369807,30.5931920
-0.4234230,0.6584180,9.7696845,9.9381541,30.6549070
-0.5455649,0.5666488,9.8417984,10.2551699,30.7240130
-0.6747931,0.4601124,9.9113530,10.5855378,30.7822990
-0.7976209,0.3432249,9.9742269,10.9259502,30.8411470
-0.9016627,0.2218600,10.0268399,11.2725663,30.8987660
-0.9770686,0.1025601,10.0661572,11.6212318,30.9634030
-1.0173952,-0.0078495,10.0901266,11.9677818,31.0215230
-1.0198992,-0.1027614,10.0980098,12.3083385,31.0917610
-0.9858789,-0.1766093,10.0902687,12.6394919,31.1531250
-0.9203577,-0.2250065,10.0675433,12.9585503,31.2109350
-0.8312326,-0.2453255,10.0311969,13.2636410,31.2710430
-0.7281977,-0.2371233,9.9842785,13.5537214,31.3354850
-0.6214423,-0.2018644,9.9298733,13.8286429,31.3931120
-0.5204197,-0.1429370,9.8705328,14.0890783,31.4616690
-0.4327866,-0.0651832,9.8088514,14.3364193,31.5199820
-0.3636522,0.0259757,9.7476250,14.5726543,31.5784430
-0.3151154,0.1247720,9.6896688,14.8001607,31.6359810
-0.2862653,0.2254867,9.6365048,15.0215340,31.6972830
-0.2736333,0.3231075,9.5891541,15.2394093,31.7586710
-0.2720802,0.4134890,9.5490094,15.4563009,31.8273610
-0.2756520,0.4938247,9.5166836,15.6744974,31.8888960
-0.2785006,0.5631968,9.4926114,15.8959457,31.9471260
-0.2758667,0.6222542,9.4769046,16.1222101,32.0076470
-0.2646927,0.6730122,9.4686477,16.3544872,32.0696320
-0.2442293,0.7184881,9.4669507,16.5935786,32.1383000
-0.2161816,0.7618317,9.4705980,16.8398934,32.1968120
-0.1843418,0.8059919,9.4784270,17.0934945,32.2551940
-0.1539296,0.8532698,9.4904322,17.3541022,32.3136110
-0.1307411,0.9048991,9.5065730,17.6211505,32.3742400
-0.1202154,0.9610219,9.5267762,17.8938683,32.4361870
-0.1265057,1.0205989,9.5508046,18.1712800,32.5051080
-0.1518043,1.0815300,9.5770839,18.4522459,32.5652590
-0.1958148,1.1409515,9.6038804,18.7354780,32.6267990
-0.2555472,1.1957476,9.6295258,19.0195029,32.6876320
-0.3257165,1.2430024,9.6524158,19.3027397,32.7450170
-0.3993773,1.2805940,9.6721067,19.5835557,32.8035690
-0.4686956,1.3076104,9.6881243,19.8603160,32.8728330
-0.5262632,1.3242767,9.6999516,20.1315329,32.9304770
-0.5659338,1.3321836,9.7071625,20.3959274,32.9888450
-0.5836266,1.3340659,9.7080020,20.6525002,33.0516420
-0.5781154,1.3335119,9.7008337,20.9006449,33.1127190
-0.5508642,1.3349020,9.6848451,21.1401907,33.1818990
-0.5060014,1.3427274,9.6598561,21.3714512,33.2425100
-0.4498486,1.3608391,9.6273367,21.5952656,33.3036850
-0.3899648,1.3924946,9.5892132,21.8129378,33.3645150
-0.3342460,1.4388594,9.5474161,22.0261278,33.4221250
-0.2897732,1.5000039,9.5039483,22.2367490,33.4803850
-0.2617293,1.5740585,9.4598841,22.4467910,33.5501260
-0.2527273,1.6576737,9.4163113,22.6582072,33.6083160
-0.2625421,1.7464211,9.3745461,22.8728026,33.6667400
-0.2881294,1.8352614,9.3359666,23.0920895,33.7282900
-0.3240774,1.9192796,9.3024052,23.3172300,33.7864360
-0.3633503,1.9940727,9.2751891,23.5489240,33.8479610
-0.3982880,2.0561412,9.2555125,23.7873579,33.9170800
-0.4217524,2.1033045,9.2443223,24.0322418,33.9773300
-0.4283385,2.1345948,9.2411108,24.2828209,34.0414770
-0.4151289,2.1505910,9.2448146,24.5380073,34.0991520
-0.3820908,2.1534361,9.2542951,24.7965176,34.1566440
-0.3322255,2.1463859,9.2682467,25.0569721,34.2153940
-0.2711427,2.1336483,9.2854075,25.3180762,34.2848110
-0.2065327,2.1195591,9.3042529,25.5786273,34.3422610
-0.1471568,2.1077924,9.3235358,25.8375185,34.4036900
-0.1016386,2.1010797,9.3425120,26.0937862,34.4650760
-0.0772644,2.1006463,9.3602297,26.3465034,34.5229520
-0.0788115,2.1063278,9.3755090,26.5948531,34.5843750
-0.1078800,2.1170169,9.3874602,26.8381825,34.6535410
-0.1624797,2.1307153,9.3955958,27.0759013,34.7169390
-0.2369889,2.1450962,9.3995682,27.3074835,34.7780570
-0.3227440,2.1578582,9.3992108,27.5324211,34.8357250
-0.4091173,2.1668052,9.3945260,27.7501484,34.8930410
-0.4846574,2.1705530,9.3857786,27.9601385,34.9656540
-0.5385680,2.1689348,9.3735091,28.1619914,35.0277070
-0.5620584,2.1630371,9.3579853,28.3555053,35.0854850
-0.5491120,2.1555380,9.3394280,28.5408310,35.1438540
-0.4975211,2.1502192,9.3181656,28.7185481,35.2024140
-0.4094710,2.1513021,9.2936078,28.8897579,35.2601110
-0.2912288,2.1632998,9.2648192,29.0560981,35.3336480
-0.1527149,2.1900698,9.2324401,29.2196468,35.3943130
-0.0064006,2.2344736,9.1981397,29.3828635,35.4540490
0.1343138,2.2981900,9.1634025,29.5484241,35.5129220
0.2562520,2.3809697,9.1297635,29.7190099,35.5704950
0.3478207,2.4809677,9.0989416,29.8971292,35.6294460
0.4003225,2.5946685,9.0727202,30.0848123,35.7011010
0.4088506,2.7169251,9.0519809,30.2833165,35.7591110
0.3729850,2.8419577,9.0366915,30.4930027,35.8176690
0.2967358,2.9637530,9.0270766,30.7131954,35.8751350
0.1881602,3.0769111,9.0227822,30.9421857,35.9368790
0.0584687,3.1776653,9.0226820,31.1773683,35.9946700
-0.0792660,3.2639819,9.0251612,31.4153866,36.0691300
-0.2112592,3.3358315,9.0271675,31.6524560,36.1301370
-0.3245950,3.3952658,9.0251571,31.8847255,36.1879010
-0.4087160,3.4460624,9.0153981,32.1086727,36.2454420
-0.4563450,3.4934580,8.9939777,32.3215238,36.3037220
-0.4641575,3.5436183,8.9586067,32.5215724,36.3767380
-0.4330204,3.6028072,8.9081305,32.7084594,36.4353040
-0.3676677,3.6764662,8.8426304,32.8833261,36.4938170
-0.2760971,3.7685925,8.7640652,33.0487717,36.5523500
-0.1686968,3.8811469,8.6747988,33.2087135,36.6100070
-0.0569508,4.0136983,8.5782402,33.3680684,36.6722460
0.0480365,4.1634901,8.4786366,33.5322826,36.7432820
0.1367037,4.3253751,8.3801685,33.7068816,36.8034290
0.2019482,4.4923048,8.2879234,33.8969712,36.8647010
0.2399456,4.6559504,8.2065905,34.1067190,36.9226100
0.2503960,4.8073378,8.1399901,34.3389418,36.9803250
0.2365206,4.9380566,8.0911083,34.5947948,37.0389220
0.2047896,5.0409800,8.0604476,34.8735915,37.1107600
0.1640235,5.1111267,8.0467715,35.1728444,37.1681380
0.1243305,5.1465198,8.0471595,35.4884697,37.2266630
0.0958544,5.1480831,8.0570577,35.8151102,37.2853420
0.0876317,5.1196829,8.0720592,36.1466159,37.3430200
0.1065002,5.0677728,8.0876671,36.4765605,37.4044850
0.1561328,5.0005778,8.0999619,36.7987949,37.4762550
0.2367926,4.9275629,8.1061426,37.1079655,37.5363390
0.3452828,4.8585416,8.1037112,37.3998784,37.5978830
0.4752580,4.8026905,8.0913390,37.6718230,37.6555510
0.6180740,4.7675820,8.0687624,37.9227120,37.7158390
0.7636026,4.7584418,8.0367808,38.1530264,37.7885730
0.9011850,4.7777826,7.9979144,38.3647094,37.8466940
1.0209265,4.8251146,7.9556086,38.5608067,37.9109540
1.1149718,4.8972572,7.9140395,38.7450254,37.9687320
1.1782433,4.9885624,7.8773973,38.9213427,38.0262400
1.2089715,5.0913472,7.8488973,39.0935124,38.0859470
1.2089148,5.1969270,7.8306233,39.2647153,38.1577480
1.1828978,5.2955747,7.8229616,39.4372794,38.2167980
1.1384647,5.3793403,7.8249214,39.6124698,38.2755140
1.0852250,5.4414254,7.8343810,39.7905377,38.3342280
1.0336452,5.4775951,7.8483324,39.9707685,38.3926480
0.9939459,5.4867058,7.8633604,40.1517032,38.4499930
0.9748130,5.4705294,7.8755133,40.3314424,38.5252210
0.9823956,5.4333749,7.8814967,40.5078456,38.5827110
1.0195840,5.3816729,7.8788698,40.6789154,38.6402130
1.0854968,5.3229479,7.8655924,40.8431096,38.7036740
1.1758003,5.2653766,7.8408870,40.9995234,38.7617310
1.2831010,5.2169644,7.8050151,41.1480419,38.8359610
1.3978361,5.1847388,7.7596368,41.2893348,38.8985590
1.5096493,5.1743648,7.7077565,41.4247382,38.9561720
1.6082566,5.1891911,7.6528373,41.5560848,39.0135600
1.6846337,5.2300342,7.5993597,41.6855182,39.0718430
1.7321001,5.2954298,7.5518177,41.8151999,39.1307560
1.7470800,5.3811928,7.5137734,41.9469943,39.2036900
1.7296976,5.4816136,7.4881946,42.0823025,39.2675700
1.6836678,5.5895342,7.4766699,42.2219064,39.3256220
1.6159802,5.6973286,7.4794874,42.3659009,39.3838210
1.5360052,5.7978994,7.4959025,42.5137689,39.4461120
1.4544256,5.8848274,7.5239065,42.6644099,39.5067460
1.3823717,5.9532826,7.5606589,42.8163010,39.5754570
1.3299224,6.0001632,7.6027758,42.9677114,39.6342440
1.3049166,6.0242595,7.6467929,43.1169345,39.6926450
1.3121116,6.0262904,7.6895280,43.2625543,39.7500630
1.3522271,6.0080430,7.7284701,43.4035514,39.8083730
1.4221157,5.9724230,7.7620471,43.5394636,39.8726300
1.5154024,5.9230737,7.7896478,43.6704472,39.9417000
1.6228866,5.8636672,7.8120258,43.7971945,40.0040370
1.7335797,5.7977115,7.8306242,43.9209031,40.0618960
1.8360355,5.7280686,7.8477709,44.0430478,40.1194120
1.9197344,5.6568743,7.8674212,44.1651034,40.1811240
1.9762903,5.5852696,7.8933534,44.2883878,40.2510940
2.0004028,5.5131197,7.9282838,44.4138222,40.3093080
1.9904706,5.4395105,7.9741294,44.5417942,40.3676510
1.9486055,5.3633181,8.0318002,44.6721119,40.4260350
1.8805165,5.2835191,8.1010711,44.8039140,40.4837640
1.7948692,5.1991619,8.1795918,44.9357546,40.5487620
1.7021660,5.1100457,8.2636872,45.0657270,40.6176320
1.6134523,5.0175308,8.3493898,45.1916472,40.6776750
1.5389157,4.9239257,8.4317878,45.3112972,40.7361150
1.4867560,4.8320982,8.5062501,45.4226180,40.7936950
1.4621459,4.7457282,8.5684956,45.5239219,40.8556610
1.4666157,4.6691848,8.6141635,45.6140387,40.9136440
1.4979960,4.6068561,8.6404673,45.6924326,40.9827160
1.5505482,4.5620802,8.6458843,45.7592280,41.0413360
1.6158931,4.5370359,8.6306918,45.8151583,41.0987650
1.6843353,4.5325111,8.5979946,45.8614565,41.1571190
1.7458519,4.5473130,8.5521199,45.8996766,41.2187650
1.7915743,4.5787419,8.4986439,45.9315385,41.2884950
1.8148335,4.6224723,8.4435474,45.9587313,41.3511700
1.8118324,4.6726583,8.3914252,45.9827392,41.4089130
1.7824510,4.7228825,8.3463943,46.0047424,41.4661840
1.7300052,4.7663477,8.3114281,46.0255192,41.5276960
1.6609013,4.7968506,8.2882217,46.0454640,41.5890090
1.5839062,4.8099493,8.2782941,46.0646629,41.6592690
1.5087684,4.8029076,8.2815496,46.0829319,41.7212310
1.4451943,4.7751986,8.2964358,46.0999735,41.7790230
1.4014307,4.7284913,8.3202591,46.1154616,41.8365480
1.3828307,4.6659109,8.3484563,46.1291082,41.8984440
1.3914681,4.5923243,8.3763822,46.1408085,41.9599480
1.4259136,4.5138714,8.4001160,46.1506020,42.0285410
1.4813832,4.4371905,8.4167074,46.1587021,42.0903600
1.5507769,4.3692520,8.4252901,46.1654917,42.1479530
1.6252486,4.3163458,8.4263079,46.1713627,42.2057950
1.6951854,4.2821374,8.4212655,46.1766780,42.2673870
1.7516054,4.2691571,8.4124318,46.1816216,42.3261420
1.7870648,4.2766583,8.4014326,46.1860339,42.3947370
1.7969105,4.3016860,8.3899964,46.1894442,42.4532330
1.7800543,4.3396359,8.3802281,46.1910248,42.5119400
1.7389334,4.3846769,8.3739234,46.1896625,42.5728710
1.6793100,4.4309649,8.3729088,46.1841339,42.6345130
1.6093644,4.4728660,8.3782014,46.1731280,42.6928110
1.5383572,4.5052530,8.3895839,46.1554224,42.7642600
1.4754560,4.5243439,8.4060127,46.1300269,42.8258040
1.4281968,4.5276304,8.4252473,46.0962473,42.8836140
1.4015903,4.5145244,8.4445467,46.0538812,42.9440710
1.3976901,4.4868962,8.4616412,46.0032691,43.0025860
1.4151282,4.4485266,8.4747076,45.9452754,43.0721720
1.4494972,4.4046436,8.4829002,45.8812794,43.1305200
1.4936863,4.3614541,8.4864091,45.8129938,43.1889080
1.5386442,4.3243985,8.4854519,45.7422327,43.2503530
1.5747826,4.2978567,8.4807783,45.6707545,43.3083300
1.5933184,4.2847780,8.4741350,45.6000322,43.3673360
1.5875783,4.2855019,8.4672701,45.5311178,43.4367590
1.5540428,4.2991160,8.4619800,45.4646214,43.4960580
1.4928484,4.3228356,8.4597930,45.4006181,43.5543020
1.4077817,4.3524062,8.4611277,45.3386802,43.6153810
1.3059970,4.3826288,8.4658870,45.2779497,43.6765540
1.1971088,4.4079017,8.4731852,45.2172016,43.7342340
1.0920567,4.4231356,8.4816690,45.1550616,43.8029260
1.0015547,4.4243946,8.4907964,45.0902094,43.8614530
0.9346218,4.4092634,8.4997749,45.0215224,43.9228900
0.8978372,4.3774328,8.5076768,44.9482848,43.9804510
0.8942467,4.3306806,8.5138022,44.8702279,44.0391640
0.9225736,4.2722166,8.5162661,44.7875165,44.1115380
0.9776484,4.2066472,8.5134284,44.7007998,44.1695050
1.0511759,4.1395461,8.5055011,44.6110354,44.2338200
1.1326044,4.0767810,8.4940071,44.5194159,44.2956090
1.2106366,4.0239830,8.4813794,44.4272795,44.3532570
1.2745936,3.9854636,8.4701087,44.3358642,44.4150000
1.3155826,3.9639546,8.4625133,44.2462603,44.4837650
1.3277894,3.9603263,8.4606804,44.1592798,44.5453460
1.3092428,3.9728014,8.4652090,44.0753447,44.6094880
1.2621470,3.9976719,8.4757267,43.9945582,44.6673540
1.1928099,4.0305913,8.4921914,43.9167460,44.7272670
1.1107576,4.0668941,8.5140662,43.8415397,44.7857750
1.0274363,4.1016870,8.5405885,43.7685143,44.8544150
0.9549079,4.1304491,8.5710135,43.6972843,44.9179870
0.9041673,4.1498112,8.6032543,43.6275630,44.9790270
0.8837802,4.1579749,8.6349539,43.5592500,45.0364890
0.8987099,4.1546324,8.6637654,43.4924641,45.0983920
0.9493853,4.1410648,8.6870749,43.4275403,45.1561730
1.0318673,4.1204080,8.7037307,43.3650034,45.2277060
1.1379571,4.0969472,8.7133352,43.3054887,45.2918120
1.2559588,4.0755321,8.7163275,43.2496709,45.3492350
1.3722066,4.0609968,8.7144358,43.1981301,45.4092660
1.4722310,4.0572665,8.7090070,43.1512160,45.4679500
1.5426477,4.0669535,8.7017532,43.1089879,45.5251970
1.5729172,4.0909462,8.6944613,43.0711310,45.5980980
1.5564515,4.1279985,8.6884271,43.0369167,45.6590110
1.4916516,4.1753255,8.6857977,43.0052943,45.7164590
1.3821668,4.2285427,8.6883988,42.9748588,45.7808350
1.2367543,4.2822389,8.6975304,42.9438664,45.8386980
1.0685307,4.3306840,8.7140133,42.9104021,45.9095740
0.8934265,4.3678416,8.7366531,42.8723885,45.9727010
0.7287901,4.3884722,8.7629878,42.8277547,46.0303450
0.5915399,4.3887076,8.7893949,42.7746124,46.0895560
0.4964589,4.3665121,8.8112157,42.7112936,46.1469690
0.4551172,4.3226144,8.8240093,42.6365278,46.2048760
0.4744529,4.2601875,8.8233252,42.5495029,46.2770950
0.5561241,4.1846846,8.8056508,42.4499371,46.3377540
0.6962778,4.1034736,8.7687199,42.3381605,46.3955370
0.8855400,4.0246418,8.7105190,42.2150429,46.4537690
1.1100026,3.9566106,8.6302601,42.0820311,46.5122020
1.3524074,3.9073196,8.5285711,41.9410836,46.5695060
1.5937451,3.8834237,8.4074732,41.7945614,46.6454260
1.8150234,3.8903118,8.2710965,41.6452191,46.7030150
1.9987591,3.9313369,8.1250326,41.4959945,46.7606270
2.1305247,4.0076106,7.9759611,41.3498448,46.8188660
2.2000445,4.1180687,7.8311688,41.2095704,46.8774100
2.2016651,4.2591146,7.6976906,41.0775505,46.9352030
2.1348849,4.4252718,7.5819386,40.9556225,47.0110740
2.0042417,4.6097021,7.4890543,40.8449385,47.0701400
1.8187426,4.8047111,7.4225610,40.7459053,47.1300120
1.5914136,5.0026895,7.3841833,40.6582064,47.1909420
1.3380696,5.1964815,7.3737310,40.5808169,47.2486790
1.0759983,5.3797720,7.3888472,40.5121242,47.3229620
0.8227018,5.5472993,7.4252064,40.4500742,47.3858710
0.5945673,5.6954217,7.4776956,40.3923574,47.4432490
0.4057431,5.8212515,7.5405336,40.3366701,47.5032620
0.2672678,5.9234254,7.6076978,40.2809575,47.5618170
0.1864130,6.0015762,7.6736785,40.2236717,47.6196630
0.1661328,6.0561862,7.7333009,40.1640032,47.6948090
0.2050331,6.0883127,7.7826496,40.1020218,47.7525650
0.2975338,6.0992039,7.8189821,40.0387347,47.8129500
0.4344240,6.0901066,7.8408629,39.9760701,47.8738130
0.6037172,6.0624385,7.8495735,39.9167931,47.9316190
0.7915056,6.0175444,7.8481457,39.8643039,47.9893720
0.9831655,5.9566858,7.8412914,39.8224279,48.0940510
1.1644044,5.8811926,7.8350114,39.7950942,48.1515820
1.3220016,5.7921394,7.8344884,39.7859177,48.2150340
1.4449254,5.6907084,7.8443462,39.7979385,48.2727560
1.5253053,5.5781983,7.8680238,39.8333241,48.3306760
1.5588982,5.4560743,7.9071916,39.8931643,48.3958140
1.5454840,5.3266410,7.9627557,39.9774573,48.4648500
1.4887904,5.1927575,8.0340475,40.0850250,48.5248790
1.3961528,5.0578969,8.1186926,40.2135689,48.5833990
1.2779482,4.9261144,8.2129986,40.3598563,48.6413190
1.1466809,4.8013417,8.3116279,40.5198965,48.7031320
1.0159683,4.6875252,8.4083215,40.6892630,48.7724200
0.8995326,4.5884305,8.4966674,40.8634406,48.8307340
0.8100626,4.5073911,8.5704472,41.0381322,48.8892290
0.7579868,4.4475425,8.6239803,41.2095644,48.9472870
0.7507339,4.4114661,8.6525958,41.3747395,49.0088560
0.7921104,4.4009400,8.6527533,41.5316254,49.0699530
0.8820005,4.4169238,8.6222664,41.6792685,49.1405080
1.0166227,4.4594981,8.5608950,41.8178245,49.2014960
1.1887799,4.5278681,8.4701096,41.9485172,49.2590860
1.3885455,4.6205171,8.3530062,42.0735049,49.3192920
1.6041410,4.7352372,8.2141629,42.1957072,49.3804820
1.8227109,4.8690747,8.0589805,42.3186168,49.4413770
2.0314891,5.0183878,7.8935116,42.4460396,49.5098300
2.2187819,5.1791228,7.7240897,42.5818238,49.5687750
2.3748001,5.3468751,7.5568796,42.7296187,49.6273230
2.4925082,5.5172716,7.3976684,42.8926638,49.6851530
2.5679316,5.6860645,7.2514212,43.0735879,49.7465360
2.6002151,5.8492761,7.1219960,43.2743055,49.8189370
2.5915087,6.0034185,7.0119747,43.4959325,49.8773100
2.5465641,6.1456264,6.9224996,43.7386637,49.9389080
2.4721502,6.2738035,6.8533445,44.0018466,49.9966860
2.3763815,6.3867259,6.8030718,44.2840519,50.0543310
2.2679454,6.4840547,6.7692463,44.5831809,50.1158800
2.1552869,6.5662542,6.7486887,44.8967070,50.1858300
2.0460022,6.6344886,6.7378007,45.2218081,50.2431850
1.9463169,6.6904757,6.7328537,45.5555357,50.3017190
1.8607493,6.7362874,6.7302731,45.8949968,50.3602640
1.7920734,6.7741128,6.7269866,46.2374774,50.4209150
1.7413113,6.8060716,6.7205673,46.5805813,50.4829140
1.7079691,6.8340268,6.7093586,46.9223175,50.5520670
1.6903789,6.8594492,6.6925270,47.2611391,50.6121710
1.6859358,6.8833981,6.6699375,47.5959569,50.6740990
1.6915751,6.9064823,6.6420997,47.9260975,50.7349680
1.7041835,6.9288963,6.6099965,48.2512273,50.7926680
1.7208867,6.9505206,6.5748920,48.5712681,50.8655650
1.7393174,6.9710219,6.5382342,48.8863105,50.9244870
1.7577255,6.9900021,6.5014126,49.1965108,50.9819770
1.7749600,7.0071366,6.4656207,49.5020206,51.0404980
1.7904262,7.0222839,6.4317453,49.8029241,51.1022900
1.8040544,7.0355631,6.4001894,50.0991603,51.1597840
1.8161299,7.0473869,6.3709155,50.3905284,51.2311280
1.8271090,7.0584541,6.3434840,50.6767016,51.2894360
1.8374943,7.0696874,6.3171254,50.9572575,51.3482120
1.8477546,7.0821420,6.2909157,51.2317569,51.4096810
1.8582436,7.0968971,6.2638646,51.4997919,51.4672650
1.8691878,7.1149245,6.2350451,51.7610498,51.5395760
1.8807007,7.1369866,6.2037026,52.0153721,51.5988630
1.8927572,7.1635680,6.1692907,52.2627759,51.6565060
1.9052571,7.1948121,6.1315491,52.5034896,51.7158790
1.9181245,7.2304862,6.0905219,52.7379571,51.7776450
1.9313365,7.2700043,6.0465398,52.9668176,51.8351580
1.9448655,7.3124986,6.0001995,53.1908814,51.9082400
1.9587231,7.3568863,5.9522855,53.4110743,51.9655800
1.9729343,7.4019993,5.9036645,53.6283636,52.0230480
1.9874966,7.4466792,5.8552117,53.8436995,52.0844700
2.0024299,7.4898000,5.8077765,54.0579754,52.1432030
2.0177056,7.5303846,5.7621076,54.2719682,52.2013940
2.0331935,7.5676610,5.7188220,54.4862992,52.2742330
2.0486582,7.6010979,5.6783824,54.7014133,52.3322020
2.0637685,7.6304509,5.6410679,54.9175566,52.3922640
2.0781134,7.6557310,5.6069982,55.1347881,52.4566750
2.0912376,7.6771555,5.5761726,55.3530101,52.5145210
2.1026900,7.6950979,5.5485030,55.5719902,52.5857520
2.1120552,7.7100515,5.5238176,55.7913821,52.6481800
2.1190049,7.7225649,5.5019013,56.0107665,52.7063390
2.1233461,7.7331907,5.4825190,56.2296816,52.7694880
2.1250425,7.7424508,5.4654189,56.4476562,52.8310950
2.1242223,7.7507814,5.4503692,56.6642451,52.8887360
2.1211766,7.7585255,5.4371441,56.8790426,52.9603340
2.1163386,7.7659360,5.4255034,57.0916922,53.0189960
2.1102584,7.7731707,5.4152005,57.3018894,53.0765880
2.1035663,7.7803126,5.4059740,57.5093823,53.1380770
2.0969307,7.7873817,5.3975493,57.7139656,53.1965340
2.0910188,7.7943507,5.3896549,57.9154741,53.2542560
2.0864460,7.8011741,5.3820078,58.1137739,53.3269820
2.0837493,7.8077962,5.3743188,58.3087492,53.3852940
2.0833574,7.8141711,5.3663012,58.5002981,53.4489430
2.0855659,7.8202762,5.3576716,58.6883264,53.5102630
2.0905391,7.8261054,5.3481830,58.8727504,53.5682710
2.0983061,7.8316827,5.3376287,59.0535030,53.6397260
2.1087690,7.8370504,5.3258575,59.2305373,53.6991450
2.1217239,7.8422548,5.3127855,59.4038381,53.7566020
2.1368682,7.8473428,5.2983921,59.5734260,53.8181630
2.1538120,7.8523529,5.2827359,59.7393578,53.8763240
2.1720969,7.8573067,5.2659472,59.9017333,53.9357190
2.1912096,7.8622031,5.2482315,60.0606950,54.0049930
2.2106088,7.8670154,5.2298580,60.2164261,54.0636320
2.2297436,7.8716885,5.2111327,60.3691511,54.1277050
2.2480817,7.8761403,5.1923953,60.5191200,54.1858380
2.2651350,7.8802735,5.1739943,60.6665872,54.2437660
2.2804724,7.8839778,5.1562820,60.8118048,54.3162620
2.2937809,7.8871195,5.1396297,60.9550017,54.3754670
2.3048569,7.8895665,5.1243912,61.0963755,54.4330020
2.3135825,7.8912106,5.1108768,61.2361001,54.4950150
2.3199991,7.8919542,5.0993595,61.3742936,54.5535480
2.3242631,7.8917504,5.0900208,61.5110107,54.6112260
2.3266868,7.8905783,5.0829824,61.6462429,54.6843270
2.3278413,7.8883822,5.0783732,61.7799073,54.7415900
2.3284085,7.8851455,5.0762360,61.9118609,54.8023240
2.3291496,7.8808794,5.0765705,62.0419165,54.8607190
2.3308738,7.8756262,5.0792895,62.1698371,54.9217970
2.3343166,7.8695227,5.0840781,62.2953314,54.9793940
2.3401462,7.8627470,5.0905408,62.4180766,55.0517160
2.3489627,7.8554813,5.0982100,62.5377215,55.1094130
2.3611500,7.8479809,5.1065153,62.6539084,55.1724930
2.3767134,7.8406418,5.1148644,62.7663128,55.2339180
2.3953418,7.8339379,5.1225898,62.8746492,55.2917240
2.4162986,7.8284916,5.1288407,62.9787065,55.3652810
2.4385065,7.8249902,5.1327682,63.0783823,55.4236450
2.4608081,7.8239864,5.1337810,63.1737114,55.4870030
2.4818961,7.8260212,5.1313615,63.2649107,55.5469040
2.5002402,7.8315130,5.1252834,63.3523885,55.6047520
2.5141007,7.8406864,5.1155185,63.4367750,55.6647770
2.5236520,7.8536090,5.1018459,63.5189534,55.7345730
2.5267067,7.8699878,5.0842882,63.5999919,55.7919200
2.5236601,7.8891809,5.0630243,63.6811340,55.8534220
2.5151613,7.9101826,5.0382907,63.7637046,55.9149910
2.5025997,7.9315885,5.0105415,63.8489458,55.9725250
2.4879490,7.9518558,4.9800834,63.9380342,56.0346610
2.4735860,7.9693343,4.9469625,64.0319814,56.1037460
2.4621645,7.9825732,4.9110788,64.1315617,56.1670750
2.4564711,7.9907573,4.8722715,64.2373214,56.2277670
2.4589641,7.9934151,4.8304907,64.3494669,56.2852580
2.4720178,7.9910581,4.7860935,64.4678582,56.3452810
2.4967371,7.9850424,4.7399051,64.5920531,56.4147720
2.5332985,7.9746231,4.6935820,64.7213519,56.4730980
2.5807402,7.9623460,4.6492110,64.8549136,56.5350100
2.6369735,7.9489482,4.6098274,64.9918508,56.5928820
2.6987544,7.9351427,4.5793329,65.1313336,56.6504790
2.7620190,7.9236704,4.5620999,65.2726949,56.7116990
2.8219708,7.9143927,4.5643977,65.4154424,56.7802820
2.8728905,7.9063190,4.5899318,65.5592670,56.8450750
2.9095182,7.8972178,4.6420090,65.7039976,56.9029600
2.9269642,7.8842417,4.7233973,65.8494843,56.9606450
2.9213418,7.8637835,4.8352577,65.9955214,57.0190210
2.8902472,7.8322381,4.9764909,66.1417233,57.0783900
2.8331093,7.7859556,5.1438212,66.2873798,57.1470980
2.7512397,7.7217674,5.3321169,66.4313464,57.2085620
2.6480968,7.6375511,5.5342316,66.5719625,57.2669820
2.5291585,7.5318761,5.7407936,66.7070266,57.3245300
2.4015091,7.4052593,5.9414292,66.8338501,57.3828910
2.2733087,7.2609791,6.1260487,66.9493871,57.4525650
2.1530266,7.1044268,6.2850042,67.0504143,57.5137010
2.0486595,6.9431221,6.4098672,67.1337616,57.5773000
1.9669365,6.7854394,6.4942215,67.1965910,57.6351600
1.9125872,6.6425184,6.5339790,67.2366778,57.6925810
1.8878951,6.5209515,6.5280745,67.2526531,57.7546060
1.8923714,6.4299273,6.4786079,67.2442047,57.8233550
1.9228108,6.3764499,6.3906584,67.2121933,57.8847610
1.9737106,6.3655377,6.2719972,67.1586670,57.9429960
2.0376493,6.3990016,6.1322826,67.0867856,58.0015420
2.1060958,6.4767996,5.9821628,67.0006495,58.0590230
2.1702335,6.5932083,5.8324830,66.9050158,58.1173430
2.2216723,6.7414002,5.6934902,66.8049434,58.1927800
2.2535430,6.9118721,5.5739386,66.7054598,58.2505200
2.2611531,7.0938557,5.4806103,66.6111878,58.3121630
2.2424795,7.2761827,5.4177608,66.5260303,58.3701050
2.1985965,7.4478182,5.3866353,66.4529422,58.4278760
2.1333605,7.5996759,5.3859299,66.3937484,58.4867910
2.0527568,7.7247752,5.4119126,66.3490576,58.5593680
1.9642381,7.8178554,5.4590390,66.3183592,58.6168110
1.8772925,7.8837994,5.5209725,66.3003542,58.6751490
1.7993562,7.9210618,5.5906963,66.2928820,58.7337050
1.7385454,7.9342096,5.6613215,66.2934523,58.7914180
1.7010678,7.9355538,5.7265705,66.2993830,58.8533500
1.6908486,7.9277448,5.7809134,66.3079388,58.9254340
1.7092152,7.9172381,5.8202620,66.3167334,58.9856770
1.7547049,7.9101678,5.8419211,66.3238184,59.0442670
1.8232021,7.9107371,5.8445922,66.3277538,59.1025200
1.9086910,7.9206184,5.8279115,66.3279454,59.1612280
2.0033790,7.9366549,5.7925462,66.3239399,59.2330870
2.0987157,7.9550851,5.7396529,66.3159415,59.2920820
2.1861633,7.9697258,5.6706801,66.3044081,59.3504580
2.2580276,7.9719954,5.5843122,66.2899017,59.4080430
2.3080858,7.9525023,5.4808734,66.2731932,59.4699030
2.3325224,7.9062230,5.3597904,66.2552233,59.5279050
2.3301111,7.8292064,5.2187388,66.2371777,59.6014380
2.3018434,7.7209179,5.0566274,66.2206741,59.6629040
2.2503040,7.5844722,4.8724062,66.2076832,59.7203810
2.1820921,7.4265084,4.6655053,66.2006208,59.7804060
2.1023007,7.2571969,4.4356781,66.2023480,59.8415870
2.0182245,7.0900487,4.1847874,66.2161093,59.8990070
1.9368691,6.9400136,3.9163629,66.2454360,60.1073960
1.8644550,6.8218427,3.6363493,66.2938001,60.1657690
1.8059511,6.7486093,3.3529801,66.3643283,60.2274300
1.7645707,6.7302660,3.0763176,66.4593873,60.2848170
1.7418653,6.7716846,2.8181862,66.5801537,60.3468980
1.7380737,6.8734611,2.5915403,66.7262987,60.4050730
1.7519726,7.0305396,2.4096832,66.8955891,60.6055660
1.7817727,7.2333488,2.2856316,67.0836402,60.6641300
1.8246720,7.4689377,2.2307098,67.2838755,60.7225220
1.8774194,7.7179056,2.2538292,67.4876318,60.7801490
1.9365782,7.9617132,2.3600027,67.6845242,60.8425340
1.9989616,8.1805042,2.5498844,67.8629906,61.0435200
2.0615367,8.3554009,2.8196911,68.0109735,61.1024900
2.1217309,8.4740259,3.1605802,68.1167666,61.1644250
2.1776242,8.5275710,3.5617322,68.1698478,61.2220940
2.2272340,8.5127241,4.0070622,68.1617004,61.2797470
2.2694719,8.4318001,4.4774153,68.0865293,61.3417360
2.3038491,8.2926929,4.9526017,67.9417463,61.5439480
2.3305299,8.1080167,5.4123245,67.7282783,61.6043560
2.3503179,7.8947466,5.8368878,67.4505959,61.6630310
2.3646732,7.6717728,6.2086360,67.1164645,61.7206370
2.3754222,7.4581368,6.5134554,66.7364335,61.7787390
2.3846540,7.2715452,6.7415496,66.3231139,61.8371900
2.3944794,7.1255418,6.8872222,65.8903081,62.0387560
2.4068824,7.0291643,6.9491943,65.4520365,62.0986340
2.4234610,6.9871609,6.9312789,65.0216068,62.1597150
2.4452298,6.9994617,6.8415650,64.6107452,62.2175890
2.4726588,7.0621086,6.6915787,64.2288672,62.2794150
2.5053628,7.1662928,6.4955121,63.8826158,62.3403800
2.5420346,7.3033475,6.2688212,63.5756175,62.5409370
2.5806205,7.4580971,6.0273559,63.3084899,62.6022130
2.6183622,7.6166982,5.7864167,63.0791084,62.6603110
2.6521734,7.7658633,5.5597545,62.8830203,62.7217060
2.6791254,7.8943727,5.3590696,62.7140253,62.7838720
2.6966234,7.9930562,5.1933919,62.5648451,62.8412810
2.7027471,8.0581392,5.0685801,62.4278089,63.0451740
2.6963694,8.0867208,4.9874552,62.2955149,63.1037920
2.6770225,8.0803163,4.9500507,62.1613421,63.1623310
2.6449506,8.0431479,4.9538938,62.0198678,63.2203260
2.6007877,7.9815870,4.9948045,61.8671141,63.2820400
2.5455556,7.9036439,5.0672274,61.7006325,63.3400390
2.4806931,7.8174363,5.1643368,61.5194771,63.5470160
2.4078332,7.7311023,5.2788550,61.3240436,63.6057590
2.3286396,7.6518228,5.4032920,61.1157562,63.6673060
2.2440075,7.5821328,5.5304772,60.8967210,63.7247570
2.1561597,7.5314668,5.6545960,60.6696734,63.7831160
2.0651700,7.4991365,5.7710283,60.4373865,63.9865100
1.9720074,7.4821656,5.8764591,60.2026471,64.0458130
1.8777574,7.4845012,5.9690106,59.9680191,64.1054140
1.7837719,7.4991995,6.0476296,59.7355143,64.1630160
1.6920483,7.5195444,6.1122726,59.5066414,64.2211860
1.6048053,7.5387375,6.1639042,59.2823680,64.2797380
1.5240316,7.5492463,6.2042110,59.0630775,64.4816340
1.4563994,7.5509980,6.2355782,58.8491234,64.5418260
1.4022682,7.5339370,6.2604665,58.6402698,64.6029350
1.3660061,7.4968864,6.2816419,58.4363070,64.6605420
1.3505677,7.4400186,6.3028029,58.2369379,64.7238810
1.3562732,7.3645927,6.3253292,58.0417051,64.7833120
1.3840836,7.2735432,6.3519353,57.8501259,64.9643940
1.4314830,7.1713991,6.3846352,57.6616590,65.0216940
1.4943399,7.0637086,6.4232822,57.4757784,65.0800750
1.5667203,6.9576357,6.4680478,57.2921822,65.1387070
1.6409175,6.8601424,6.5177338,57.1107130,65.1961330
1.7079543,6.7772139,6.5725649,56.9313686,65.2578060
1.7586131,6.7134556,6.6280149,56.7543121,65.3300320
1.7831064,6.6699149,6.6815823,56.5797294,65.3901450
1.7753056,6.6473255,6.7298247,56.4078659,65.4512740
1.7301438,6.6470599,6.7696345,56.2395602,65.5089170
1.6457689,6.6615827,6.7980399,56.0751732,65.5662470
1.5251394,6.6877409,6.8114585,55.9154856,65.6275070
1.3724190,6.7179923,6.8069367,55.7612075,65.6999760
1.1969799,6.7463945,6.7830099,55.6129813,65.7575530
1.0105305,6.7666707,6.7391930,55.4713298,65.8159430
0.8257164,6.7739521,6.6763202,55.3365684,65.8744670
0.6572683,6.7650541,6.5966574,55.2087386,65.9325040
0.5157141,6.7362567,6.5035997,55.0875686,66.0086200
0.4130857,6.6882352,6.4018291,54.9724085,66.0669930
0.3561171,6.6229327,6.2976745,54.8622849,66.1268440
0.3480272,6.5441154,6.1982292,54.7558997,66.1892850
0.3889838,6.4575781,6.1096660,54.6516540,66.2471430
0.4732087,6.3677136,6.0382626,54.5478116,66.3105420
0.5920178,6.2808662,5.9904466,54.4426484,66.3822900
0.7334320,6.2025755,5.9712204,54.3345677,66.4397880
0.8835826,6.1376426,5.9846797,54.2222262,66.4981920
1.0285758,6.0894967,6.0310705,54.1046768,66.5561380
1.1539039,6.0583438,6.1095722,53.9814117,66.6141550
1.2486489,6.0447806,6.2165380,53.8524575,66.6756500
1.3044506,6.0486491,6.3470628,53.7184556,66.7450490
1.3154998,6.0646425,6.4928158,53.5805367,66.8063400
1.2809907,6.0889269,6.6452886,53.4403016,66.8643850
1.2039267,6.1167389,6.7951156,53.2996680,66.9223980
1.0908625,6.1439923,6.9334147,53.1606301,66.9870990
0.9505333,6.1665063,7.0520795,53.0252207,67.0450570
0.7952179,6.1828185,7.1438838,52.8953154,67.1162240
0.6350310,6.1888355,7.2035631,52.7724883,67.1777670
0.4809679,6.1846210,7.2284338,52.6579338,67.2352660
0.3421739,6.1707283,7.2182215,52.5523033,67.2953350
0.2254113,6.1464999,7.1749260,52.4556739,67.3569270
0.1347301,6.1118757,7.1026371,52.3675585,67.4144630
0.0716271,6.0684042,7.0072376,52.2869674,67.4849890
0.0348451,6.0175281,6.8957790,52.2125090,67.5434200
0.0208471,5.9606051,6.7757532,52.1425265,67.6013280
0.0243413,5.8988874,6.6546424,52.0752334,67.6596470
0.0389138,5.8331822,6.5393265,52.0088208,67.7240380
0.0579867,5.7641854,6.4357062,51.9416467,67.7934270
0.0752946,5.6927307,6.3487909,51.8723037,67.8556740
0.0856213,5.6193075,6.2822924,51.7996996,67.9131690
0.0853253,5.5453757,6.2384146,51.7231350,67.9704740
0.0724379,5.4703514,6.2181701,51.6421836,68.0319730
0.0469338,5.3954917,6.2212791,51.5566513,68.0935620
0.0104963,5.3219502,6.2464794,51.4664773,68.1622460
-0.0338641,5.2515120,6.2920305,51.3715888,68.2237760
-0.0821617,5.1859572,6.3555746,51.2718291,68.2816450
-0.1299402,5.1270446,6.4343104,51.1668546,68.3391390
-0.1727345,5.0763567,6.5251135,51.0560462,68.4043690
-0.2065824,5.0346062,6.6243010,50.9384701,68.4619880
-0.2281030,5.0026791,6.7280417,50.8128692,68.5320580
-0.2351930,4.9812017,6.8325786,50.6776714,68.5935970
-0.2288300,4.9681113,6.9340134,50.5310821,68.6513890
-0.2060176,4.9696464,7.0292218,50.3711792,68.7118000
-0.1709517,4.9836890,7.1148908,50.1960759,68.7762050
-0.1261027,5.0117966,7.1878504,50.0041634,68.8338120
-0.0743742,5.0553616,7.2451084,49.7942548,68.9048310
-0.0214997,5.1148888,7.2846419,49.5657716,68.9633080
0.0287247,5.1933522,7.3054074,49.3189162,69.0207930
0.0713505,5.2910640,7.3069267,49.0546921,69.0822470
0.1017696,5.4071885,7.2896452,48.7750250,69.1402200
0.1168347,5.5409616,7.2551850,48.4828176,69.1980580
0.1144721,5.6906160,7.2054347,48.1818277,69.2679170
0.0937660,5.8535066,7.1456658,47.8765925,69.3273620
0.0557742,6.0269995,7.0787458,47.5722623,69.3884120
0.0009346,6.2051174,7.0098029,47.2742420,69.4491690
-0.0670217,6.3812995,6.9437971,46.9878018,69.5069080
-0.1439757,6.5531970,6.8859722,46.7185413,69.5654500
-0.2253819,6.7109743,6.8413541,46.4709911,69.6376200
-0.3040473,6.8488608,6.8130454,46.2491104,69.6954580
-0.3748584,6.9597196,6.8027602,46.0557617,69.7572230
-0.4316403,7.0389574,6.8115282,45.8925058,69.8160850
-0.4686966,7.0833871,6.8392168,45.7594896,69.8734200
-0.4824329,7.0921085,6.8845857,45.6553898,69.9458340
-0.4685013,7.0673313,6.9452439,45.5775105,70.0049360
-0.4280522,7.0108755,7.0174801,45.5219881,70.0625410
-0.3610965,6.9284513,7.0964963,45.4840088,70.1237300
-0.2714737,6.8270745,7.1775320,45.4581795,70.1821610
-0.1654260,6.7148988,7.2562798,45.4388834,70.2399700
-0.0493258,6.6018340,7.3275919,45.4205882,70.3127110
0.0678277,6.4951575,7.3866414,45.3982651,70.3716320
0.1773927,6.4025759,7.4301049,45.3677895,70.4350230
0.2708146,6.3299393,7.4555785,45.3261599,70.4962920
0.3403525,6.2814856,7.4630487,45.2716369,70.5537730
0.3808118,6.2601007,7.4519800,45.2038367,70.6115970
0.3875206,6.2639799,7.4243513,45.1236310,70.6850660
0.3597912,6.2902973,7.3827993,45.0329993,70.7424460
0.2998590,6.3365050,7.3322182,44.9348821,70.8029690
0.2110528,6.3943573,7.2766475,44.8327797,70.8612800
0.0996036,6.4560983,7.2207725,44.7303908,70.9196990
-0.0267091,6.5133475,7.1690841,44.6312322,70.9777010
-0.1590075,6.5587801,7.1260491,44.5381420,71.0510010
-0.2890687,6.5855693,7.0956191,44.4530249,71.1118860
-0.4070086,6.5915361,7.0804568,44.3766191,71.1719500
-0.5067766,6.5730876,7.0816817,44.3084135,71.2329940
-0.5833336,6.5313705,7.0991057,44.2467476,71.2906700
-0.6341075,6.4705303,7.1311633,44.1889373,71.3479500
-0.6592323,6.3950843,7.1748513,44.1315469,71.4196990
-0.6612880,6.3102988,7.2260566,44.0707286,71.4803490
-0.6446151,6.2235818,7.2802362,44.0026252,71.5404290
-0.6149117,6.1427480,7.3326124,43.9237992,71.6017510
-0.5783753,6.0745015,7.3782735,43.8316697,71.6592300
-0.5411995,6.0242604,7.4130400,43.7247922,71.7185100
-0.5090103,5.9951595,7.4335397,43.6029927,71.7889550
-0.4862142,5.9879986,7.4377147,43.4674655,71.8515170
-0.4758901,6.0020033,7.4256232,43.3206386,71.9092170
-0.4791829,6.0334916,7.3985770,43.1659993,71.9671290
-0.4949205,6.0799544,7.3602573,43.0078808,72.0255680
-0.5201310,6.1327299,7.3135991,42.8510041,72.1278280
-0.5504999,6.1850083,7.2629154,42.7000337,72.1876740
-0.5808765,6.2296346,7.2126028,42.5591407,72.2449290
-0.6059545,6.2611851,7.1675684,42.4315720,72.3035950
-0.6209093,6.2759390,7.1324012,42.3193805,72.3650270
-0.6218963,6.2715332,7.1103230,42.2232689,72.4225810
-0.6065437,6.2479993,7.1033182,42.1425348,72.4987310
-0.5746756,6.2082206,7.1133056,42.0751644,72.5571490
-0.5274375,6.1579334,7.1403579,42.0180450,72.6171410
-0.4685031,6.0997152,7.1804578,41.9672697,72.6778000
-0.4031036,6.0375299,7.2280167,41.9185503,72.7353780
-0.3376156,5.9764573,7.2783268,41.8676122,72.7927960
-0.2791672,5.9207974,7.3259444,41.8106029,72.8690150
-0.2348765,5.8727327,7.3638088,41.7444777,72.9269400
-0.2113929,5.8329151,7.3854204,41.6672185,72.9869480
-0.2145945,5.8000453,7.3861645,41.5779665,73.0481300
-0.2486315,5.7711688,7.3630752,41.4770664,73.1055580
-0.3171791,5.7424393,7.3148948,41.3659428,73.1657930
-0.4186920,5.7094299,7.2426619,41.2469215,73.2387140
-0.5529693,5.6676678,7.1497759,41.1230165,73.2960370
-0.7151744,5.6140543,7.0417041,40.9975699,73.3546240
-0.9011826,5.5459442,6.9251311,40.8739041,73.4131340
-1.1005369,5.4626373,6.8078899,40.7550022,73.4707550
-1.3051374,5.3654471,6.6985824,40.6431988,73.5361960
-1.5054694,5.2576786,6.6057467,40.5399939,73.6049680
-1.6923613,5.1448788,6.5378710,40.4459375,73.6651650
-1.8579273,5.0336022,6.5019950,40.3606333,73.7262480
-1.9918416,4.9312411,6.5023598,40.2828448,73.7840950
-2.0912133,4.8429480,6.5406294,40.2106549,73.8418380
-2.1516167,4.7741385,6.6153490,40.1417266,73.9036700
-2.1725540,4.7286602,6.7225283,40.0735570,73.9733380
-2.1561160,4.7066328,6.8559698,40.0036917,74.0308160
-2.1073058,4.7058685,7.0076343,39.9300109,74.0898030
-2.0332695,4.7222086,7.1674664,39.8509634,74.1483930
-1.9431155,4.7493076,7.3247360,39.7656668,74.2093970
-1.8481833,4.7800421,7.4698142,39.6739948,74.2797380
-1.7596489,4.8062947,7.5937020,39.5765377,74.3387720
-1.6894086,4.8181424,7.6878551,39.4744377,74.3974280
-1.6483164,4.8073528,7.7457216,39.3692885,74.4567260
-1.6449037,4.7672992,7.7633658,39.2629825,74.5143580
-1.6856598,4.6940641,7.7394180,39.1574716,74.5785120
-1.7723516,4.5869129,7.6747246,39.0545730,74.6474050
-1.9048630,4.4484701,7.5724887,38.9557736,74.7087340
-2.0785853,4.2846064,7.4386276,38.8620733,74.7675710
-2.2859060,4.1039247,7.2807061,38.7739388,74.8251200
-2.5165311,3.9172359,7.1078031,38.6913283,74.8916930
-2.7582484,3.7365441,6.9296488,38.6137230,74.9496500
-2.9977064,3.5736010,6.7548824,38.5402463,75.0200310
-3.2215786,3.4394072,6.5915856,38.4697916,75.0816040
-3.4177165,3.3437260,6.4475428,38.4011567,75.1391890
-3.5760342,3.2937300,6.3290032,38.3332493,75.1991830
-3.6892271,3.2937388,6.2405823,38.2651726,75.2636170
-3.7533593,3.3449398,6.1851694,38.1963385,75.3212640
-3.7680273,3.4452653,6.1637219,38.1265415,75.3902070
-3.7362122,3.5899370,6.1755612,38.0559148,75.4485310
-3.6641264,3.7718561,6.2186631,37.9849130,75.5069840
-3.5603280,3.9822451,6.2898465,37.9142238,75.5673900
-3.4347234,4.2115669,6.3853055,37.8446351,75.6299860
-3.2977748,4.4501844,6.5009831,37.7769134,75.6880330
-3.1591580,4.6885659,6.6322426,37.7117201,75.7591320
-3.0270652,4.9181199,6.7746507,37.6494747,75.8205560
-2.9075881,5.1315736,6.9243361,37.5902585,75.8784930
-2.8040096,5.3230994,7.0778160,37.5337862,75.9394070
-2.7171803,5.4890272,7.2330414,37.4793196,75.9982670
-2.6455226,5.6267074,7.3883350,37.4257158,76.0570460
-2.5850367,5.7369129,7.5438954,37.3715177,76.1254250
-2.5303456,5.8194849,7.6990288,37.3149833,76.1840840
-2.4755997,5.8761387,7.8536399,37.2542183,76.2457610
-2.4153496,5.9090174,8.0072698,37.1872726,76.3041320
-2.3454864,5.9211510,8.1594711,37.1122061,76.3658200
-2.2637920,5.9159237,8.3091445,37.0272599,76.4235720
-2.1702212,5.8956703,8.4534435,36.9309615,76.4949220
-2.0669624,5.8619139,8.5876271,36.8221997,76.5564760
-1.9589597,5.8167204,8.7074488,36.7003245,76.6172880
-1.8523019,5.7647293,8.8090026,36.5651336,76.6745590
-1.7547683,5.7070652,8.8862750,36.4168365,76.7332640
-1.6745507,5.6447726,8.9323954,36.2560594,76.8032410
-1.6191653,5.5795986,8.9426043,36.0837932,76.8615960
-1.5948504,5.5139455,8.9144509,35.9013485,76.9260630
-1.6056930,5.4495144,8.8459022,35.7103436,76.9837970
-1.6532391,5.3878477,8.7367650,35.5126145,77.0428280
-1.7364452,5.3308432,8.5908057,35.3101322,77.1011680
-1.8507826,5.2799361,8.4144593,35.1049474,77.1699450
-1.9911884,5.2364844,8.2164300,34.8990973,77.2319580
-2.1468263,5.2014635,8.0070050,34.6945484,77.2928950
-2.3088674,5.1743390,7.7964295,34.4931472,77.3503120
-2.4660392,5.1548493,7.5955919,34.2965389,77.4089000
-2.6110382,5.1414425,7.4146865,34.1061255,77.4673420
-2.7334496,5.1321485,7.2625371,33.9230053,77.5363600
-2.8276650,5.1252775,7.1465142,33.7479183,77.6008760
-2.8902748,5.1188350,7.0708064,33.5812720,77.6587520
-2.9208383,5.1115463,7.0373190,33.4231176,77.7165670
-2.9231808,5.1022088,7.0449788,33.2732011,77.7783370
-2.8982450,5.0907511,7.0885247,33.1310595,77.8362260
-2.8541969,5.0762257,7.1606571,32.9960300,77.9073690
-2.7975413,5.0591991,7.2520330,32.8673599,77.9713490
-2.7357792,5.0418480,7.3528935,32.7442832,78.0287530
-2.6763159,5.0260034,7.4548568,32.6260444,78.0888290
-2.6255464,5.0131680,7.5506593,32.5120247,78.1472870
-2.5879732,5.0049612,7.6342687,32.4018140,78.2047500
-2.5657413,5.0021236,7.7012074,32.2952202,78.2810880
-2.5591052,5.0051759,7.7493186,32.1923153,78.3390390
-2.5656936,5.0147883,7.7795441,32.0933420,78.3989310
-2.5818941,5.0291191,7.7940739,31.9985910,78.4603160
-2.6032340,5.0462028,7.7965605,31.9083269,78.5180060
-2.6250162,5.0640128,7.7930061,31.8226485,78.5886430
-2.6437866,5.0802251,7.7896774,31.7414514,78.6546320
-2.6553954,5.0926600,7.7922007,31.6643702,78.7121610
-2.6586120,5.0994225,7.8048658,31.5907410,78.7694930
-2.6526439,5.0987265,7.8297224,31.5196257,78.8279220
-2.6384693,5.0895738,7.8670737,31.4497956,78.8864270
-2.6186135,5.0718864,7.9156518,31.3798496,78.9584050
-2.5968018,5.0464733,7.9728370,31.3082938,79.0167910
-2.5777023,5.0146884,8.0347513,31.2336440,79.0780530
-2.5659008,4.9779358,8.0961951,31.1546101,79.1355040
-2.5653692,4.9382659,8.1522176,31.0701369,79.1971730
-2.5788507,4.8977534,8.1983222,30.9795466,79.2550770
-2.6074576,4.8573937,8.2304835,30.8826540,79.3261700
-2.6501173,4.8183751,8.2460739,30.7797159,79.3846550
-2.7044105,4.7806800,8.2437142,30.6714687,79.4459400
-2.7663723,4.7438168,8.2237557,30.5590271,79.5036980
-2.8312850,4.7072676,8.1887657,30.4436953,79.5630520
-2.8939441,4.6702700,8.1426019,30.3269365,79.6209960
-2.9489818,4.6320633,8.0898444,30.2102447,79.6937260
-2.9916594,4.5921629,8.0354431,30.0950060,79.7519560
-3.0183239,4.5501765,7.9837794,29.9824456,79.8096690
-3.0268693,4.5062720,7.9384470,29.8734835,79.8674370
-3.0173390,4.4615445,7.9025156,29.7686328,79.9257660
-2.9917338,4.4176900,7.8778902,29.6680312,79.9984640
-2.9537158,4.3769724,7.8653428,29.5714717,80.0610500
-2.9084212,4.3418602,7.8647109,29.4784556,80.1183610
-2.8615931,4.3140838,7.8741211,29.3883463,80.1758280
-2.8191746,4.2946176,7.8909468,29.3004274,80.2340080
-2.7869441,4.2835016,7.9127381,29.2139685,80.2952250
-2.7695564,4.2794154,7.9369019,29.1283475,80.3653930
-2.7703734,4.2801758,7.9619138,29.0430303,80.4272270
-2.7909843,4.2825789,7.9870751,28.9576143,80.4852960
-2.8306433,4.2822690,8.0115964,28.8718334,80.5427040
-2.8869160,4.2746114,8.0358038,28.7854738,80.6016880
-2.9558915,4.2550246,8.0606075,28.6983545,80.6601990
-3.0327061,4.2195973,8.0874032,28.6102445,80.7310950
-3.1126430,4.1661817,8.1189919,28.5207883,80.7895750
-3.1911197,4.0942066,8.1577343,28.4294885,80.8506890
-3.2640802,4.0046094,8.2048447,28.3356929,80.9086710
-3.3284883,3.9000372,8.2602352,28.2386279,80.9702430
-3.3821680,3.7840790,8.3209434,28.1374730,81.0281030
-3.4244329,3.6614739,8.3824873,28.0314394,81.1026310
-3.4562282,3.5382906,8.4400985,27.9198648,81.1636370
-3.4798234,3.4209828,8.4885537,27.8023267,81.2210470
-3.4988420,3.3162522,8.5239941,27.6787284,81.2785540
-3.5173969,3.2301351,8.5434719,27.5493878,81.3370680
-3.5394101,3.1666153,8.5437981,27.4151007,81.3983100
-3.5682394,3.1277685,8.5227715,27.2771332,81.4669760
-3.6057503,3.1133688,8.4788991,27.1372054,81.5256630
-3.6525315,3.1210298,8.4123592,26.9974025,81.5871270
-3.7082630,3.1473223,8.3263533,26.8600159,81.6445900
-3.7714362,3.1877232,8.2259680,26.7274303,81.7063260
-3.8399059,3.2373793,8.1186770,26.6019513,81.7781440
-3.9108814,3.2915702,8.0131697,26.4856696,81.8391800
-3.9807719,3.3453852,7.9168112,26.3804016,81.9002320
-4.0458247,3.3946003,7.8362121,26.2875564,81.9578500
-4.1020640,3.4357143,7.7763275,26.2080851,82.0153910
-4.1460374,3.4662509,7.7399542,26.1424637,82.0736140
-4.1757307,3.4854716,7.7287155,26.0906533,82.1467950
-4.1902585,3.4938006,7.7422646,26.0521949,82.2050260
-4.1900674,3.4928514,7.7790315,26.0262925,82.2632770
-4.1768054,3.4848924,7.8360529,26.0118980,82.3222570
-4.1523845,3.4717346,7.9079672,26.0078721,82.3813920
-4.1194437,3.4548967,7.9884824,26.0130390,82.4428160
-4.0806744,3.4351392,8.0702687,26.0262639,82.5120080
-4.0386815,3.4124749,8.1461451,26.0465135,82.5746400
-3.9963854,3.3871861,8.2114849,26.0727956,82.6326470
-3.9564504,3.3593301,8.2632267,26.1041962,82.6928860
-3.9213655,3.3288666,8.3005629,26.1398543,82.7542370
-3.8933203,3.2960713,8.3247195,26.1788956,82.8152230
-3.8731357,3.2608735,8.3362972,26.2204681,82.8851280
-3.8610775,3.2234687,8.3368957,26.2636544,82.9467740
-3.8572175,3.1846238,8.3291367,26.3074234,83.0041570
-3.8609859,3.1453776,8.3153255,26.3506672,83.0644990
-3.8720166,3.1071710,8.2990894,26.3921586,83.1285550
-3.8896902,3.0712157,8.2830881,26.4306399,83.1863580
-3.9126522,3.0402084,8.2687967,26.4649084,83.2548720
-3.9394350,3.0140048,8.2544873,26.4938623,83.3131960
-3.9684230,2.9930327,8.2389907,26.5166671,83.3716910
-3.9974505,2.9772404,8.2201729,26.5327888,83.4291790
-4.0251402,2.9657392,8.1961013,26.5420510,83.4905640
-4.0499689,2.9568649,8.1644273,26.5447150,83.5524750
-4.0708381,2.9489048,8.1237477,26.5413757,83.6212920
-4.0869024,2.9400110,8.0734133,26.5329948,83.6832330
-4.0969876,2.9282244,8.0128746,26.5208818,83.7411580
-4.1005012,2.9121204,7.9430010,26.5065428,83.8016060
-4.0972899,2.8906828,7.8655713,26.4916462,83.8637630
-4.0877673,2.8636382,7.7835321,26.4778616,83.9321490
-4.0736656,2.8317770,7.7021514,26.4666596,83.9905600
-4.0571173,2.7966603,7.6272241,26.4592631,84.0488010
-4.0400904,2.7605452,7.5639403,26.4565648,84.1074140
-4.0245806,2.7261489,7.5172431,26.4590454,84.1680040
-4.0121451,2.6961656,7.4910194,26.4667846,84.2307520
-4.0039936,2.6731105,7.4879513,26.4794121,84.3002520
-4.0010948,2.6592006,7.5096494,26.4960722,84.3602060
-4.0040549,2.6560307,7.5563426,26.5155127,84.4218300
-4.0136197,2.6646710,7.6279678,26.5361599,84.4826040
-4.0301186,2.6853536,7.7232518,26.5562253,84.5402730
-4.0535139,2.7171542,7.8383010,26.5738712,84.5991820
-4.0825028,2.7582593,7.9677966,26.5872982,84.6686990
-4.1157593,2.8052224,8.1046169,26.5948326,84.7261400
-4.1516205,2.8545131,8.2406593,26.5950531,84.7847110
-4.1887444,2.9021811,8.3683420,26.5868399,84.8492860
-4.2260997,2.9443550,8.4806339,26.5694483,84.9069420
-4.2637069,2.9776702,8.5727198,26.5425691,84.9776800
-4.3020133,2.9993063,8.6412678,26.5062694,85.0363080
-4.3413033,3.0065713,8.6836087,26.4610069,85.0960860
-4.3821859,2.9973726,8.6985520,26.4075312,85.1567100
-4.4243462,2.9702228,8.6853063,26.3467372,85.2151140
-4.4673891,2.9244172,8.6446650,26.2796694,85.2759620
-4.5109912,2.8604433,8.5799646,26.2074589,85.3448670
-4.5545618,2.7798300,8.4961073,26.1312166,85.4031820
-4.5978121,2.6852077,8.4000122,26.0519462,85.4616330
-4.6400138,2.5800718,8.2992748,25.9705277,85.5233050
-4.6794679,2.4687082,8.2003700,25.8876929,85.5809270
-4.7139281,2.3561128,8.1087871,25.8040471,85.6430590
-4.7404970,2.2465240,8.0285634,25.7201633,85.7120050
-4.7562373,2.1454681,7.9621997,25.6366008,85.7720650
-4.7588893,2.0578386,7.9113861,25.5539742,85.8368390
-4.7468555,1.9881876,7.8766887,25.4730661,85.8949640
-4.7196056,1.9401942,7.8572895,25.3949080,85.9524370
-4.6777756,1.9164177,7.8513519,25.3208557,86.0109810
-4.6225984,1.9177593,7.8562674,25.2526334,86.0804560
-4.5561282,1.9434321,7.8691780,25.1923053,86.1379960
-4.4813491,1.9908454,7.8870986,25.1421858,86.1994480
-4.4017703,2.0557108,7.9072496,25.1047291,86.2579000
-4.3213233,2.1325851,7.9279798,25.0823649,86.3158080
-4.2440191,2.2150820,7.9485233,25.0772901,86.3885050
-4.1735784,2.2963118,7.9689075,25.0912673,86.4472050
-4.1133363,2.3694741,7.9900473,25.1253934,86.5100840
-4.0660588,2.4282165,8.0127307,25.1799065,86.5714360
-4.0338642,2.4671981,8.0376212,25.2540630,86.6291660
-4.0182840,2.4827333,8.0656838,25.3460586,86.6869560
-4.0201507,2.4729851,8.0973835,25.4530630,86.7604650
-4.0397652,2.4379333,8.1328230,25.5713497,86.8178970
-4.0770173,2.3794505,8.1717020,25.6964643,86.8785060
-4.1308646,2.3009716,8.2117353,25.8234917,86.9378700
-4.1996033,2.2071936,8.2494857,25.9473582,86.9964090
-4.2814781,2.1039323,8.2815447,26.0631173,87.0547260
-4.3743788,1.9975895,8.3042271,26.1662995,87.1279210
-4.4761416,1.8944951,8.3153503,26.2532053,87.1884470
-4.5845373,1.7996887,8.3135897,26.3211384,87.2489560
-4.6965349,1.7193364,8.2991470,26.3686072,87.3101600
-4.8087704,1.6555745,8.2707690,26.3953764,87.3676880
-4.9174837,1.6102232,8.2294332,26.4024485,87.4275500
-5.0185848,1.5833841,8.1769012,26.3919482,87.4970090
-5.1086594,1.5739193,8.1167849,26.3668813,87.5578140
-5.1846698,1.5794738,8.0535514,26.3308952,87.6162410
-5.2442613,1.5969072,7.9923451,26.2879632,87.6753220
-5.2860056,1.6226380,7.9386056,26.2420680,87.7340730
-5.3086667,1.6526567,7.8964840,26.1969564,87.8041670
-5.3117959,1.6830446,7.8691643,26.1558452,87.8680710
-5.2956926,1.7102671,7.8582956,26.1212281,87.9297680
-5.2612697,1.7313616,7.8636868,26.0947556,87.9876530
-5.2108967,1.7442799,7.8849302,26.0771228,88.0451840
-5.1478534,1.7478231,7.9208504,26.0681374,88.1037940
-5.0757733,1.7416076,7.9687932,26.0668332,88.1735930
-4.9986232,1.7259796,8.0253263,26.0716143,88.2348730
-4.9202538,1.7017771,8.0865623,26.0805021,88.2941960
-4.8443592,1.6702591,8.1487155,26.0913292,88.3554340
-4.7740789,1.6328828,8.2080060,26.1019310,88.4131780
-4.7118317,1.5911774,8.2609564,26.1103495,88.4756300
-4.6597727,1.5468444,8.3056965,26.1149742,88.5467560
-4.6191739,1.5014861,8.3415302,26.1146374,88.6045010
-4.5911837,1.4566507,8.3685179,26.1086744,88.6631300
-4.5754061,1.4139751,8.3875555,26.0969141,88.7216440
-4.5708853,1.3740492,8.3996343,26.0795926,88.7791590
-4.5760654,1.3377903,8.4060515,26.0572958,88.8419210
-4.5887052,1.3055197,8.4077152,26.0308493,88.9139610
0.0000000,0.0000000,0.0000000,0.0000000,88.9716490
0.0000000,0.0000000,0.0000000,0.0000000,89.0304460
0.0000000,0.0000000,0.0000000,0.0000000,89.0924070
0.0000000,0.0000000,0.0000000,0.0000000,89.1500130
0.0000000,0.0000000,0.0000000,0.0000000,89.2268100
0.0000000,0.0000000,0.0000000,0.0000000,89.2846240
0.0000000,0.0000000,0.0000000,0.0000000,89.3421590
0.0000000,0.0000000,0.0000000,0.0000000,89.4009320
0.0000000,0.0000000,0.0000000,0.0000000,89.4597550
0.0000000,0.0000000,0.0000000,0.0000000,89.5171960
0.0000000,0.0000000,0.0000000,0.0000000,89.5941050
0.0000000,0.0000000,0.0000000,0.0000000,89.6520120
0.0000000,0.0000000,0.0000000,0.0000000,89.7123840
0.0000000,0.0000000,0.0000000,0.0000000,89.7710360
0.0000000,0.0000000,0.0000000,0.0000000,89.8284380
0.0000000,0.0000000,0.0000000,0.0000000,89.9042470
0.0000000,0.0000000,0.0000000,0.0000000,89.9634470
0.0000000,0.0000000,0.0000000,0.0000000,90.0220760
0.0000000,0.0000000,0.0000000,0.0000000,90.0847940
0.0000000,0.0000000,0.0000000,0.0000000,90.1426340
0.0000000,0.0000000,0.0000000,0.0000000,90.2002340
0.0000000,0.0000000,0.0000000,0.0000000,90.2725780
0.0000000,0.0000000,0.0000000,0.0000000,90.3306800
0.0000000,0.0000000,0.0000000,0.0000000,90.3898320
0.0000000,0.0000000,0.0000000,0.0000000,90.4481270
0.0000000,0.0000000,0.0000000,0.0000000,90.5059680
0.0000000,0.0000000,0.0000000,0.0000000,90.5646420
0.0000000,0.0000000,0.0000000,0.0000000,90.6361030
0.0000000,0.0000000,0.0000000,0.0000000,90.6987490
0.0000000,0.0000000,0.0000000,0.0000000,90.7566730
0.0000000,0.0000000,0.0000000,0.0000000,90.8142090
0.0000000,0.0000000,0.0000000,0.0000000,90.8759260
