-0.0000146,-0.0000064,0.0028268,0.0000536,0.0000000
-0.0000437,-0.0000164,0.0078203,0.0001390,0.0000000
-0.0000915,-0.0000296,0.0151809,0.0002527,0.0000000
-0.0001616,-0.0000486,0.0251298,0.0003917,0.0000000
-0.0002581,-0.0000759,0.0377249,0.0005501,0.0000000
-0.0003818,-0.0001129,0.0526387,0.0007145,0.0000000
-0.0005305,-0.0001598,0.0689457,0.0008621,0.0000000
-0.0007043,-0.0002141,0.0849650,0.0009623,0.0000000
-0.0008977,-0.0002706,0.0982011,0.0009759,0.0000000
-0.0010928,-0.0003238,0.1054285,0.0008599,0.0000000
-0.0012659,-0.0003649,0.1029341,0.0005736,0.0000000
-0.0013939,-0.0003764,0.0869204,0.0000865,0.0000000
-0.0014455,-0.0003385,0.0540572,-0.0006105,0.0000000
-0.0013961,-0.0002330,0.0021188,-0.0015005,0.0000000
-0.0012158,-0.0000420,-0.0693491,-0.0025294,0.0000000
-0.0008368,0.0002493,-0.1584150,-0.0035942,0.0000000
-0.0001944,0.0006463,-0.2602962,-0.0045536,0.0000000
0.0007658,0.0011491,-0.3671053,-0.0052370,0.0000000
0.0020859,0.0017388,-0.4678820,-0.0054536,0.0000000
0.0037767,0.0023537,-0.5489513,-0.0050170,0.0000000
0.0058169,0.0029084,-0.5945901,-0.0037623,0.0000000
0.0081251,0.0032923,-0.5880045,-0.0015540,0.0000000
0.0105536,0.0033732,-0.5125300,0.0016744,0.0000000
0.0128823,0.0030179,-0.3529556,0.0058719,0.0000000
0.0147745,0.0020923,-0.0969004,0.0108938,0.0000000
0.0158302,0.0004760,0.2639290,0.0164865,0.0000000
0.0155242,-0.0019118,0.7327295,0.0223101,0.0000000
0.0130927,-0.0050845,1.3069352,0.0280088,0.0000000
0.0077278,-0.0089702,1.9779517,0.0331980,0.0000000
-0.0014053,-0.0134032,2.7314042,0.0375100,0.0000000
-0.0150498,-0.0181102,3.5477123,0.0406524,0.0000000
-0.0335965,-0.0227063,4.4033900,0.0424444,0.0000000
-0.0571471,-0.0267291,5.2723799,0.0428794,2.8167340
-0.0853830,-0.0296676,6.1277145,0.0421536,2.8753760
-0.1174594,-0.0310174,6.9432813,0.0406693,2.9339320
-0.1520185,-0.0303609,7.6955182,0.0390216,2.9958400
-0.1870451,-0.0274074,8.3648559,0.0379424,3.0578740
-0.2199356,-0.0220443,8.9368542,0.0382326,3.1301520
-0.2475860,-0.0143990,9.4029080,0.0406756,3.1925820
-0.2664784,-0.0048751,9.7604678,0.0459376,3.2514470
-0.2730914,0.0058466,10.0128239,0.0544888,3.3091730
-0.2642247,0.0168137,10.1684330,0.0665399,3.3676060
-0.2373732,0.0268717,10.2398953,0.0819898,3.4301990
-0.1911826,0.0347820,10.2426980,0.1004032,3.5003960
-0.1256773,0.0392887,10.1938093,0.1210533,3.5588080
-0.0424978,0.0392485,10.1103087,0.1429882,3.6203090
0.0549417,0.0337502,10.0081381,0.1651364,3.6783160
0.1614747,0.0221935,9.9010734,0.1864470,3.7432180
0.2703162,0.0044194,9.8000451,0.2060260,3.8011100
0.3733752,-0.0192427,9.7127557,0.2232854,3.8724620
0.4617412,-0.0479614,9.6436622,0.2380700,3.9308500
0.5262847,-0.0804163,9.5942796,0.2507479,3.9884070
0.5583400,-0.1149161,9.5636346,0.2622729,4.0493570
0.5504646,-0.1495114,9.5489412,0.2741585,4.1073610
0.4970865,-0.1821716,9.5463007,0.2884343,4.1788780
0.3950172,-0.2109337,9.5513387,0.3075684,4.2378280
0.2439926,-0.2339925,9.5598798,0.3342396,4.2950510
0.0469019,-0.2502764,9.5683941,0.3711320,4.3585460
-0.1901824,-0.2586043,9.5742834,0.4206986,4.4198610
-0.4581322,-0.2587014,9.5760387,0.4848849,4.4773260
-0.7453122,-0.2507446,9.5731247,0.5649634,4.5503730
-1.0382839,-0.2354063,9.5657910,0.6613803,4.6079310
-1.3225626,-0.2137579,9.5548435,0.7736266,4.6655910
-1.5834755,-0.1871341,9.5413737,0.9001874,4.7271040
-1.8071730,-0.1569985,9.5265143,1.0386025,4.7857270
-1.9815186,-0.1247970,9.5105816,1.1855834,4.8431340
-2.0969498,-0.0918354,9.4973472,1.3373042,4.9161960
-2.1471961,-0.0591278,9.4874363,1.4895479,4.9734220
-2.1296758,-0.0273316,9.4815322,1.6380776,5.0309750
-2.0457194,0.0029795,9.4799214,1.7789669,5.0924020
-1.9005764,0.0318629,9.4826566,1.9089286,5.1535390
-1.7031362,0.0592904,9.4895369,2.0256088,5.2115610
-1.4654412,0.0853328,9.5000850,2.1277978,5.2831880
-1.2019938,0.1099703,9.5135589,2.2155595,5.3415290
-0.9288709,0.1329599,9.5290307,2.2902622,5.3987930
-0.6627349,0.1537212,9.5454833,2.3545042,5.4663290
-0.4198079,0.1712810,9.5618744,2.4119138,5.5240230
-0.2148117,0.1843370,9.5772379,2.4668402,5.5951200
-0.0600811,0.1912842,9.5907461,2.5240111,5.6545520
0.0351075,0.1902606,9.6017856,2.5881496,5.7133260
0.0652555,0.1794608,9.6100691,2.6635145,5.7748980
0.0289942,0.1573517,9.6152855,2.7535279,5.8344210
-0.0707874,0.1229356,9.6178823,2.8604200,5.8927740
-0.2269419,0.0761117,9.6182505,2.9849293,5.9659300
-0.4286725,0.0177545,9.6170151,3.1262205,6.0264110
-0.6622186,-0.0502364,9.6148890,3.2818866,6.0849380
-0.9116656,-0.1248233,9.6125780,3.4480546,6.1502390
-1.1600054,-0.2018427,9.6106451,3.6196576,6.2080350
-1.3901558,-0.2762667,9.6094824,3.7908073,6.2655640
-1.5860280,-0.3424039,9.6093138,3.9551981,6.3387050
-1.7336477,-0.3942950,9.6101782,4.1066591,6.3960030
-1.8220500,-0.4267063,9.6117116,4.2397036,6.4566100
-1.8440590,-0.4345626,9.6136727,4.3500038,6.5149160
-1.7970173,-0.4145567,9.6155001,4.4349004,6.5730040
-1.6829408,-0.3650118,9.6166193,4.4937108,6.6306640
-1.5084985,-0.2862173,9.6165295,4.5279047,6.6997020
-1.2846481,-0.1807417,9.6147481,4.5411792,6.7578550
-1.0257041,-0.0534067,9.6110320,4.5393007,6.8220140
-0.7485222,0.0888942,9.6053967,4.5298423,6.8798990
-0.4714142,0.2375085,9.5981646,4.5217906,6.9373990
-0.2127845,0.3827492,9.5899032,4.5249551,6.9959450
0.0100432,0.5145836,9.5814241,4.5493668,7.0655730
0.1821304,0.6234926,9.5736844,4.6046260,7.1260150
0.2920111,0.7014507,9.5676293,4.6992489,7.1848730
0.3324678,0.7425658,9.5641399,4.8401685,7.2459460
0.3011654,0.7437205,9.5638991,5.0323119,7.3037620
0.2007836,0.7050488,9.5672705,5.2783094,7.3654820
0.0388941,0.6301119,9.5742077,5.5783849,7.4343380
-0.1726481,0.5258133,9.5841961,5.9304299,7.4977170
-0.4186787,0.4020328,9.5962477,6.3302169,7.5587970
-0.6817757,0.2709411,9.6089575,6.7717863,7.6162440
-0.9435581,0.1461583,9.6206475,7.2479489,7.6735980
-1.1859968,0.0416139,9.6294822,7.7508324,7.7458610
-1.3926860,-0.0297460,9.6336504,8.2724751,7.8079220
-1.5500592,-0.0569651,9.6315732,8.8053796,7.8656650
-1.6483817,-0.0320230,9.6220329,9.3430043,7.9240440
-1.6823826,0.0493258,9.6044113,9.8801394,7.9853940
-1.6515528,0.1871054,9.5788465,10.4131232,8.0432760
-1.5601119,0.3769958,9.5462619,10.9399533,8.1163780
-1.4165480,0.6105887,9.5084256,11.4602228,8.1782470
-1.2328589,0.8759823,9.4677721,11.9748820,8.2364640
-1.0236524,1.1587479,9.4271131,12.4859621,8.2957390
-0.8048883,1.4432094,9.3894733,12.9961454,8.3552280
-0.5925918,1.7129875,9.3578266,13.5083173,8.4141000
-0.4016120,1.9534591,9.3347821,14.0251041,8.4912920
-0.2443738,2.1521350,9.3224126,14.5484293,8.5498570
-0.1299590,2.2999845,9.3219689,15.0791691,8.6107950
-0.0634848,2.3923034,9.3336192,15.6168814,8.6721180
-0.0458088,2.4289358,9.3564413,16.1597780,8.7298770
-0.0734849,2.4142405,9.3884482,16.7047591,8.7907250
-0.1392026,2.3567769,9.4266304,17.2475929,8.8632730
-0.2325113,2.2686024,9.4671628,17.7832521,8.9208740
-0.3407442,2.1642168,9.5057357,18.3063063,8.9791860
-0.4502534,2.0594294,9.5375883,18.8113887,9.0376220
-0.5475724,1.9700832,9.5583973,19.2937238,9.0953850
-0.6205520,1.9102065,9.5638807,19.7496431,9.1546620
-0.6594052,1.8915968,9.5513363,20.1769642,9.2266520
-0.6574798,1.9222735,9.5188603,20.5753182,9.2856920
-0.6117786,2.0059745,9.4661406,20.9463112,9.3431980
-0.5231626,2.1419027,9.3944005,21.2934988,9.4012070
-0.3961498,2.3246521,9.3065139,21.6222476,9.4625150
-0.2384516,2.5446702,9.2068443,21.9393925,9.5201090
-0.0602416,2.7889790,9.1010214,22.2527866,9.5973100
0.1268708,3.0421634,8.9957092,22.5707553,9.6558050
0.3107967,3.2877822,8.8979275,22.9014052,9.7134000
0.4798370,3.5095412,8.8144960,23.2520501,9.7716230
0.6237005,3.6927453,8.7516104,23.6285909,9.8335880
0.7341961,3.8256411,8.7136291,24.0349804,9.9052670
0.8057846,3.9002467,8.7036004,24.4729658,9.9686430
0.8360908,3.9131452,8.7223095,24.9418879,10.0265840
0.8258083,3.8658460,8.7682615,25.4387181,10.0841140
0.7784162,3.7647296,8.8376821,25.9583059,10.1429100
0.6997201,3.6206077,8.9246843,26.4937876,10.2071260
0.5971696,3.4480323,9.0215453,27.0371258,10.2762920
0.4791026,3.2641589,9.1192326,27.5797946,10.3380470
0.3540558,3.0875084,9.2082460,28.1135159,10.3957670
0.2301378,2.9367014,9.2790746,28.6309452,10.4532830
0.1136360,2.8281620,9.3230172,29.1263539,10.5117080
0.0102479,2.7760068,9.3332536,29.5961389,10.5731880
-0.0768497,2.7900070,9.3050685,30.0391740,10.6416900
-0.1462314,2.8750074,9.2364747,30.4569556,10.6999580
-0.1982438,3.0306228,9.1284228,30.8534846,10.7621120
-0.2346950,3.2511376,8.9848915,31.2349937,10.8208760
-0.2583748,3.5258795,8.8127356,31.6094532,10.8854320
-0.2726260,3.8401050,8.6211484,31.9858939,10.9449760
-0.2809592,4.1760102,8.4210937,32.3737135,11.0138090
-0.2865942,4.5142166,8.2244646,32.7818495,11.0728850
-0.2921717,4.8353237,8.0431289,33.2179879,11.1315060
-0.2995517,5.1213832,7.8880681,33.6879434,11.1901980
-0.3096999,5.3574413,7.7684445,34.1951121,11.2551570
-0.3228130,5.5326283,7.6908357,34.7401601,11.3254570
-0.3386141,5.6409718,7.6586387,35.3209420,11.3866190
-0.3565823,5.6817764,7.6717665,35.9326429,11.4492120
-0.3761243,5.6595717,7.7266075,36.5681115,11.5071220
-0.3969295,5.5836510,7.8162379,37.2184097,11.5677630
-0.4192176,5.4671650,7.9309422,37.8735067,11.6263860
-0.4437933,5.3259342,8.0590051,38.5230155,11.6962650
-0.4721348,5.1771682,8.1874364,39.1569615,11.7537150
-0.5061989,5.0379591,8.3035391,39.7665067,11.8120420
-0.5480516,4.9236997,8.3955536,40.3445699,11.8709680
-0.5996533,4.8469383,8.4538191,40.8862327,11.9334240
-0.6625036,4.8164936,8.4714949,41.3889784,11.9921540
-0.7372856,4.8368322,8.4451671,41.8527145,12.0610720
-0.8236260,4.9078902,8.3750538,42.2795504,12.1219260
-0.9198272,5.0252485,8.2650365,42.6734407,12.1798650
-1.0228773,5.1807106,8.1223555,43.0397002,12.2428250
-1.1285442,5.3631712,7.9569424,43.3843792,12.3016730
-1.2315713,5.5597406,7.7806038,43.7136117,12.3590770
-1.3262361,5.7569797,7.6058962,44.0329928,12.4315290
-1.4068724,5.9419618,7.4448958,44.3470729,12.4890330
-1.4684712,6.1034186,7.3084677,44.6589409,12.5517680
-1.5073721,6.2325910,7.2048937,44.9700046,12.6165860
-1.5216811,6.3238034,7.1394401,45.2799761,12.6743690
-1.5115680,6.3749159,7.1138050,45.5869243,12.7455600
-1.4795106,6.3872678,7.1260023,45.8876061,12.8056820
-1.4302796,6.3653506,7.1706001,46.1779131,12.8631720
-1.3706895,6.3161756,7.2391867,46.4533837,12.9251350
-1.3091773,6.2486025,7.3211708,46.7097722,12.9836700
-1.2551596,6.1723899,7.4047069,46.9435866,13.0409730
-1.2182769,6.0972138,7.4775197,47.1525503,13.1132310
-1.2075524,6.0319563,7.5285948,47.3359397,13.1724530
-1.2305799,5.9837968,7.5484078,47.4948328,13.2328280
-1.2928020,5.9577413,7.5308492,47.6321396,13.2914200
-1.3969040,5.9563631,7.4728224,47.7524872,13.3541930
-1.5424864,5.9796178,7.3749304,47.8619181,13.4120050
-1.7260226,6.0251318,7.2413120,47.9674321,13.4845770
-1.9409739,6.0885084,7.0793766,48.0764938,13.5428010
-2.1781742,6.1638875,6.8991791,48.1964307,13.6070440
-2.4265283,6.2446447,6.7124658,48.3338687,13.6681990
-2.6738388,6.3238978,6.5318812,48.4943030,13.7269940
-2.9077743,6.3952822,6.3697788,48.6816127,13.7877310
-3.1165075,6.4535187,6.2370915,48.8977436,13.8572300
-3.2903839,6.4947954,6.1425295,49.1426064,13.9179610
-3.4219359,6.5171963,6.0917064,49.4140135,13.9765310
-3.5068928,6.5207140,6.0867099,49.7078867,14.0351680
-3.5445577,6.5070510,6.1259587,50.0186198,14.0932880
-3.5378283,6.4793561,6.2042766,50.3395025,14.1666210
-3.4929516,6.4419242,6.3133447,50.6632231,14.2250130
-3.4191271,6.3996464,6.4423285,50.9824408,14.2881370
-3.3277994,6.3574022,6.5786699,51.2903383,14.3472760
-3.2318084,6.3196272,6.7091336,51.5811086,14.4050100
-3.1444343,6.2898756,6.8210321,51.8503815,14.4640670
-3.0780252,6.2704966,6.9029384,52.0955079,14.5332260
-3.0440623,6.2623725,6.9461190,52.3157103,14.5947560
-3.0505754,6.2648897,6.9449115,52.5120272,14.6537230
-3.1028434,6.2761295,6.8972502,52.6871464,14.7111820
-3.2024847,6.2931161,6.8048146,52.8450813,14.7693800
-3.3474157,6.3122286,6.6726448,52.9906930,14.8304500
-3.5319103,6.3296208,6.5089588,53.1292396,14.8990860
-3.7470114,6.3416379,6.3245554,53.2658784,14.9644800
-3.9812474,6.3452765,6.1318656,53.4051417,15.0223330
-4.2214770,6.3385112,5.9440751,53.5505255,15.0797740
-4.4540080,6.3205410,5.7738677,53.7041339,15.1415280
-4.6657456,6.2918966,5.6323186,53.8664337,15.1989970
-4.8452196,6.2543556,5.5280453,54.0362219,15.2745470
-4.9835061,6.2107262,5.4664949,54.2107368,15.3338960
-5.0749313,6.1644466,5.4496396,54.3859260,15.3915850
-5.1175409,6.1191832,5.4758548,54.5568128,15.4522120
-5.1132755,6.0783469,5.5401180,54.7179616,15.5106100
-5.0678294,6.0445934,5.6345170,54.8639833,15.5812470
-4.9901385,6.0194695,5.7489599,54.9900412,15.6463600
-4.8916946,6.0031820,5.8720717,55.0923165,15.7041230
-4.7855943,5.9944103,5.9922813,55.1683856,15.7618020
-4.6855052,5.9902814,6.0984428,55.2174772,15.8202390
-4.6045785,5.9866851,6.1812752,55.2405399,15.8823930
-4.5543055,5.9784976,6.2337554,55.2402234,15.9543070
-4.5436366,5.9601043,6.2517663,55.2206644,16.0167470
-4.5782149,5.9263970,6.2343963,55.1871399,16.0755870
-4.6600013,5.8725218,6.1838934,55.1456584,16.1343000
-4.7872222,5.7952255,6.1053174,55.1024569,16.1930940
-4.9545034,5.6929429,6.0060388,55.0635011,16.2525380
-5.1534323,5.5661352,5.8949267,55.0340033,16.3248300
-5.3732032,5.4175111,5.7816015,55.0180330,16.3831820
-5.6014071,5.2518967,5.6756721,55.0182409,16.4426770
-5.8250955,5.0759896,5.5859375,55.0356967,16.5012230
-6.0317366,4.8979629,5.5195485,55.0699016,16.5631110
-6.2102578,4.7267310,5.4817326,55.1189048,16.6208870
-6.3519690,4.5712325,5.4750361,55.1795364,16.6955540
-6.4511430,4.4396469,5.4993626,55.2477706,16.7569260
-6.5054128,4.3385305,5.5520079,55.3191314,16.8143820
-6.5158191,4.2722587,5.6280733,55.3891699,16.8717870
-6.4866393,4.2426716,5.7209535,55.4538792,16.9302960
-6.4249874,4.2487362,5.8228660,55.5100732,17.0017800
-6.3401764,4.2865766,5.9255734,55.5556833,17.0618500
-6.2429680,4.3496840,6.0210468,55.5899123,17.1202330
-6.1447400,4.4292173,6.1016834,55.6133160,17.1779450
-6.0566193,4.5147133,6.1611419,55.6277381,17.2356620
-5.9886907,4.5948357,6.1947481,55.6361235,17.2942080
-5.9492779,4.6583157,6.1996825,55.6422569,17.3649870
-5.9443872,4.6949059,6.1750138,55.6504543,17.4238400
-5.9773406,4.6961963,6.1217407,55.6651855,17.4822650
-6.0486216,4.6564412,6.0426768,55.6906937,17.5397580
-6.1559910,4.5728784,5.9421568,55.7306464,17.6014680
-6.2946575,4.4460523,5.8258518,55.7878201,17.6592420
-6.4577249,4.2797888,5.7003078,55.8638645,17.7328690
-6.6368517,4.0808197,5.5724905,55.9591783,17.7938110
-6.8229373,3.8584082,5.4494495,56.0728395,17.8513760
-7.0063095,3.6236490,5.3377531,56.2025964,17.9088700
-7.1782080,3.3886001,5.2431949,56.3450094,17.9671350
-7.3306299,3.1654315,5.1705920,56.4956568,18.0393470
-7.4571485,2.9653422,5.1233965,56.6493905,18.0977490
-7.5533658,2.7976887,5.1035342,56.8006462,18.1597000
-7.6171174,2.6692574,5.1112848,56.9437546,18.2176200
-7.6485453,2.5837321,5.1452527,57.0732404,18.2751850
-7.6499427,2.5414722,5.2025364,57.1841351,18.3369180
-7.6255385,2.5394168,5.2788166,57.2722559,18.4085980
-7.5810964,2.5713614,5.3686895,57.3344146,18.4710600
-7.5234548,2.6284515,5.4659284,57.3685473,18.5325940
-7.4600461,2.6998306,5.5638368,57.3738001,18.5910870
-7.3982062,2.7735011,5.6559532,57.3505926,18.6514040
-7.3447352,2.8371625,5.7362753,57.3005378,18.7107890
-7.3054822,2.8790237,5.7996124,57.2263312,18.7837920
-7.2848940,2.8886973,5.8420229,57.1316043,18.8421200
-7.2858783,2.8578882,5.8607525,57.0206418,18.9016730
-7.3095910,2.7809981,5.8545980,56.8981933,18.9603740
-7.3553603,2.6556104,5.8240990,56.7692750,19.0222910
-7.4209046,2.4825145,5.7713588,56.6388530,19.0808770
-7.5024497,2.2655853,5.7001702,56.5116294,19.1532400
-7.5950885,2.0115843,5.6156842,56.3918026,19.2118340
-7.6932306,1.7297122,5.5240081,56.2828378,19.2705000
-7.7909295,1.4310313,5.4319700,56.1873620,19.3282080
-7.8823292,1.1278422,5.3465578,56.1070380,19.3875240
-7.9620616,0.8329051,5.2745289,56.0425101,19.4631700
-8.0255327,0.5586613,5.2220730,55.9934195,19.5216570
-8.0692664,0.3164768,5.1942504,55.9584394,19.5806000
-8.0911976,0.1158900,5.1945854,55.9353839,19.6384910
-8.0907629,-0.0359825,5.2247656,55.9213705,19.6975800
-8.0689246,-0.1348415,5.2843795,55.9129973,19.7555290
-8.0280648,-0.1795527,5.3709236,55.9066046,19.8274210
-7.9717826,-0.1723876,5.4799383,55.8985893,19.8883420
-7.9046170,-0.1188800,5.6052185,55.8856629,19.9456980
-7.8317336,-0.0276676,5.7391531,55.8651230,20.0057030
-7.7585558,0.0899094,5.8732082,55.8350814,20.0641950
-7.6902758,0.2211182,5.9985401,55.7946332,20.1253240
-7.6315401,0.3517360,6.1065555,55.7439796,20.1976170
-7.5861369,0.4675068,6.1895342,55.6844701,20.2550850
-7.5566973,0.5549388,6.2411823,55.6185670,20.3127250
-7.5446530,0.6019255,6.2570580,55.5496969,20.3769690
-7.5500912,0.5985469,6.2350522,55.4820562,20.4347380
-7.5717344,0.5392771,6.1749114,55.4203544,20.4954160
-7.6071709,0.4201769,6.0797161,55.3694743,20.5705770
-7.6529521,0.2425361,5.9543903,55.3341496,20.6285330
-7.7049401,0.0111899,5.8060540,55.3186199,20.6861690
-7.7587055,-0.2655166,5.6433773,55.3263312,20.7446350
-7.8097738,-0.5762032,5.4761143,55.3596821,20.8063910
-7.8540311,-0.9072378,5.3142643,55.4197987,20.8762510
-7.8879979,-1.2436715,5.1674911,55.5064484,20.9384650
-7.9090299,-1.5702499,5.0445854,55.6180202,20.9961690
-7.9155269,-1.8724962,4.9527341,55.7516206,21.0536110
-7.9070039,-2.1377616,4.8970652,55.9032747,21.1123340
-7.8840862,-2.3561079,4.8803122,56.0681630,21.1784770
-7.8484089,-2.5208857,4.9026168,56.2409242,21.2469450
-7.8024078,-2.6292875,4.9616136,56.4159946,21.3099310
-7.7490797,-2.6826404,5.0526424,56.5879622,21.3685090
-7.6916666,-2.6861613,5.1691154,56.7519015,21.4263110
-7.6333583,-2.6486104,5.3029715,56.9036644,21.4881770
-7.5769875,-2.5816044,5.4452615,57.0401136,21.5491280
-7.5247192,-2.4985121,5.5868354,57.1592867,21.6216510
-7.4778809,-2.4136566,5.7188752,57.2604559,21.6827320
-7.4368066,-2.3412515,5.8334210,57.3440896,21.7406340
-7.4008660,-2.2943399,5.9238929,57.4117710,21.8006520
-7.3686363,-2.2841004,5.9853274,57.4660182,21.8630690
-7.3380210,-2.3189669,6.0147028,57.5100634,21.9327410
-7.3065222,-2.4039930,6.0111171,57.5476255,21.9949680
-7.2715428,-2.5406924,5.9756580,57.5825803,22.0526860
-7.2305765,-2.7268431,5.9114187,57.6186784,22.1100580
-7.1816021,-2.9567234,5.8231963,57.6592881,22.1687830
-7.1234016,-3.2215692,5.7171040,57.7071602,22.2309610
-7.0556788,-3.5101486,5.6002741,57.7642826,22.3012310
-6.9792995,-3.8095477,5.4803300,57.8317459,22.3597470
-6.8962155,-4.1060498,5.3649454,57.9096937,22.4171310
-6.8092615,-4.3860998,5.2613987,57.9973375,22.4745980
-6.7220696,-4.6371438,5.1760987,58.0930016,22.5388170
-6.6386639,-4.8485239,5.1141686,58.1942423,22.5966920
-6.5631762,-5.0121625,5.0791252,58.2979916,22.6694380
-6.4995820,-5.1229445,5.0727423,58.4007351,22.7272210
-6.4511287,-5.1792375,5.0948506,58.4987406,22.7871260
-6.4200882,-5.1829659,5.1432835,58.5882691,22.8481440
-6.4074135,-5.1394068,5.2140436,58.6658148,22.9087490
-6.4124477,-5.0575402,5.3014196,58.7283032,22.9661240
-6.4330315,-4.9482036,5.3984664,58.7732792,23.0373500
-6.4654612,-4.8242840,5.4975967,58.7991380,23.0946630
-6.5047327,-4.6994056,5.5910045,58.8052074,23.1548140
-6.5449140,-4.5871361,5.6712602,58.7918120,23.2161320
-6.5794392,-4.5001288,5.7317428,58.7602921,23.2768940
-6.6016693,-4.4492902,5.7669343,58.7128952,23.3374550
-6.6053149,-4.4430286,5.7728123,58.6526894,23.4073170
-6.5848196,-4.4871014,5.7474451,58.5834139,23.4650540
-6.5359261,-4.5834711,5.6902354,58.5092516,23.5232590
-6.4559953,-4.7310658,5.6031692,58.4345857,23.5847640
-6.3442946,-4.9254772,5.4900061,58.3637358,23.6422080
-6.2022064,-5.1594120,5.3560382,58.3007088,23.7145290
-6.0331402,-5.4231775,5.2078351,58.2489422,23.7734300
-5.8423967,-5.7053573,5.0527312,58.2110808,23.8321080
-5.6368938,-5.9935761,4.8983864,58.1888227,23.8937950
-5.4248074,-6.2752475,4.7523885,58.1828036,23.9558590
-5.2150536,-6.5384266,4.6217093,58.1925732,24.0142650
-5.0166231,-6.7726311,4.5123039,58.2166545,24.0878720
-4.8380820,-6.9694259,4.4287814,58.2526234,24.1466990
-4.6871715,-7.1228696,4.3741446,58.2972556,24.2043720
-4.5700552,-7.2298143,4.3497168,58.3467537,24.2669580
-4.4906780,-7.2900157,4.3551452,58.3969740,24.3255060
-4.4505792,-7.3059505,4.3884419,58.4437008,24.3834750
-4.4488616,-7.2827624,4.4461752,58.4829197,24.4572120
-4.4818130,-7.2282873,4.5240213,58.5110517,24.5146070
-4.5431700,-7.1502046,4.6160986,58.5251938,24.5724590
-4.6243475,-7.0589651,4.7169442,58.5232834,24.6339640
-4.7149250,-6.9643446,4.8206322,58.5042061,24.6953530
-4.8032936,-6.8757505,4.9215195,58.4678385,24.7527690
-4.8774834,-6.8015996,5.0145303,58.4150083,24.8224630
-4.9260162,-6.7488202,5.0954168,58.3474019,24.8798560
-4.9389149,-6.7224389,5.1608089,58.2674187,24.9411180
-4.9084167,-6.7252898,5.2085069,58.1779391,24.9998670
-4.8295169,-6.7579264,5.2376761,58.0820637,25.0605190
-4.7006863,-6.8186567,5.2487923,57.9828391,25.1295060
-4.5242942,-6.9037026,5.2436408,57.8829598,25.1901660
-4.3064607,-7.0075992,5.2250595,57.7845638,25.2512300
-4.0567925,-7.1237185,5.1966763,57.6890442,25.3120790
-3.7877555,-7.2443781,5.1626515,57.5969104,25.3694090
-3.5136835,-7.3619908,5.1273083,57.5077436,25.4278710
-3.2498188,-7.4692917,5.0949004,57.4202021,25.5278710
-3.0111163,-7.5599156,5.0692741,57.3321111,25.5909750
-2.8109980,-7.6288720,5.0535684,57.2406388,25.6523540
-2.6602715,-7.6728646,5.0500519,57.1425429,25.7100360
-2.5661438,-7.6905214,5.0598978,57.0344237,25.7722220
-2.5315234,-7.6825547,5.0830314,56.9129724,25.8298920
-2.5547391,-7.6516146,5.1182118,56.7752575,25.9021170
-2.6296217,-7.6020689,5.1630945,56.6189469,25.9662450
-2.7460351,-7.5396574,5.2144455,56.4424731,26.0242150
-2.8907310,-7.4708515,5.2687310,56.2451907,26.0843240
-3.0484905,-7.4023591,5.3220474,56.0273770,26.1426840
-3.2034259,-7.3406044,5.3708126,55.7901708,26.1999770
-3.3403338,-7.2911638,5.4119456,55.5354437,26.2763890
-3.4460360,-7.2583185,5.4430948,55.2655923,26.3344080
-3.5104655,-7.2447458,5.4628731,54.9833058,26.3942960
-3.5275725,-7.2513255,5.4709749,54.6912853,26.4555250
-3.4956601,-7.2771197,5.4681916,54.3920414,26.5142430
-3.4172414,-7.3196142,5.4563249,54.0877072,26.5726030
-3.2987345,-7.3749574,5.4380247,53.7798767,26.6517510
-3.1496140,-7.4384030,5.4165358,53.4695470,26.7104490
-2.9813652,-7.5047670,5.3953999,53.1571113,26.7715980
-2.8065134,-7.5687131,5.3782647,52.8424051,26.8328820
-2.6371684,-7.6253068,5.3685572,52.5248792,26.8910210
-2.4837199,-7.6702923,5.3692675,52.2038234,26.9673870
-2.3539647,-7.7001844,5.3827892,51.8785611,27.0274340
-2.2522175,-7.7133649,5.4106376,51.5486681,27.0858340
-2.1790441,-7.7088316,5.4534771,51.2141561,27.1477600
-2.1313722,-7.6870348,5.5111519,50.8755946,27.2057900
-2.1028964,-7.6494214,5.5826886,50.5341562,27.2633090
-2.0849559,-7.5981755,5.6665091,50.1915705,27.3365520
-2.0675618,-7.5359996,5.7605172,49.8499989,27.3938650
-2.0406835,-7.4659082,5.8621679,49.5118229,27.4533650
-1.9954495,-7.3907542,5.9685235,49.1793866,27.5108180
-1.9250756,-7.3136388,6.0769398,48.8547485,27.5685770
-1.8258806,-7.2368403,6.1841211,48.5393788,27.6271390
-1.6979305,-7.1625291,6.2872536,48.2338732,27.6984330
-1.5450692,-7.0924400,6.3837193,47.9378462,27.7605410
-1.3748081,-7.0279542,6.4710087,47.6498627,27.8183200
-1.1975852,-6.9701053,6.5468961,47.3674868,27.8759490
-1.0255811,-6.9197792,6.6095848,47.0874971,27.9375480
-0.8716863,-6.8774802,6.6576876,46.8060740,27.9954910
-0.7482317,-6.8437124,6.6903833,46.5191108,28.0664190
-0.6656894,-6.8188107,6.7074496,46.2225989,28.1247810
-0.6315030,-6.8030031,6.7092894,45.9129989,28.1832850
-0.6491553,-6.7963110,6.6970034,45.5876129,28.2407670
-0.7179729,-6.7984959,6.6722965,45.2448373,28.3024650
-0.8330096,-6.8090131,6.6374337,44.8843404,28.3745710
-0.9850993,-6.8269414,6.5953425,44.5071159,28.4355060
-1.1617897,-6.8510011,6.5490803,44.1153853,28.4965780
-1.3487087,-6.8796843,6.5019242,43.7124060,28.5542470
-1.5305886,-6.9113080,6.4569961,43.3021585,28.6117010
-1.6929353,-6.9441335,6.4170049,42.8889613,28.6699020
-1.8232315,-6.9765229,6.3840857,42.4770648,28.7430940
-1.9120461,-7.0070511,6.3597017,42.0702658,28.8004520
-1.9539259,-7.0346694,6.3444739,41.6715638,28.8592530
-1.9478147,-7.0587703,6.3382661,41.2828893,28.9177530
-1.8970295,-7.0792153,6.3402201,40.9049730,28.9763920
-1.8090462,-7.0963776,6.3486053,40.5373518,29.0386470
-1.6946401,-7.1110131,6.3613529,40.1784596,29.1111280
-1.5665216,-7.1241206,6.3761053,39.8258525,29.1724490
-1.4381478,-7.1367611,6.3905803,39.4765285,29.2334710
-1.3225497,-7.1497325,6.4029890,39.1272387,29.2926590
-1.2309230,-7.1633174,6.4122112,38.7748907,29.3527510
-1.1715275,-7.1773888,6.4179675,38.4169273,29.4145890
-1.1489078,-7.1907912,6.4209685,38.0516007,29.4840800
-1.1633349,-7.2017652,6.4228023,37.6782026,29.5424780
-1.2108838,-7.2078144,6.4258877,37.2971653,29.6010650
-1.2838884,-7.2058156,6.4333009,36.9100395,29.6590280
-1.3717183,-7.1922511,6.4484607,36.5193799,29.7246890
-1.4619043,-7.1635040,6.4748489,36.1285399,29.7940250
-1.5413729,-7.1161876,6.5156341,35.7413715,29.8549970
-1.5977648,-7.0475130,6.5733135,35.3618765,29.9137580
-1.6206534,-6.9555836,6.6494655,34.9938581,29.9714120
-1.6025096,-6.8396022,6.7445339,34.6406012,30.0304570
-1.5394476,-6.7000518,6.8576862,34.3045875,30.0915100
-1.4315829,-6.5387530,6.9870748,33.9872858,30.1607670
-1.2829917,-6.3588108,7.1295872,33.6890416,30.2194640
-1.1013383,-6.1644503,7.2813556,33.4090647,30.2772380
-0.8971422,-5.9607534,7.4379472,33.1455023,30.3387060
-0.6827573,-5.7533121,7.5947089,32.8956215,30.3996790
-0.4712724,-5.5478415,7.7471182,32.6560358,30.4573640
-0.2754832,-5.3498301,7.8910779,32.4229222,30.5290870
-0.1067964,-5.1641598,8.0232065,32.1923281,30.5866980
0.0256724,-4.9947807,8.1410375,31.9604557,30.6440140
0.1157090,-4.8445011,8.2431218,31.7238936,30.7074750
0.1603678,-4.7148560,8.3290876,31.4798250,30.7683520
0.1600189,-4.6060758,8.3995522,31.2261554,30.8396410
0.1180380,-4.5171718,8.4559719,30.9615572,30.9016860
0.0403355,-4.4461002,8.5004462,30.6854768,30.9594130
-0.0651539,-4.3899588,8.5354604,30.3981056,31.0167640
-0.1892926,-4.3452882,8.5636544,30.1002631,31.0750890
-0.3225495,-4.3083976,8.5875725,29.7932503,31.1368650
-0.4557349,-4.2756392,8.6094722,29.4786913,31.2054810
-0.5806677,-4.2436806,8.6312249,29.1583736,31.2638940
-0.6906627,-4.2097208,8.6542001,28.8340933,31.3251160
-0.7808447,-4.1716233,8.6792520,28.5075181,31.3828290
-0.8482449,-4.1279983,8.7067437,28.1800932,31.4476010
-0.8918148,-4.0782789,8.7365522,27.8529644,31.5064190
-0.9122340,-4.0225682,8.7682042,27.5269396,31.5762320
-0.9115139,-3.9615587,8.8010137,27.2025219,31.6347720
-0.8926579,-3.8963708,8.8341809,26.8799223,31.6946550
-0.8594023,-3.8284357,8.8669363,26.5590486,31.7532840
-0.8157195,-3.7593015,8.8986228,26.2396022,31.8148170
-0.7654780,-3.6905155,8.9286623,25.9211240,31.8759560
-0.7121955,-3.6233878,8.9566331,25.6030783,31.9471180
-0.6586201,-3.5590457,8.9823674,25.2850029,32.0087940
-0.6067118,-3.4980085,9.0058915,24.9665301,32.0671700
-0.5576622,-3.4405033,9.0273937,24.6474310,32.1288720
-0.5119305,-3.3863775,9.0471701,24.3276405,32.1910170
-0.4694393,-3.3352302,9.0655433,24.0072253,32.2600580
-0.4297381,-3.2864390,9.0828543,23.6863979,32.3175840
-0.3922680,-3.2391993,9.0994108,23.3655054,32.3764820
-0.3565041,-3.1926749,9.1154144,23.0449778,32.4379700
-0.3220681,-3.1460585,9.1312121,22.7252984,32.4955840
-0.2888810,-3.0986650,9.1469176,22.4069480,32.5554560
-0.2571555,-3.0500600,9.1627108,22.0903410,32.6245850
-0.2274286,-3.0000270,9.1787517,21.7758065,32.6837800
-0.2005601,-2.9485838,9.1951386,21.4635671,32.7423380
-0.1775459,-2.8960036,9.2119270,21.1537214,32.8033040
-0.1593072,-2.8427725,9.2291371,20.8462507,32.8644090
-0.1464837,-2.7896014,9.2467312,20.5410348,32.9328900
-0.1392686,-2.7374328,9.2646095,20.2378677,32.9914560
-0.1372452,-2.6873704,9.2826339,19.9365070,33.0497770
-0.1393188,-2.6406005,9.3004595,19.6367429,33.1114350
-0.1436838,-2.5983368,9.3177586,19.3384399,33.1690840
-0.1478336,-2.5617329,9.3340782,19.0415811,33.2308820
-0.1487167,-2.5317963,9.3488991,18.7463250,33.3000140
-0.1429349,-2.5093343,9.3616475,18.4530294,33.3599420
-0.1270377,-2.4948473,9.3717670,18.1622912,33.4211550
-0.0978121,-2.4884155,9.3787284,17.8749865,33.4820950
-0.0525803,-2.4896776,9.3820998,17.5922454,33.5395730
0.0105101,-2.4978319,9.3816150,17.3154142,33.5981470
0.0922927,-2.5116195,9.3771896,17.0460204,33.6676260
0.1924265,-2.5293798,9.3689747,16.7856964,33.7249980
0.3093491,-2.5491151,9.3573596,16.5361172,33.7863940
0.4403451,-2.5685478,9.3429570,16.2989494,33.8449470
0.5816627,-2.5852850,9.3266017,16.0757400,33.9026830
0.7287582,-2.5969962,9.3092875,15.8678332,33.9644840
0.8765788,-2.6015300,9.2921268,15.6763089,34.0339540
1.0198550,-2.5970398,9.2763091,15.5019201,34.0946410
1.1535302,-2.5821334,9.2629837,15.3450684,34.1588290
1.2731062,-2.5559613,9.2531863,15.2057940,34.2168290
1.3749609,-2.5183078,9.2477484,15.0837726,34.2745990
1.4566468,-2.4696588,9.2471975,14.9783331,34.3470130
1.5169940,-2.4111872,9.2517307,14.8885042,34.4075560
1.5561763,-2.3447397,9.2611644,14.8130714,34.4660350
1.5756854,-2.2727628,9.2749315,14.7506481,34.5285950
1.5781854,-2.1981977,9.2921161,14.6997563,34.5880520
1.5673358,-2.1243649,9.3114680,14.6589132,34.6457530
1.5475067,-2.0547399,9.3315049,14.6267283,34.7189810
1.5234730,-1.9928212,9.3505805,14.6019871,34.7770190
1.5001099,-1.9420330,9.3669390,14.5837288,34.8380370
1.4820098,-1.9053946,9.3789071,14.5713275,34.8963330
1.4731831,-1.8853423,9.3850061,14.5645363,34.9548680
1.4767813,-1.8835170,9.3840812,14.5635363,35.0127140
1.4948412,-1.9004663,9.3754670,14.5689735,35.0855120
1.5282125,-1.9356480,9.3590094,14.5819218,35.1464080
1.5765184,-1.9874041,9.3350974,14.6038533,35.2065350
1.6381828,-2.0528960,9.3047035,14.6365706,35.2652740
1.7105914,-2.1281670,9.2693644,14.6821004,35.3232530
1.7902308,-2.2082870,9.2311116,14.7426055,35.3935860
1.8729077,-2.2875497,9.1923786,14.8202595,35.4520470
1.9540675,-2.3598128,9.1558452,14.9171094,35.5128600
2.0289290,-2.4189322,9.1242307,15.0349372,35.5712600
2.0931795,-2.4591802,9.1001081,15.1751424,35.6287190
2.1429390,-2.4757172,9.0857082,15.3386464,35.6869500
2.1752074,-2.4650552,9.0826945,15.5258188,35.7592130
2.1880369,-2.4254268,9.0919845,15.7364559,35.8208250
2.1806835,-2.3571148,9.1136265,15.9697797,35.8823870
2.1537199,-2.2626125,9.1466929,16.2244675,35.9413210
2.1090144,-2.1466401,9.1893018,16.4987511,35.9987820
2.0496206,-2.0160454,9.2387134,16.7905379,36.0586130
1.9796083,-1.8792909,9.2914777,17.0975464,36.1294260
1.9038213,-1.7458940,9.3436962,17.4174628,36.1900640
1.8275562,-1.6257073,9.3913039,17.7480864,36.2518990
1.7562411,-1.5280494,9.4303786,18.0874533,36.3095060
1.6951231,-1.4610179,9.4574804,18.4339214,36.3673720
1.6488433,-1.4306815,9.4699553,18.7862502,36.4254580
1.6212209,-1.4404609,9.4661776,19.1435960,36.4951650
1.6150999,-1.4906962,9.4457148,19.5054608,36.5557080
1.6321327,-1.5784180,9.4093941,19.8716576,36.6140320
1.6727974,-1.6975264,9.3592449,20.2421924,36.6726090
1.7364135,-1.8391265,9.2983622,20.6171645,36.7302940
1.8212142,-1.9921474,9.2306903,20.9966850,36.7921440
1.9245503,-2.1442464,9.1606729,21.3807545,36.8623290
2.0431023,-2.2827971,9.0928932,21.7691917,36.9236170
2.1730847,-2.3960087,9.0316879,22.1616128,36.9849540
2.3104375,-2.4738849,8.9807446,22.5574401,37.0436310
2.4510667,-2.5090790,8.9428395,22.9559485,37.1012870
2.5909918,-2.4983557,8.9196110,23.3563695,37.1598320
2.7264968,-2.4412978,8.9114333,23.7579774,37.2331630
2.8542555,-2.3420335,8.9174542,24.1601740,37.2911470
2.9713857,-2.2081562,8.9356208,24.5626124,37.3497600
3.0755584,-2.0502639,8.9628619,24.9652625,37.4081120
3.1650494,-1.8811383,8.9953497,25.3684431,37.4676820
3.2387938,-1.7147705,9.0287423,25.7728270,37.5292760
3.2964425,-1.5651226,9.0586333,26.1794030,37.6012050
3.3384027,-1.4450337,9.0809128,26.5893704,37.6615250
3.3658512,-1.3651415,9.0920769,27.0040650,37.7234450
3.3806851,-1.3329491,9.0895611,27.4248751,37.7814720
3.3855334,-1.3523306,9.0718356,27.8530735,37.8389200
3.3836393,-1.4232199,9.0384645,28.2897505,37.8976950
3.3787473,-1.5416326,8.9901399,28.7357077,37.9696190
3.3750622,-1.7000892,8.9285710,29.1913570,38.0273230
3.3768579,-1.8882728,8.8563384,29.6567295,38.0852460
3.3881511,-2.0936102,8.7767391,30.1314587,38.1428870
3.4124366,-2.3028955,8.6934733,30.6147985,38.2043720
3.4522760,-2.5028485,8.6103162,31.1056805,38.2653130
3.5091742,-2.6814337,8.5308827,31.6027494,38.3356130
3.5834609,-2.8287970,8.4583090,32.1044143,38.3968670
3.6741125,-2.9380193,8.3950564,32.6089234,38.4543070
3.7787461,-3.0056191,8.3427971,33.1144354,38.5143730
3.8936550,-3.0317718,8.3022512,33.6190956,38.5752680
4.0139762,-3.0202140,8.2731723,34.1211107,38.6359540
4.1339934,-2.9778831,8.2543975,34.6188220,38.7081120
4.2474696,-2.9142197,8.2439892,35.1107813,38.7668110
4.3481549,-2.8403670,8.2393926,35.5958153,38.8243590
4.4303084,-2.7683675,8.2376012,36.0730934,38.8828380
4.4891602,-2.7101074,8.2353821,36.5421773,38.9412410
4.5214127,-2.6764111,8.2294142,37.0030280,39.0020220
4.5255105,-2.6762229,8.2165825,37.4560686,39.0749980
4.5017686,-2.7158051,8.1942149,37.9022224,39.1325420
4.4524819,-2.7983970,8.1602120,38.3428840,39.1900900
4.3818232,-2.9240845,8.1132110,38.7799013,39.2482920
4.2955620,-3.0898807,8.0525658,39.2154832,39.3101270
4.2007010,-3.2901333,7.9783769,39.6520654,39.3679760
4.1048998,-3.5168159,7.8914788,40.0922027,39.4411740
4.0158594,-3.7606839,7.7933533,40.5384334,39.4994190
3.9407593,-4.0113751,7.6860967,40.9931094,39.5592100
3.8853667,-4.2588393,7.5722996,41.4582236,39.6205090
3.8539168,-4.4937918,7.4549012,41.9352478,39.6821270
3.8484163,-4.7084393,7.3370507,42.4249806,39.7409580
3.8685051,-4.8969443,7.2219399,42.9274297,39.8132250
3.9114774,-5.0557369,7.1125861,43.4417345,39.8731570
3.9724070,-5.1836356,7.0117132,43.9661281,39.9319620
4.0444151,-5.2816593,6.9216709,44.4979549,39.9967790
4.1193269,-5.3528333,6.8442328,45.0337201,40.0548660
4.1883046,-5.4019396,6.7805421,45.5692141,40.1134420
4.2426062,-5.4349400,6.7310292,46.0996622,40.1859200
4.2744723,-5.4584923,6.6953035,46.6198861,40.2446230
4.2776797,-5.4793589,6.6722586,47.1245512,40.3019670
4.2480760,-5.5037220,6.6601380,47.6084172,40.3639040
4.1840347,-5.5368400,6.6565891,48.0665538,40.4223240
4.0865935,-5.5827712,6.6587774,48.4945795,40.4803110
3.9594830,-5.6441438,6.6635473,48.8888549,40.5512210
3.8089638,-5.7220927,6.6675583,49.2465939,40.6094500
3.6433014,-5.8162944,6.6675345,49.5660218,40.6715420
3.4721065,-5.9251846,6.6605550,49.8464823,40.7306110
3.3055329,-6.0461250,6.6441748,50.0884259,40.7885840
3.1533672,-6.1754623,6.6166916,50.2934157,40.8461160
3.0242101,-6.3090365,6.5772761,50.4640375,40.9158640
2.9247684,-6.4426512,6.5260063,50.6037405,40.9734970
2.8592049,-6.5722068,6.4640243,50.7166903,41.0349900
2.8287324,-6.6938447,6.3934342,50.8075700,41.0934380
2.8314425,-6.8039101,6.3172107,50.8813309,41.1507980
2.8623056,-6.9002534,6.2390467,50.9429495,41.2125640
2.9136756,-6.9805639,6.1629883,50.9971803,41.2815310
2.9759145,-7.0438329,6.0931588,51.0482913,41.3446120
3.0381698,-7.0899121,6.0333916,51.0998829,41.4055620
3.0893587,-7.1194762,5.9869154,51.1547582,41.4636880
3.1189948,-7.1339799,5.9560623,51.2148346,41.5233730
3.1180612,-7.1356802,5.9419729,51.2811379,41.5822980
3.0797954,-7.1274818,5.9444746,51.3538611,41.6507990
3.0002838,-7.1128579,5.9619577,51.4324435,41.7124510
2.8788233,-7.0956342,5.9915527,51.5157827,41.7708050
2.7179457,-7.0796860,6.0293956,51.6025037,41.8287180
2.5232577,-7.0687744,6.0708965,51.6911685,41.8909390
2.3029248,-7.0662555,6.1111841,51.7805348,41.9486770
2.0670246,-7.0750196,6.1454104,51.8697122,42.0188310
1.8267989,-7.0971428,6.1691645,51.9582535,42.0832560
1.5936314,-7.1338891,6.1788609,52.0462511,42.1410080
1.3787475,-7.1851799,6.1720277,52.1343243,42.2012980
1.1910715,-7.2501455,6.1476113,52.2235508,42.2623760
1.0376727,-7.3267295,6.1060016,52.3153335,42.3199650
0.9226488,-7.4119330,6.0490526,52.4111864,42.3952380
0.8468712,-7.5019538,5.9799866,52.5124969,42.4557840
0.8080802,-7.5924858,5.9030240,52.6202728,42.5136400
0.8011579,-7.6790419,5.8230938,52.7349093,42.5736920
0.8185793,-7.7572639,5.7453849,52.8560019,42.6329130
0.8512029,-7.8232580,5.6748270,52.9822100,42.6907330
0.8889320,-7.8739341,5.6157308,53.1112169,42.7659170
0.9215274,-7.9071695,5.5714649,53.2397808,42.8233480
0.9394850,-7.9220901,5.5441225,53.3638373,42.8834180
0.9346956,-7.9193272,5.5343565,53.4786972,42.9445560
0.9011624,-7.9008090,5.5413781,53.5793280,43.0019680
0.8355248,-7.8697324,5.5629037,53.6605872,43.0593220
0.7371947,-7.8302618,5.5954506,53.7175841,43.1340270
0.6082704,-7.7869699,5.6347132,53.7460467,43.1915870
0.4532697,-7.7447262,5.6758821,53.7425158,43.2505150
0.2787258,-7.7081907,5.7142499,53.7045986,43.3082020
0.0924959,-7.6813826,5.7455867,53.6310841,43.3657490
-0.0969866,-7.6676121,5.7664844,53.5219256,43.4236720
-0.2813862,-7.6685599,5.7748285,53.3782639,43.4992060
-0.4531516,-7.6846677,5.7698456,53.2023025,43.5569250
-0.6061104,-7.7143511,5.7523337,52.9970944,43.6188960
-0.7359299,-7.7543811,5.7249789,52.7663024,43.6765880
-0.8403747,-7.8001702,5.6917543,52.5138791,43.7342450
-0.9193647,-7.8461879,5.6573710,52.2437708,43.7994410
-0.9749208,-7.8863958,5.6270852,51.9596502,43.8683400
-1.0108841,-7.9149234,5.6061359,51.6646700,43.9256220
-1.0324935,-7.9264949,5.5992683,51.3613395,43.9839060
-1.0460238,-7.9167551,5.6102879,51.0514740,44.0424800
-1.0581978,-7.8828260,5.6416854,50.7361907,44.0998570
-1.0755885,-7.8238164,5.6943974,50.4160017,44.1646550
-1.1040901,-7.7407372,5.7674884,50.0909572,44.2335530
-1.1488735,-7.6363120,5.8588142,49.7607949,44.2936460
-1.2129634,-7.5149965,5.9637542,49.4251498,44.3543550
-1.2980524,-7.3826801,6.0768044,49.0837523,44.4120770
-1.4040903,-7.2460934,6.1918230,48.7365755,44.4724700
-1.5292848,-7.1122178,6.3024028,48.3839360,44.5308530
-1.6703607,-6.9876957,6.4025476,48.0265432,44.6007210
-1.8228781,-6.8782164,6.4871154,47.6654691,44.6582950
-1.9815907,-6.7879916,6.5522716,47.3020338,44.7174920
-2.1408350,-6.7194759,6.5960957,46.9376825,44.7759960
-2.2950372,-6.6731838,6.6183681,46.5737780,44.8367930
-2.4392424,-6.6474472,6.6207489,46.2113878,44.8949120
-2.5694486,-6.6387034,6.6065474,45.8510607,44.9676380
-2.6828917,-6.6420885,6.5802088,45.4926173,45.0265900
-2.7782851,-6.6518899,6.5469261,45.1350086,45.0900480
-2.8558077,-6.6621769,6.5122569,44.7762273,45.1521420
-2.9170927,-6.6673488,6.4813968,44.4133234,45.2109090
-2.9652040,-6.6626523,6.4586031,44.0424914,45.2729060
-3.0042549,-6.6446489,6.4469723,43.6592346,45.3419100
-3.0390382,-6.6114453,6.4482981,43.2586065,45.3996080
-3.0745630,-6.5628387,6.4629068,42.8355186,45.4579610
-3.1154821,-6.5002119,6.4897281,42.3850866,45.5222240
-3.1656699,-6.4262126,6.5266008,41.9029796,45.5801080
-3.2277890,-6.3442736,6.5707395,41.3857740,45.6417870
-3.3030970,-6.2580564,6.6191313,40.8312569,45.7106580
-3.3913181,-6.1709534,6.6688603,40.2386213,45.7709880
-3.4906516,-6.0855237,6.7175749,39.6086423,45.8293130
-3.5980108,-6.0030711,6.7637410,38.9437340,45.8903170
-3.7092542,-5.9234703,6.8068302,38.2478804,45.9482320
-3.8195860,-5.8449716,6.8474900,37.5265350,46.0058530
-3.9240465,-5.7645697,6.8873441,36.7863496,46.0780940
-4.0181466,-5.6782483,6.9286865,36.0348312,46.1354340
-4.0985073,-5.5815093,6.9741202,35.2799795,46.1960250
-4.1623196,-5.4699704,7.0263808,34.5298571,46.2541810
-4.2090277,-5.3399863,7.0872907,33.7921746,46.3152040
-4.2392731,-5.1892383,7.1580770,33.0738955,46.3728660
-4.2551662,-5.0171756,7.2387969,32.3808875,46.4455000
-4.2602418,-4.8252379,7.3283591,31.7176414,46.5033740
-4.2588650,-4.6169272,7.4245369,31.0870869,46.5665710
-4.2555393,-4.3976725,7.5242166,30.4905224,46.6275520
-4.2545526,-4.1744289,7.6236613,29.9276036,46.6850990
-4.2592349,-3.9550708,7.7187898,29.3964487,46.7424030
-4.2716248,-3.7477687,7.8057895,28.8938303,46.8162890
-4.2923602,-3.5601849,7.8813973,28.4154344,46.8766600
-4.3203687,-3.3987368,7.9433681,27.9561955,46.9343890
-4.3530836,-3.2682638,7.9906393,27.5106146,46.9925740
-4.3867675,-3.1713848,8.0234670,27.0731167,47.0536450
-4.4169585,-3.1081943,8.0434729,26.6383464,47.1116810
-4.4391169,-3.0763690,8.0534243,26.2014485,47.1843630
-4.4492810,-3.0710343,8.0565042,25.7583821,47.2452980
-4.4446484,-3.0853386,8.0569105,25.3060408,47.3067870
-4.4239061,-3.1110928,8.0584873,24.8423517,47.3680250
-4.3875064,-3.1393727,8.0647624,24.3663085,47.4258370
-4.3377581,-3.1615074,8.0783951,23.8778604,47.4835660
-4.2785175,-3.1697521,8.1010311,23.3778482,47.5598120
-4.2146489,-3.1580662,8.1330292,22.8678705,47.6185990
-4.1514529,-3.1225648,8.1735042,22.3501149,47.6793890
-4.0939756,-3.0616330,8.2208236,21.8271965,47.7403540
-4.0463289,-2.9761101,8.2726245,21.3019670,47.7988220
-4.0109690,-2.8690379,8.3269241,20.7773726,47.8589940
-3.9885382,-2.7453882,8.3802412,20.2562786,47.9325770
-3.9773954,-2.6116518,8.4303848,19.7413084,47.9904260
-3.9738359,-2.4750978,8.4755858,19.2347715,48.0487140
-3.9723373,-2.3429220,8.5148776,18.7386079,48.1098890
-3.9662418,-2.2214909,8.5481941,18.2543386,48.1674640
-3.9484136,-2.1160510,8.5765061,17.7830562,48.2290040
-3.9118791,-2.0301750,8.6013056,17.3254196,48.3010660
-3.8515280,-1.9651349,8.6254019,16.8816543,48.3611600
-3.7634935,-1.9201120,8.6511506,16.4516110,48.4196560
-3.6464422,-1.8924964,8.6809433,16.0348334,48.4773630
-3.5017243,-1.8783077,8.7169415,15.6306252,48.5362130
-3.3331470,-1.8728921,8.7606665,15.2381255,48.5966520
-3.1467574,-1.8713869,8.8128216,14.8564346,48.6998850
-2.9503125,-1.8693483,8.8731174,14.4847735,48.7591340
-2.7525419,-1.8633571,8.9401491,14.1226226,48.8193110
-2.5623128,-1.8514899,9.0121536,13.7698739,48.8804290
-2.3876979,-1.8334333,9.0859081,13.4269783,48.9424800
-2.2353082,-1.8107721,9.1581926,13.0950819,49.0001340
-2.1095910,-1.7866252,9.2255732,12.7761340,49.0741660
-2.0123048,-1.7650822,9.2849019,12.4729710,49.1315940
-1.9425440,-1.7507479,9.3334990,12.1892995,49.1890620
-1.8968112,-1.7481471,9.3695759,11.9296004,49.2501800
-1.8694527,-1.7609395,9.3923709,11.6990094,49.3088540
-1.8533823,-1.7917356,9.4023362,11.5031183,49.3663730
-1.8406936,-1.8408093,9.4004218,11.3477086,49.4393540
-1.8234857,-1.9066374,9.3889924,11.2384545,49.4965920
-1.7946504,-1.9856161,9.3710932,11.1805820,49.5539490
-1.7485777,-2.0724089,9.3500685,11.1785253,49.6207960
-1.6817099,-2.1606731,9.3292940,11.2356611,49.6786520
-1.5927290,-2.2436583,9.3119250,11.3540646,49.7363390
-1.4826702,-2.3150573,9.3005087,11.5343679,49.8089810
-1.3547268,-2.3697305,9.2964092,11.7757263,49.8668640
-1.2138285,-2.4044740,9.3002867,12.0758459,49.9301130
-1.0662067,-2.4185161,9.3113092,12.4311685,49.9915210
-0.9186639,-2.4136813,9.3276101,12.8371174,50.0489460
-0.7777783,-2.3942331,9.3465417,13.2884105,50.1065470
-0.6493414,-2.3665255,9.3649030,13.7794668,50.1783750
-0.5378938,-2.3382452,9.3792904,14.3047887,50.2369260
-0.4463283,-2.3175899,9.3864208,14.8593384,50.3008230
-0.3757168,-2.3126195,9.3839866,15.4388704,50.3611340
-0.3253404,-2.3300041,9.3703097,16.0401658,50.4206880
-0.2928364,-2.3737505,9.3450514,16.6611706,50.4826200
-0.2745794,-2.4451492,9.3093057,17.3010350,50.5534810
-0.2663492,-2.5429442,9.2653296,17.9600273,50.6142620
-0.2637002,-2.6630168,9.2164111,18.6393595,50.6727860
-0.2621938,-2.7984941,9.1665928,19.3409597,50.7313440
-0.2579758,-2.9411697,9.1202218,20.0671439,50.7891240
-0.2480318,-3.0817024,9.0813622,20.8202818,50.8472880
-0.2303495,-3.2110811,9.0534786,21.6024548,50.9196580
-0.2042586,-3.3216392,9.0388772,22.4151181,50.9807020
-0.1701119,-3.4078876,9.0384014,23.2588581,51.0398200
-0.1288107,-3.4672454,9.0513390,24.1332128,51.0981390
-0.0816718,-3.5002852,9.0753613,25.0365868,51.1569130
-0.0300107,-3.5105227,9.1068170,25.9662524,51.2153760
0.0251981,-3.5041169,9.1411956,26.9184343,51.2870000
0.0834727,-3.4891813,9.1728112,27.8884768,51.3456250
0.1451134,-3.4748958,9.1964036,28.8710551,51.4029330
0.2112575,-3.4706285,9.2068623,29.8604295,51.4629490
0.2837042,-3.4849107,9.1999776,30.8507162,51.5215430
0.3645859,-3.5244727,9.1728084,31.8361576,51.5789740
0.4559343,-3.5936355,9.1239403,32.8113551,51.6551050
0.5592984,-3.6940613,9.0535578,33.7714466,51.7129480
0.6751998,-3.8246210,8.9634508,34.7122642,51.7728320
0.8026504,-3.9816960,8.8567015,35.6304208,51.8347850
0.9389320,-4.1596718,8.7369379,36.5233248,51.8923630
1.0796446,-4.3513862,8.6095412,37.3892035,51.9497750
1.2185561,-4.5491653,8.4785578,38.2270262,52.0269960
1.3483657,-4.7454914,8.3482818,39.0363835,52.0849520
1.4610731,-4.9338198,8.2221873,39.8174124,52.1421000
1.5487582,-5.1091687,8.1027412,40.5707010,52.2003750
1.6043971,-5.2684709,7.9912228,41.2971730,52.2588500
1.6227053,-5.4107855,7.8877827,41.9980052,52.3162550
1.6008150,-5.5371207,7.7915578,42.6745583,52.3926430
1.5386793,-5.6500246,7.7008453,43.3282926,52.4498730
1.4393567,-5.7531666,7.6134519,43.9607535,52.5073820
1.3088391,-5.8506392,7.5270258,44.5735883,52.5710490
1.1556708,-5.9464241,7.4394370,45.1685283,52.6297950
0.9903080,-6.0440962,7.3490989,45.7473896,52.6905960
0.8240946,-6.1462747,7.2552089,46.3120864,52.7643110
0.6681458,-6.2542994,7.1579135,46.8646204,52.8237990
0.5323011,-6.3680929,7.0580713,47.4070865,52.8841760
0.4240457,-6.4863236,6.9577894,47.9416520,52.9454380
0.3477859,-6.6064098,6.8591169,48.4705130,53.0048060
0.3043660,-6.7249120,6.7646838,48.9958319,53.0658940
0.2909599,-6.8382828,6.6770858,49.5196322,53.1398970
0.3015173,-6.9427773,6.5987687,50.0437391,53.1980450
0.3273738,-7.0351806,6.5316849,50.5696559,53.2591800
0.3582909,-7.1132687,6.4769582,51.0984235,53.3207920
0.3835348,-7.1757661,6.4346891,51.6305731,53.3818710
0.3928989,-7.2230984,6.4044243,52.1660564,53.4417990
0.3779110,-7.2564894,6.3842943,52.7041979,53.5113350
0.3327515,-7.2784516,6.3718984,53.2437201,53.5686790
0.2548502,-7.2924393,6.3642089,53.7827526,53.6269810
0.1451937,-7.3024558,6.3577100,54.3188538,53.6856780
0.0080827,-7.3128248,6.3487161,54.8491494,53.7476950
-0.1495135,-7.3276406,6.3337728,55.3704847,53.8056290
-0.3187108,-7.3504098,6.3100079,55.8795584,53.8746820
-0.4897735,-7.3836613,6.2749328,56.3731185,53.9358690
-0.6532302,-7.4287033,6.2273751,56.8481098,53.9933320
-0.8009183,-7.4850647,6.1670089,57.3018078,54.0578790
-0.9269474,-7.5514739,6.0945933,57.7319338,54.1189750
-1.0281696,-7.6248372,6.0120566,58.1367013,54.1766470
-1.1046052,-7.7011306,5.9222814,58.5148372,54.2477890
-1.1591862,-7.7757264,5.8288279,58.8655423,54.3062130
-1.1973568,-7.8436513,5.7356673,59.1884491,54.3637960
-1.2263466,-7.9004884,5.6468017,59.4835402,54.4250060
-1.2542430,-7.9428085,5.5659407,59.7510455,54.4861900
-1.2889208,-7.9678355,5.4960138,59.9913581,54.5437390
-1.3371404,-7.9740247,5.4391283,60.2049517,54.6163950
-1.4039188,-7.9618158,5.3961958,60.3923355,54.6743130
-1.4919662,-7.9334264,5.3669238,60.5540595,54.7384660
-1.6014731,-7.8920809,5.3499215,60.6907589,54.8003840
-1.7302124,-7.8423830,5.3427759,60.8032167,54.8589080
-1.8738957,-7.7892095,5.3423082,60.8924621,54.9197060
-2.0268099,-7.7373813,5.3449225,60.9598683,54.9894650
-2.1827013,-7.6910934,5.3470340,61.0072374,55.0472810
-2.3355527,-7.6534704,5.3453618,61.0368637,55.1091600
-2.4801359,-7.6262559,5.3373497,61.0515459,55.1675360
-2.6127003,-7.6096328,5.3213502,61.0545413,55.2261720
-2.7313136,-7.6023210,5.2966685,61.0494458,55.2878790
-2.8360130,-7.6017009,5.2636495,61.0400627,55.3575960
-2.9288165,-7.6041518,5.2235515,61.0302128,55.4218620
-3.0132873,-7.6055878,5.1783158,61.0235081,55.4832250
-3.0939819,-7.6020214,5.1303218,61.0231348,55.5418070
-3.1757800,-7.5901191,5.0819851,61.0316221,55.6030090
-3.2632017,-7.5676503,5.0354567,61.0506679,55.6642930
-3.3598291,-7.5337960,4.9923554,61.0810236,55.8361790
-3.4677790,-7.4892356,4.9535456,61.1224309,55.8936040
-3.5874626,-7.4360735,4.9191541,61.1736514,55.9518230
-3.7176459,-7.3776120,4.8886073,61.2325664,56.0132860
-3.8555541,-7.3178767,4.8608273,61.2963265,56.0709970
-3.9972597,-7.2609001,4.8345929,61.3615705,56.1302260
-4.1381842,-7.2103568,4.8087065,61.4246198,56.2022720
-4.2735454,-7.1688651,4.7822708,61.4816693,56.2613490
-4.3989866,-7.1376266,4.7549428,61.5289980,56.3189150
-4.5111393,-7.1161128,4.7270180,61.5631283,56.3766860
-4.6080119,-7.1022263,4.6995698,61.5809554,56.4353290
-4.6891574,-7.0921609,4.6744109,61.5798171,56.4956220
-4.7557511,-7.0812298,4.6538595,61.5575079,56.5684500
-4.8104823,-7.0641506,4.6404516,61.5122448,56.6256580
-4.8572092,-7.0358220,4.6365862,61.4426223,56.6830410
-4.9004857,-6.9918669,4.6441058,61.3475702,56.7417900
-4.9449795,-6.9292779,4.6639920,61.2262862,56.8000570
-4.9957784,-6.8468537,4.6961162,61.0782035,56.8611580
-5.0559841,-6.7453941,4.7391057,60.9029811,56.9347810
-5.1284812,-6.6277310,4.7904549,60.7005108,56.9924720
-5.2146317,-6.4983514,4.8466959,60.4709840,57.0523010
-5.3143579,-6.3628167,4.9037270,60.2149625,57.1142420
-5.4261835,-6.2272526,4.9572478,59.9334751,57.1749390
-5.5474243,-6.0972768,5.0032227,59.6281268,57.2327170
-5.6744761,-5.9776793,5.0383770,59.3011464,57.3065790
-5.8032282,-5.8715235,5.0606431,58.9554261,57.3639800
-5.9294883,-5.7797417,5.0694155,58.5944867,57.4240040
-6.0492978,-5.7011451,5.0657408,58.2223458,57.4850650
-6.1593067,-5.6324524,5.0519973,57.8433885,57.5457200
-6.2570526,-5.5686337,5.0319139,57.4621619,57.6059620
-6.3411324,-5.5035915,5.0100702,57.0831398,57.6756600
-6.4112431,-5.4307966,4.9914807,56.7104836,57.7341080
-6.4681806,-5.3442009,4.9810036,56.3477827,57.7976570
-6.5137324,-5.2391656,4.9827661,55.9978193,57.8597290
-6.5503666,-5.1129787,4.9997208,55.6623790,57.9210660
-6.5811242,-4.9652527,5.0333151,55.3421612,57.9824500
-6.6092481,-4.7980242,5.0833457,55.0367323,58.0523210
-6.6377789,-4.6155628,5.1480470,54.7445591,58.1109350
-6.6694253,-4.4241597,5.2242405,54.4631302,58.1756100
-6.7062737,-4.2307366,5.3077062,54.1891320,58.2374980
-6.7496500,-4.0430765,5.3936819,53.9186759,58.2952050
-6.7999574,-3.8679947,5.4773934,53.6475668,58.3572900
-6.8567798,-3.7107699,5.5546153,53.3715673,58.4268390
-6.9187642,-3.5745904,5.6221099,53.0866231,58.4844540
-6.9838231,-3.4600184,5.6779430,52.7890943,58.5428790
-7.0493935,-3.3648320,5.7216553,52.4759303,58.6044780
-7.1126359,-3.2841625,5.7542450,52.1448029,58.6620000
-7.1707014,-3.2108665,5.7779267,51.7941931,58.7202310
-7.2210344,-3.1362830,5.7958120,51.4234102,58.7905450
-7.2615909,-3.0511318,5.8114402,51.0325655,58.8479310
-7.2910915,-2.9465270,5.8283047,50.6225096,58.9090560
-7.3092003,-2.8148907,5.8494973,50.1947529,58.9678040
-7.3165505,-2.6507774,5.8773025,49.7513605,59.0285130
-7.3146829,-2.4515461,5.9129394,49.2948436,59.0866010
-7.3058675,-2.2176098,5.9564517,48.8280398,59.1565670
-7.2928872,-1.9523868,6.0067670,48.3539956,59.2181460
-7.2787129,-1.6620305,6.0618887,47.8758591,59.2787560
-7.2661621,-1.3547854,6.1192439,47.3967908,59.3388240
-7.2575914,-1.0402312,6.1760729,46.9198755,59.3997200
-7.2545399,-0.7285086,6.2297208,46.4480139,59.4572470
-7.2575335,-0.4293200,6.2780515,45.9838580,59.5270810
-7.2659728,-0.1510300,6.3197254,45.5297403,59.5882110
-7.2780973,0.1000332,6.3543664,45.0876203,59.6489030
-7.2911285,0.3200935,6.3826826,44.6590635,59.7089430
-7.3014720,0.5081516,6.4063295,44.2452069,59.7702290
-7.3050275,0.6659195,6.4277143,43.8467552,59.8277840
-7.2975635,0.7975277,6.4496918,43.4639900,59.8966630
-7.2750892,0.9090446,6.4751350,43.0968025,59.9583220
-7.2342453,1.0077963,6.5066295,42.7447575,60.0169450
-7.1726221,1.1015726,6.5461110,42.4071546,60.0742640
-7.0890035,1.1978840,6.5946219,42.0831235,60.1325300
-6.9835084,1.3033475,6.6523177,41.7717500,60.1936060
-6.8575804,1.4231196,6.7183679,41.4721575,60.2631940
-6.7138752,1.5605317,6.7910457,41.1835951,60.3286780
-6.5560360,1.7169006,6.8679391,40.9055095,60.3866060
-6.3883640,1.8916566,6.9461114,40.6375745,60.4452960
-6.2154871,2.0822842,7.0224546,40.3797206,60.5076690
-6.0419798,2.2851360,7.0940394,40.1321373,60.5779210
-5.8720111,2.4954910,7.1583769,39.8952410,60.6389590
-5.7091260,2.7082677,7.2136178,39.6696046,60.6974880
-5.5560546,2.9184434,7.2586926,39.4558984,60.7560550
-5.4145063,3.1215183,7.2933484,39.2548303,60.8138730
-5.2848459,3.3138324,7.3180953,39.0670459,60.8721870
-5.1674670,3.4927824,7.3341012,38.8930637,60.9452180
-5.0607634,3.6569322,7.3430000,38.7332185,61.0080410
-4.9630776,3.8059244,7.3466596,38.5876135,61.0699610
-4.8723105,3.9403713,7.3469610,38.4561242,61.1286970
-4.7861905,4.0618024,7.3456197,38.3384225,61.1869730
0.0000000,0.0000000,0.0000000,0.0000000,61.2490330
0.0000000,0.0000000,0.0000000,0.0000000,61.3212540
0.0000000,0.0000000,0.0000000,0.0000000,61.3789230
0.0000000,0.0000000,0.0000000,0.0000000,61.4373770
0.0000000,0.0000000,0.0000000,0.0000000,61.4967450
0.0000000,0.0000000,0.0000000,0.0000000,61.5556030
0.0000000,0.0000000,0.0000000,0.0000000,61.6276790
0.0000000,0.0000000,0.0000000,0.0000000,61.6865070
0.0000000,0.0000000,0.0000000,0.0000000,61.7474160
0.0000000,0.0000000,0.0000000,0.0000000,61.8051650
0.0000000,0.0000000,0.0000000,0.0000000,61.8630830
0.0000000,0.0000000,0.0000000,0.0000000,61.9247160
0.0000000,0.0000000,0.0000000,0.0000000,61.9966190
0.0000000,0.0000000,0.0000000,0.0000000,62.0540850
0.0000000,0.0000000,0.0000000,0.0000000,62.1124430
0.0000000,0.0000000,0.0000000,0.0000000,62.1709520
0.0000000,0.0000000,0.0000000,0.0000000,62.2284240
0.0000000,0.0000000,0.0000000,0.0000000,62.3045560
0.0000000,0.0000000,0.0000000,0.0000000,62.3632280
0.0000000,0.0000000,0.0000000,0.0000000,62.4234180
0.0000000,0.0000000,0.0000000,0.0000000,62.4847240
0.0000000,0.0000000,0.0000000,0.0000000,62.5426000
0.0000000,0.0000000,0.0000000,0.0000000,62.6000970
0.0000000,0.0000000,0.0000000,0.0000000,62.6755110
0.0000000,0.0000000,0.0000000,0.0000000,62.7331900
0.0000000,0.0000000,0.0000000,0.0000000,62.7931820
0.0000000,0.0000000,0.0000000,0.0000000,62.8537830
0.0000000,0.0000000,0.0000000,0.0000000,62.9112960
0.0000000,0.0000000,0.0000000,0.0000000,62.9688300
0.0000000,0.0000000,0.0000000,0.0000000,63.0439010
0.0000000,0.0000000,0.0000000,0.0000000,63.1014760
0.0000000,0.0000000,0.0000000,0.0000000,63.1616080
