0.0000172,0.0000213,0.0028356,0.0000504,0.0000000
0.0000396,0.0000494,0.0078435,0.0001353,0.0000000
0.0000624,0.0000714,0.0152233,0.0002547,0.0000000
0.0000959,0.0000892,0.0251935,0.0004092,0.0000000
0.0001493,0.0001012,0.0378092,0.0005964,0.0000000
0.0002311,0.0001079,0.0527365,0.0008066,0.0000000
0.0003473,0.0001058,0.0690423,0.0010208,0.0000000
0.0004874,0.0000740,0.0850457,0.0012085,0.0000000
0.0006348,-0.0000071,0.0982497,0.0013284,0.0000000
0.0007743,-0.0001637,0.1054295,0.0013292,0.0000000
0.0008808,-0.0004158,0.1028752,0.0011569,0.0000000
0.0009071,-0.0007471,0.0867885,0.0007638,0.0000000
0.0008004,-0.0011330,0.0538436,0.0001158,0.0000000
0.0004926,-0.0015284,0.0018261,-0.0007963,0.0000000
-0.0000799,-0.0018728,-0.0697039,-0.0019485,0.0000000
-0.0009341,-0.0021233,-0.1587963,-0.0032787,0.0000000
-0.0020651,-0.0022201,-0.2606509,-0.0046804,0.0000000
-0.0034278,-0.0020972,-0.3673707,-0.0060030,0.0000000
-0.0049273,-0.0016907,-0.4679923,-0.0070591,0.0000000
-0.0064366,-0.0009267,-0.5488377,-0.0076372,0.0000000
-0.0077662,0.0002364,-0.5941914,-0.0075157,0.0000000
-0.0086675,0.0017951,-0.5872706,-0.0064838,0.0000000
-0.0088555,0.0036942,-0.5114294,-0.0043599,0.0000000
-0.0080301,0.0058104,-0.3515001,-0.0010055,0.0000000
-0.0059183,0.0079693,-0.0951451,0.0036523,0.0000000
-0.0023165,0.0099543,0.2658962,0.0096082,0.0000000
0.0028747,0.0115188,0.7347945,0.0167744,0.0000000
0.0096205,0.0124073,1.3089644,0.0249789,0.0000000
0.0177286,0.0123707,1.9798153,0.0339764,0.0000000
0.0268425,0.0111855,2.7329752,0.0434647,0.0000000
0.0364511,0.0086736,3.5489781,0.0531028,0.0000000
0.0459107,0.0047159,4.4043750,0.0625297,0.0000000
0.0544900,-0.0007340,5.2731828,0.0713936,2.7908990
0.0614234,-0.0076428,6.1285387,0.0793816,2.8530340
0.0659691,-0.0158989,6.9444458,0.0862361,2.9116090
0.0674737,-0.0253157,7.6974584,0.0917648,2.9702500
0.0654258,-0.0356447,8.3681073,0.0958645,3.0357460
0.0594917,-0.0466022,8.9420054,0.0985214,3.1045340
0.0495535,-0.0578860,9.4105493,0.0998270,3.1627170
0.0357385,-0.0691456,9.7711341,0.0999688,3.2217980
0.0184801,-0.0800031,10.0269088,0.0992625,3.2806830
-0.0018511,-0.0903412,10.1861419,0.0980731,3.3417370
-0.0243250,-0.0998062,10.2611479,0.0968034,3.4040970
-0.0483719,-0.1081412,10.2670277,0.0958971,3.4729060
-0.0734632,-0.1154735,10.2201989,0.0958238,3.5332130
-0.0983128,-0.1216203,10.1373516,0.0969869,3.5941750
-0.1227964,-0.1266281,10.0341071,0.0998296,3.6519580
-0.1463351,-0.1306907,9.9240197,0.1047377,3.7125260
-0.1686723,-0.1341022,9.8180190,0.1120006,3.7708780
-0.1899529,-0.1370154,9.7242981,0.1217816,3.8405080
-0.2101911,-0.1397888,9.6482654,0.1340851,3.8981760
-0.2299411,-0.1427032,9.5923318,0.1486732,3.9566620
-0.2493059,-0.1461405,9.5567399,0.1651097,4.0177880
-0.2690377,-0.1495389,9.5404442,0.1827787,4.0770540
-0.2891134,-0.1536124,9.5413870,0.2008608,4.1460550
-0.3091733,-0.1574278,9.5568237,0.2183077,4.2050280
-0.3283259,-0.1604304,9.5838917,0.2339576,4.2659390
-0.3451320,-0.1617213,9.6196793,0.2465830,4.3237860
-0.3578248,-0.1603497,9.6619639,0.2550786,4.3843340
-0.3642516,-0.1546391,9.7070068,0.2585879,4.4429270
-0.3627456,-0.1435740,9.7505097,0.2566942,4.5127730
-0.3507518,-0.1263988,9.7889185,0.2499610,4.5701470
-0.3260424,-0.1030748,9.8178090,0.2396376,4.6289610
-0.2874460,-0.0743842,9.8322049,0.2278492,4.6931240
-0.2348055,-0.0419421,9.8262119,0.2177403,4.7508960
-0.1695707,-0.0090762,9.7933450,0.2134095,4.8126090
-0.0949435,0.0194837,9.7314609,0.2198389,4.8814750
-0.0157601,0.0376435,9.6373817,0.2424657,4.9415420
0.0611994,0.0380472,9.5101643,0.2867797,5.0027660
0.1277252,0.0125582,9.3516102,0.3578220,5.0634930
0.1748041,-0.0472650,9.1664644,0.4595327,5.1208950
0.1934129,-0.1494552,8.9624265,0.5941716,5.1934840
0.1750390,-0.3000359,8.7499907,0.7618154,5.2524500
0.1122337,-0.5034536,8.5408311,0.9599610,5.3097720
0.0003755,-0.7616387,8.3483655,1.1834499,5.3714880
-0.1625787,-1.0726250,8.1857529,1.4245612,5.4302470
-0.3745286,-1.4313711,8.0652211,1.6734064,5.4880720
-0.6294493,-1.8283543,7.9968142,1.9186410,5.5617110
-0.9174498,-2.2503330,7.9872963,2.1482624,5.6193030
-1.2251490,-2.6807642,8.0391930,2.3505664,5.6791410
-1.5366166,-3.1007834,8.1506172,2.5152690,5.7437140
-1.8337722,-3.4902205,8.3152263,2.6345419,5.8013850
-2.0972653,-3.8288206,8.5225474,2.7039935,5.8614250
-2.3078338,-4.0967802,8.7588740,2.7234108,5.9309760
-2.4476082,-4.2763961,9.0080833,2.6971202,5.9885720
-2.5015266,-4.3530286,9.2525106,2.6340680,6.0504230
-2.4584611,-4.3157306,9.4746076,2.5474340,6.1089890
-2.3108139,-4.1576847,9.6584941,2.4538993,6.1665560
-2.0579487,-3.8774544,9.7908349,2.3726236,6.2397000
-1.7029561,-3.4782177,9.8616865,2.3240923,6.2982440
-1.2537787,-2.9678075,9.8651761,2.3286769,6.3584440
-0.7232457,-2.3586276,9.7994368,2.4052593,6.4226340
-0.1275253,-1.6662598,9.6669777,2.5699194,6.4800550
0.5142780,-0.9095609,9.4739888,2.8348377,6.5401540
1.1815944,-0.1087687,9.2296756,3.2075105,6.6094160
1.8535905,0.7150160,8.9453078,3.6903167,6.6680040
2.5103092,1.5410120,8.6331783,4.2804541,6.7289800
3.1335590,2.3489972,8.3055897,4.9702650,6.7867230
3.7080086,3.1213363,7.9739867,5.7478614,6.8442930
4.2216251,3.8426063,7.6480457,6.5979924,6.9056180
4.6659536,4.5005359,7.3358131,7.5031625,6.9743540
5.0362395,5.0858769,7.0427069,8.4447789,7.0357700
5.3315166,5.5934425,6.7720119,9.4042728,7.0967020
5.5537545,6.0210868,6.5249334,10.3641266,7.1543970
5.7077501,6.3698582,6.3011634,11.3087065,7.2127980
5.8001847,6.6438658,6.0996332,12.2248676,7.2713910
5.8393130,6.8494013,5.9187314,13.1023803,7.3399260
5.8338792,6.9942732,5.7567602,13.9339932,7.4013170
5.7932468,7.0877612,5.6123746,14.7153331,7.4599730
5.7261241,7.1399095,5.4848592,15.4446478,7.5175170
5.6401399,7.1603971,5.3739589,16.1224293,7.5791220
5.5429236,7.1586670,5.2800876,16.7508449,7.6372440
5.4400175,7.1431305,5.2041009,17.3333795,7.7075820
5.3361494,7.1207692,5.1469633,17.8743498,7.7723790
5.2348837,7.0968398,5.1094918,18.3784916,7.8298060
5.1383987,7.0750685,5.0923436,18.8506381,7.8898900
5.0482137,7.0573025,5.0959599,19.2954906,7.9509790
4.9645406,7.0438658,5.1198933,19.7173743,8.0086830
4.8874711,7.0333660,5.1628724,20.1201711,8.0802760
4.8158713,7.0245115,5.2232459,20.5073204,8.1388590
4.7487017,7.0138747,5.2989703,20.8817837,8.1974360
4.6849319,6.9989997,5.3875029,21.2459613,8.2547510
4.6238018,6.9773061,5.4861342,21.6017602,8.3172090
4.5650085,6.9468364,5.5919023,21.9505769,8.3751460
4.5084750,6.9060927,5.7029759,22.2933676,8.4461740
4.4547571,6.8552703,5.8166667,22.6306824,8.5052230
4.4035656,6.7950641,5.9296835,22.9626355,8.5637350
4.3553447,6.7267593,6.0401951,23.2894044,8.6212130
4.3108641,6.6520376,6.1468604,23.6110070,8.6794640
4.2706664,6.5727848,6.2490929,23.9273534,8.7408790
4.2352201,6.4912857,6.3462957,24.2383386,8.8120160
4.2048464,6.4093722,6.4381105,24.5439256,8.8734620
4.1792171,6.3283544,6.5243673,24.8442162,8.9314090
4.1583950,6.2493441,6.6053971,25.1395166,8.9888470
4.1417880,6.1727285,6.6817373,25.4303455,9.0507790
4.1286619,6.0983701,6.7539219,25.7174963,9.1227000
4.1182112,6.0257940,6.8226058,26.0020021,9.1810900
4.1099978,5.9541813,6.8882376,26.2851059,9.2396000
4.1037422,5.8836214,6.9515107,26.5682221,9.2979280
4.0987396,5.8143711,7.0119680,26.8528138,9.3557730
4.0948680,5.7465453,7.0693440,27.1403661,9.4140140
4.0916675,5.6811472,7.1228692,27.4323017,9.4867100
4.0891719,5.6187559,7.1716595,27.7299053,9.5479910
4.0876786,5.5604797,7.2148470,28.0343474,9.6060840
4.0876052,5.5076223,7.2516293,28.3466113,9.6636740
4.0894395,5.4616388,7.2810851,28.6673691,9.7255430
4.0932120,5.4237986,7.3024378,28.9969526,9.7832040
4.0986723,5.3950328,7.3151704,29.3352805,9.8564930
4.1055999,5.3754738,7.3190508,29.6818656,9.9180170
4.1137958,5.3650454,7.3144187,30.0358643,9.9755120
4.1231236,5.3630941,7.3021766,30.3960630,10.0361340
4.1333993,5.3682803,7.2833318,30.7609668,10.0973580
4.1439658,5.3788194,7.2590921,31.1288297,10.1583170
4.1555796,5.3930845,7.2311810,31.4976921,10.2296390
4.1670635,5.4087559,7.2016147,31.8654217,10.2882630
4.1781381,5.4236338,7.1724859,32.2298986,10.3457440
4.1890636,5.4358120,7.1459814,32.5890761,10.4040530
4.1998300,5.4432506,7.1238416,32.9410950,10.4653040
4.2108497,5.4447023,7.1076767,33.2843618,10.5377650
4.2224209,5.4387984,7.0987254,33.6176111,10.6001230
4.2348646,5.4249045,7.0978196,33.9399583,10.6578060
4.2485246,5.4028159,7.1053386,34.2509304,10.7151650
4.2637503,5.3730281,7.1211895,34.5504544,10.7735500
4.2806515,5.3357470,7.1448271,34.8388467,10.8376740
4.2993000,5.2920446,7.1753902,35.1167615,10.9063620
4.3196266,5.2429495,7.2114653,35.3850616,10.9684240
4.3413250,5.1896966,7.2519351,35.6447589,11.0263630
4.3638130,5.1330403,7.2953384,35.8969485,11.0838760
4.3866431,5.0742137,7.3402864,36.1427135,11.1458700
4.4090735,5.0141176,7.3853823,36.3830774,11.2066090
4.4304983,4.9534350,7.4293141,36.6189400,11.2779620
4.4502315,4.8929760,7.4712604,36.8510425,11.3392340
4.4676552,4.8332112,7.5107263,37.0799608,11.3966560
4.4823431,4.7743998,7.5474035,37.3060986,11.4543400
4.4940636,4.7166865,7.5812096,37.5297167,11.5159130
4.5027681,4.6601721,7.6123145,37.7509715,11.5856910
4.5086017,4.6049150,7.6410684,37.9699496,11.6436750
4.5118727,4.5509041,7.6679348,38.1867016,11.7020360
4.5130232,4.4980948,7.6934291,38.4012734,11.7636070
4.5125777,4.4464285,7.7180528,38.6137302,11.8211920
4.5110936,4.3958422,7.7422497,38.8241664,11.8838780
4.5091227,4.3462761,7.7663730,39.0327069,11.9539030
4.5071604,4.2976672,7.7906581,39.2395011,12.0133840
4.5056180,4.2499607,7.8152308,39.4447054,12.0707700
4.5047966,4.2031029,7.8400986,39.6484650,12.1289270
4.5048726,4.1570130,7.8651509,39.8509096,12.1893350
4.5059165,4.1116052,7.8901917,40.0521343,12.2479090
4.5078850,4.0667706,7.9149723,40.2521751,12.3165470
4.5106657,4.0223954,7.9392312,40.4510084,12.3799980
4.5141389,3.9784207,7.9627206,40.6485693,12.4381210
4.5181181,3.9347985,7.9852411,40.8447464,12.4957930
4.5226109,3.8915971,8.0066492,41.0394011,12.5608080
4.5275526,3.8489844,8.0268638,41.2323877,12.6296210
4.5328176,3.8070071,8.0459116,41.4235154,12.6909460
4.5382211,3.7656840,8.0638862,41.6125813,12.7522240
4.5436268,3.7250192,8.0809606,41.7994355,12.8098990
4.5488314,3.6849923,8.0973853,41.9839611,12.8729520
4.5538134,3.6456128,8.1133323,42.1660976,12.9317390
4.5582001,3.6067947,8.1289043,42.3458413,13.0003320
4.5619943,3.5687299,8.1442540,42.5232545,13.0588010
4.5649632,3.5315625,8.1595531,42.6984654,13.1175320
4.5669090,3.4953187,8.1747638,42.8716499,13.1752150
4.5676012,3.4599649,8.1899168,43.0430287,13.2368300
4.5669451,3.4254563,8.2049426,43.2128576,13.2953710
4.5649345,3.3916977,8.2197480,43.3814101,13.3644950
4.5616350,3.3586371,8.2342026,43.5489664,13.4266120
4.5571406,3.3262117,8.2481738,43.7157946,13.4844390
4.5516523,3.2943351,8.2615414,43.8821365,13.5451280
4.5454381,3.2629100,8.2742163,44.0481930,13.6070260
4.5388186,3.2317980,8.2861728,44.2141145,13.6645420
4.5321405,3.2008516,8.2974452,44.3799935,13.7333240
4.5257528,3.1699339,8.3081287,44.5458613,13.7917530
4.5199759,3.1389316,8.3183721,44.7116891,13.8501200
4.5150749,3.1077801,8.3283513,44.8773910,13.9108900
4.5112391,3.0764654,8.3382611,45.0428290,13.9729180
4.5085659,3.0450294,8.3482967,45.2078219,14.0420920
4.5070547,3.0135653,8.3586317,45.3721533,14.1027670
4.5066093,2.9822014,8.3694119,45.5355812,14.1646440
4.5070435,2.9510927,8.3807341,45.6978491,14.2255800
4.5080939,2.9204030,8.3926307,45.8586977,14.2855600
4.5094453,2.8902873,8.4050758,46.0178750,14.3442860
4.5107494,2.8608811,8.4179804,46.1751493,14.4127040
4.5116556,2.8322783,8.4312067,46.3303175,14.4711970
4.5118459,2.8045183,8.4445889,46.4832107,14.5290430
4.5110495,2.7775789,8.4579444,46.6337038,14.5919500
4.5090662,2.7513669,8.4710973,46.7817202,14.6506290
4.5057792,2.7257282,8.4838975,46.9272346,14.7081600
4.5011521,2.7004611,8.4962345,47.0702773,14.7794140
4.4952407,2.6753279,8.5080531,47.2109288,14.8368460
4.4881889,2.6500848,8.5193621,47.3493140,14.8972390
4.4802143,2.6244982,8.5302320,47.4855966,14.9612800
4.4715984,2.5983605,8.5407928,47.6199696,15.0190420
4.4626557,2.5715161,8.5512189,47.7526480,15.0903460
4.4537049,2.5438665,8.5616987,47.8838611,15.1525400
4.4450487,2.5153827,8.5724193,48.0138401,15.2104340
4.4369485,2.4861138,8.5835365,48.1428093,15.2711010
4.4296135,2.4561746,8.5951571,48.2709762,15.3296760
4.4231913,2.4257366,8.6073401,48.3985215,15.3883600
4.4177619,2.3950127,8.6200784,48.5255956,15.4569990
4.4133389,2.3642318,8.6332966,48.6523164,15.5155390
4.4098736,2.3336286,8.6468535,48.7787662,15.5771990
4.4072648,2.3034349,8.6605429,48.9049939,15.6350480
4.4053722,2.2738622,8.6741124,49.0310180,15.6970150
4.4040322,2.2450982,8.6872896,49.1568277,15.7550480
4.4030749,2.2172941,8.6998010,49.2823925,15.8255270
4.4023356,2.1905545,8.7113809,49.4076704,15.8868320
4.4016695,2.1649417,8.7217967,49.5326129,15.9473790
4.4009600,2.1404774,8.7308579,49.6571699,16.0081230
4.4001243,2.1171517,8.7384268,49.7812956,16.0693940
4.3991218,2.0949335,8.7444433,49.9049516,16.1269040
4.3979505,2.0737753,8.7489148,50.0281102,16.1987320
4.3966431,2.0536211,8.7519084,50.1507582,16.2574800
4.3952600,2.0344090,8.7535485,50.2728954,16.3182890
4.3938762,2.0160735,8.7539917,50.3945311,16.3767220
4.3925737,1.9985479,8.7534216,50.5156841,16.4353630
4.3914310,1.9817647,8.7520409,50.6363810,16.5050600
4.3905134,1.9656540,8.7500535,50.7566520,16.5674540
4.3898684,1.9501437,8.7476656,50.8765301,16.6281360
4.3895164,1.9351569,8.7450748,50.9960449,16.6856750
4.3894460,1.9206070,8.7424662,51.1152157,16.7440140
4.3896130,1.9064006,8.7400161,51.2340490,16.8053740
4.3899351,1.8924410,8.7378835,51.3525321,16.8739150
4.3902969,1.8786283,8.7362191,51.4706283,16.9356850
4.3905573,1.8648651,8.7351714,51.5882750,16.9966630
4.3905547,1.8510583,8.7348837,51.7053804,17.0543860
4.3901186,1.8371176,8.7355019,51.8218214,17.1132170
4.3890787,1.8229613,8.7371664,51.9374471,17.1711150
4.3872725,1.8085214,8.7399992,52.0520839,17.2405330
4.3845577,1.7937448,8.7441014,52.1655427,17.2979870
4.3808243,1.7785958,8.7495435,52.2776312,17.3589380
4.3760002,1.7630554,8.7563542,52.3881649,17.4168110
4.3700591,1.7471185,8.7645153,52.4969778,17.4752670
4.3630216,1.7307915,8.7739529,52.6039368,17.5330730
4.3549515,1.7140912,8.7845296,52.7089536,17.6070560
4.3459547,1.6970386,8.7960523,52.8119934,17.6678740
4.3361732,1.6796554,8.8082844,52.9130828,17.7280840
4.3257764,1.6619593,8.8209558,53.0123084,17.7889350
4.3149557,1.6439560,8.8337872,53.1098116,17.8466520
4.3039118,1.6256396,8.8465078,53.2057818,17.9174530
4.2928425,1.6069936,8.8588671,53.3004425,17.9796030
4.2819338,1.5879885,8.8706618,53.3940387,18.0404440
4.2713489,1.5685915,8.8817504,53.4868213,18.0977930
4.2612212,1.5487669,8.8920599,53.5790295,18.1562520
4.2516526,1.5284781,8.9015943,53.6708776,18.2177510
4.2427085,1.5076989,8.9104208,53.7625383,18.2867640
4.2344128,1.4864172,8.9186454,53.8541356,18.3525260
4.2267531,1.4646418,8.9264007,53.9457378,18.4103870
4.2196801,1.4424114,8.9338246,54.0373550,18.4681610
4.2131168,1.4197940,8.9410386,54.1289477,18.5305800
4.2069791,1.3968860,8.9481419,54.2204331,18.5882220
4.2011769,1.3738141,8.9551899,54.3116994,18.6577440
4.1956249,1.3507312,8.9621764,54.4026218,18.7194060
4.1902527,1.3278116,8.9690446,54.4930756,18.7779810
4.1849972,1.3052523,8.9756857,54.5829544,18.8356450
4.1798167,1.2832605,8.9819576,54.6721824,18.8938200
4.1746988,1.2620411,8.9877165,54.7607239,18.9661800
4.1696531,1.2417934,8.9928193,54.8485902,19.0278210
4.1647229,1.2226910,8.9971463,54.9358380,19.0895190
4.1599744,1.2048787,9.0006175,55.0225667,19.1476680
4.1554848,1.1884708,9.0031939,55.1089104,19.2051570
4.1513436,1.1735354,9.0049013,55.1950258,19.2641590
4.1476367,1.1601007,9.0058276,55.2810785,19.3336410
4.1444403,1.1481472,9.0061176,55.3672262,19.3942270
4.1418143,1.1376011,9.0059634,55.4536028,19.4525520
4.1397896,1.1283494,9.0055814,55.5403040,19.5111630
4.1383620,1.1202355,9.0051942,55.6273786,19.5689700
4.1374870,1.1130721,9.0050113,55.7148205,19.6306990
4.1370773,1.1066570,9.0052120,55.8025667,19.7021250
4.1370059,1.1007718,9.0059316,55.8904992,19.7624670
4.1371085,1.0952000,9.0072539,55.9784482,19.8208760
4.1371943,1.0897317,9.0092116,56.0662026,19.8787650
4.1370562,1.0841664,9.0117894,56.1535240,19.9367960
4.1364844,1.0783280,9.0149350,56.2401612,19.9943750
4.1352804,1.0720633,9.0185750,56.3258638,20.0682040
4.1332692,1.0652500,9.0226233,56.4103983,20.1258480
4.1303077,1.0578033,9.0269897,56.4935616,20.1860240
4.1262955,1.0496690,9.0315983,56.5751897,20.2471170
4.1211796,1.0408242,9.0363837,56.6551699,20.3046480
4.1149572,1.0312707,9.0413028,56.7334432,20.3788110
4.1076774,1.0210234,9.0463494,56.8100023,20.4387530
4.0994316,1.0101116,9.0515330,56.8848916,20.4962240
4.0903467,0.9985734,9.0568850,56.9582008,20.5557120
4.0805741,0.9864506,9.0624456,57.0300561,20.6168070
4.0702741,0.9737913,9.0682391,57.1006130,20.6745870
4.0596111,0.9606415,9.0742883,57.1700425,20.7506580
4.0487415,0.9470411,9.0806053,57.2385169,20.8100300
4.0378069,0.9330266,9.0871894,57.3062008,20.8702320
4.0269320,0.9186316,9.0940357,57.3732403,20.9313820
4.0162157,0.9038923,9.1011195,57.4397589,20.9890210
4.0057317,0.8888552,9.1083987,57.5058537,21.0492640
3.9955300,0.8735796,9.1158161,57.5715948,21.1230570
3.9856391,0.8581394,9.1233011,57.6370258,21.1804050
3.9760735,0.8426259,9.1307792,57.7021674,21.2394080
3.9668396,0.8271472,9.1381713,57.7670227,21.3005960
3.9579397,0.8118260,9.1454002,57.8315831,21.3580290
3.9493748,0.7967973,9.1523955,57.8958341,21.4204920
3.9411495,0.7822009,9.1590922,57.9597632,21.4942260
3.9332727,0.7681753,9.1654348,58.0233639,21.5551320
3.9257573,0.7548498,9.1713731,58.0866414,21.6163350
3.9186211,0.7423370,9.1768543,58.1496163,21.6739020
3.9118813,0.7307272,9.1818249,58.2123241,21.7337750
3.9055524,0.7200839,9.1862339,58.2748187,21.8065200
3.8996445,0.7104404,9.1900299,58.3371694,21.8646170
3.8941603,0.7017981,9.1931678,58.3994572,21.9231950
3.8890964,0.6941288,9.1956083,58.4617714,21.9816650
3.8844424,0.6873802,9.1973125,58.5242016,22.0396020
3.8801820,0.6814795,9.1982538,58.5868332,22.1041660
3.8762945,0.6763415,9.1984256,58.6497404,22.1731200
3.8727549,0.6718741,9.1978463,58.7129792,22.2333740
3.8695362,0.6679780,9.1965750,58.7765846,22.2917130
3.8666080,0.6645551,9.1947112,58.8405634,22.3493520
3.8639366,0.6615130,9.1923898,58.9048908,22.4080330
3.8614828,0.6587652,9.1897837,58.9695086,22.4687890
3.8591974,0.6562373,9.1870968,59.0343199,22.5382800
3.8570189,0.6538635,9.1845513,59.0991927,22.5967290
3.8548717,0.6515806,9.1823822,59.1639624,22.6542810
3.8526653,0.6493297,9.1808178,59.2284389,22.7125020
3.8502923,0.6470528,9.1800504,59.2924175,22.7708480
3.8476324,0.6446901,9.1802308,59.3556873,22.8312690
3.8445570,0.6421833,9.1814529,59.4180450,22.9036130
3.8409323,0.6394716,9.1837446,59.4793027,22.9610450
3.8366365,0.6364858,9.1870904,59.5392991,23.0183340
3.8315639,0.6331545,9.1914206,59.5979090,23.0819860
3.8256328,0.6294040,9.1966131,59.6550487,23.1429870
3.8187975,0.6251641,9.2025174,59.7106825,23.2139400
3.8110451,0.6203849,9.2089458,59.7648228,23.2760120
3.8024037,0.6150350,9.2157020,59.8175272,23.3338640
3.7929458,0.6091079,9.2226127,59.8688931,23.3915400
3.7827807,0.6026252,9.2295220,59.9190475,23.4498340
3.7720530,0.5956235,9.2363115,59.9681354,23.5115190
3.7609309,0.5881605,9.2429011,60.0163084,23.5813830
3.7495905,0.5803144,9.2492349,60.0637135,23.6395910
3.7382101,0.5721729,9.2552965,60.1104815,23.6978390
3.7269565,0.5638395,9.2611050,60.1567193,23.7558050
3.7159782,0.5554195,9.2667058,60.2025035,23.8205880
3.7054048,0.5470088,9.2721692,60.2478766,23.8786690
3.6953332,0.5386940,9.2775648,60.2928507,23.9503920
3.6858282,0.5305398,9.2829478,60.3374109,24.0117530
3.6769190,0.5225905,9.2883472,60.3815227,24.0693580
3.6685937,0.5148704,9.2937551,60.4251403,24.1296550
3.6608147,0.5073817,9.2991306,60.4682168,24.1913290
3.6535215,0.5001132,9.3043904,60.5107150,24.2609990
3.6466395,0.4930422,9.3094203,60.5526168,24.3232150
3.6400929,0.4861413,9.3140820,60.5939317,24.3808950
3.6338030,0.4793859,9.3182227,60.6347014,24.4386240
3.6276994,0.4727547,9.3217089,60.6749999,24.4999940
3.6217232,0.4662379,9.3244315,60.7149342,24.5614680
3.6158312,0.4598379,9.3263254,60.7546382,24.6309830
3.6100019,0.4535755,9.3273787,60.7942672,24.6933370
3.6042314,0.4474958,9.3276169,60.8339907,24.7509810
3.5985351,0.4416646,9.3271137,60.8739801,24.8084050
3.5929422,0.4361703,9.3259801,60.9143978,24.8698590
3.5874937,0.4311132,9.3243602,60.9553835,24.9291480
3.5822411,0.4265971,9.3224331,60.9970418,24.9995400
3.5772383,0.4227236,9.3203919,61.0394326,25.0578800
3.5725388,0.4195818,9.3184321,61.0825622,25.1159490
3.5681837,0.4172453,9.3167323,61.1263816,25.1769540
3.5641934,0.4157655,9.3154386,61.1707867,25.2378690
3.5605638,0.4151654,9.3146610,61.2156214,25.2956420
3.5572607,0.4154364,9.3144694,61.2606853,25.3986540
3.5542215,0.4165328,9.3148962,61.3057428,25.4561040
3.5513563,0.4183740,9.3159415,61.3505341,25.5205190
3.5485476,0.4208432,9.3175771,61.3947895,25.5785740
3.5456506,0.4237885,9.3197543,61.4382411,25.6359820
3.5425038,0.4270326,9.3224101,61.4806416,25.6942460
3.5389350,0.4303767,9.3254720,61.5217755,25.7663910
3.5347753,0.4336134,9.3288619,61.5614734,25.8237230
3.5298837,0.4365470,9.3324942,61.5996290,25.8852110
3.5241417,0.4389930,9.3362845,61.6361924,25.9437690
3.5174669,0.4407873,9.3401501,61.6711717,26.0012130
3.5098171,0.4417959,9.3440157,61.7046277,26.0734660
3.5011873,0.4419142,9.3478274,61.7366583,26.1335000
3.4916145,0.4410774,9.3515391,61.7673953,26.1941930
3.4811903,0.4392655,9.3551182,61.7969928,26.2559810
3.4700451,0.4364963,9.3585453,61.8256093,26.3140190
3.4583484,0.4328152,9.3618020,61.8533935,26.3717670
3.4462834,0.4282932,9.3648891,61.8804712,26.4450030
3.4340325,0.4230155,9.3678233,61.9069343,26.5030920
3.4217647,0.4170778,9.3706335,61.9328396,26.5641220
3.4096210,0.4105937,9.3733608,61.9582164,26.6232910
3.3977137,0.4036799,9.3760466,61.9830711,26.6824360
3.3861224,0.3964586,9.3787253,62.0074009,26.7400410
3.3748981,0.3890618,9.3814213,62.0312136,26.8124800
3.3640713,0.3816273,9.3841462,62.0545410,26.8730890
3.3536592,0.3743212,9.3868941,62.0774674,26.9307620
3.3436792,0.3673521,9.3896478,62.1001487,26.9948110
3.3341592,0.3609731,9.3923773,62.1228244,27.0526520
3.3251480,0.3554881,9.3950435,62.1458300,27.1238750
3.3167220,0.3512477,9.3976117,62.1695839,27.1867910
3.3089855,0.3486272,9.4000396,62.1945737,27.2476630
3.3020692,0.3480266,9.4022962,62.2213341,27.3074390
3.2961201,0.3498712,9.4043746,62.2504102,27.3690190
3.2912929,0.3545638,9.4062754,62.2823302,27.4267910
3.2877382,0.3624838,9.4080330,62.3175732,27.4968560
3.2855824,0.3739318,9.4096921,62.3565286,27.5559810
3.2849330,0.3890614,9.4112769,62.3994542,27.6167230
3.2858365,0.4079293,9.4128127,62.4464613,27.6748510
3.2882686,0.4303415,9.4142893,62.4975052,27.7325930
3.2921793,0.4561078,9.4156659,62.5523751,27.7904750
3.2974360,0.4848843,9.4168880,62.6107084,27.8603560
3.3038626,0.5162061,9.4178528,62.6720026,27.9207700
3.3112577,0.5494691,9.4184269,62.7356399,27.9794590
3.3194050,0.5839933,9.4184497,62.8009206,28.0379510
3.3280949,0.6189928,9.4177351,62.8670910,28.0953770
3.3371390,0.6537336,9.4161099,62.9333819,28.1536630
3.3463707,0.6874927,9.4134316,62.9990378,28.2258990
3.3556595,0.7196229,9.4096114,63.0633328,28.2869100
3.3649080,0.7495726,9.4046368,63.1255785,28.3484150
3.3740538,0.7768750,9.3985792,63.1851267,28.4063780
3.3830714,0.8011306,9.3915979,63.2413645,28.4641040
3.3919568,0.8219932,9.3839351,63.2937049,28.5366740
3.4007174,0.8391524,9.3759020,63.3415792,28.5988720
3.4093549,0.8523044,9.3678529,63.3844293,28.6562060
3.4178524,0.8611307,9.3601624,63.4217076,28.7145620
3.4261677,0.8652910,9.3531906,63.4528873,28.7729540
3.4342308,0.8644193,9.3472497,63.4774806,28.8305010
3.4419481,0.8581485,9.3425849,63.4950687,28.9050090
3.4492061,0.8461494,9.3393439,63.5053402,28.9658550
3.4558841,0.8281682,9.3375711,63.5081293,29.0234210
3.4618679,0.8040761,9.3372110,63.5034531,29.0874770
3.4670602,0.7739165,9.3381086,63.4915467,29.1455180
3.4714022,0.7379420,9.3400377,63.4728806,29.2031610
3.4748774,0.6966482,9.3427215,63.4481707,29.2779300
3.4775116,0.6507874,9.3458576,63.4183719,29.3355310
3.4793796,0.6013641,9.3491558,63.3846451,29.3955720
3.4805926,0.5496065,9.3523626,63.3483135,29.4566130
3.4812901,0.4969181,9.3552868,63.3107983,29.5145400
3.4816376,0.4448153,9.3578209,63.2735452,29.5876680
3.4817992,0.3948418,9.3599378,63.2379482,29.6485090
3.4819152,0.3484791,9.3616876,63.2052697,29.7085650
3.4820922,0.3070623,9.3631780,63.1765728,29.7697350
3.4823795,0.2716899,9.3645463,63.1526598,29.8273570
3.4827690,0.2431709,9.3659438,63.1340348,29.8848590
3.4832165,0.2219963,9.3675004,63.1209013,29.9603680
3.4836322,0.2083138,9.3693085,63.1131590,30.0180570
3.4838915,0.2019358,9.3714091,63.1104293,30.0781380
3.4838462,0.2023685,9.3737753,63.1121046,30.1372060
3.4833210,0.2088554,9.3763327,63.1173929,30.1962900
3.4821257,0.2204421,9.3789632,63.1253946,30.2653750
3.4800902,0.2360644,9.3815257,63.1351849,30.3277010
3.4770584,0.2546282,9.3838819,63.1458661,30.3889460
3.4729117,0.2750060,9.3859020,63.1566312,30.4466900
3.4675718,0.2962043,9.3874940,63.1668010,30.5040870
3.4609848,0.3174366,9.3886179,63.1758340,30.5627340
3.4531387,0.3379854,9.3892963,63.1833506,30.6355660
3.4440588,0.3573601,9.3896193,63.1891357,30.6931660
3.4338059,0.3752232,9.3897309,63.1931079,30.7570850
3.4224582,0.3913603,9.3898073,63.1952870,30.8152300
3.4101416,0.4056692,9.3900378,63.1957592,30.8729560
3.3969834,0.4180917,9.3905997,63.1946298,30.9348790
3.3831312,0.4285891,9.3916397,63.1919980,31.0072130
3.3687500,0.4371495,9.3932765,63.1879391,31.0649770
3.3540175,0.4437235,9.3955723,63.1824895,31.1234050
3.3391251,0.4482251,9.3985083,63.1756616,31.1821740
3.3242764,0.4505533,9.4020107,63.1674564,31.2398750
3.3096819,0.4505922,9.4059604,63.1578901,31.3162120
3.2955617,0.4482809,9.4102061,63.1470289,31.3735340
3.2821356,0.4436910,9.4146020,63.1350116,31.4340520
3.2696160,0.4370480,9.4190153,63.1220777,31.4954280
3.2581976,0.4287965,9.4233544,63.1085887,31.5532570
3.2480341,0.4195957,9.4275767,63.0950291,31.6133000
3.2392483,0.4102407,9.4316564,63.0819817,31.6883150
3.2318956,0.4017159,9.4356032,63.0701027,31.7460890
3.2259400,0.3949472,9.4394516,63.0600876,31.8061640
3.2213021,0.3909909,9.4432455,63.0526166,31.8648310
3.2178093,0.3908657,9.4470604,63.0483077,31.9221040
3.2152178,0.3954876,9.4509716,63.0476595,31.9842510
3.2132202,0.4055577,9.4550381,63.0510070,32.0560260
3.2114626,0.4215320,9.4592986,63.0584855,32.1161870
3.2095657,0.4434824,9.4637474,63.0700027,32.1779100
3.2071441,0.4711811,9.4683426,63.0852383,32.2355050
3.2038305,0.5040311,9.4730144,63.1036589,32.2929950
3.1992963,0.5411214,9.4776695,63.1245533,32.4264030
3.1932649,0.5812919,9.4822045,63.1470754,32.4867760
3.1855280,0.6232022,9.4865155,63.1703040,32.5484060
3.1759538,0.6654194,9.4905040,63.1933122,32.6059320
3.1644896,0.7065082,9.4940918,63.2152206,32.6663700
3.1511709,0.7451332,9.4972326,63.2352570,32.7250430
3.1361240,0.7801449,9.4999179,63.2528013,32.7963240
3.1194809,0.8106498,9.5021897,63.2674113,32.8546010
3.1015382,0.8360655,9.5041296,63.2788449,32.9131430
3.0825526,0.8561379,9.5058474,63.2870576,32.9742760
3.0628127,0.8709385,9.5074745,63.2921825,33.0321710
3.0425795,0.8808344,9.5091392,63.2944992,33.0899780
3.0220961,0.8864328,9.5109675,63.2943919,33.1680120
3.0015717,0.8885133,9.5130757,63.2923014,33.2259240
2.9811687,0.8879470,9.5155572,63.2886818,33.2835570
2.9610141,0.8856172,9.5184836,63.2839609,33.3422120
2.9411780,0.8823474,9.5218874,63.2785095,33.4009370
2.9216716,0.8788404,9.5257585,63.2726293,33.4723560
2.9024633,0.8756419,9.5300482,63.2665460,33.5338960
2.8834845,0.8731203,9.5346638,63.2604190,33.5920580
2.8646615,0.8714689,9.5394914,63.2543576,33.6496390
2.8459496,0.8707339,9.5444122,63.2484392,33.7090940
2.8273480,0.8708439,9.5493115,63.2427363,33.7678440
2.8089216,0.8716534,9.5541060,63.2373397,33.8402850
2.7908060,0.8729922,9.5587368,63.2323741,33.8997450
2.7732025,0.8746944,9.5631624,63.2280053,33.9584820
2.7563733,0.8766389,9.5673668,63.2244362,34.0163260
2.7406247,0.8787775,9.5713474,63.2218942,34.0788650
2.7262857,0.8811362,9.5751199,63.2206121,34.1502760
2.7136779,0.8838145,9.5787221,63.2207976,34.2093350
2.7030854,0.8869671,9.5821996,63.2226097,34.2677880
2.6947208,0.8907757,9.5855970,63.2261288,34.3272350
2.6886973,0.8954217,9.5889435,63.2313370,34.3856830
2.6850205,0.9010629,9.5922454,63.2381212,34.4440310
2.6835723,0.9078331,9.5954788,63.2462646,34.5190560
2.6841113,0.9157335,9.5985854,63.2554627,34.5766290
2.6862885,0.9246905,9.6014794,63.2653451,34.6404820
2.6896474,0.9346532,9.6040441,63.2754846,34.6982890
2.6936589,0.9454272,9.6061455,63.2854368,34.7558530
2.6977571,0.9567919,9.6076527,63.2947831,34.8181040
2.7013820,0.9684880,9.6084428,63.3031574,34.8891550
2.7039922,0.9802133,9.6084183,63.3102694,34.9492930
2.7051404,0.9916607,9.6075229,63.3159243,35.0108690
2.7044614,1.0025273,9.6057395,63.3200306,35.0687630
2.7017034,1.0125283,9.6031068,63.3225995,35.1264490
2.6967418,1.0214608,9.5997451,63.3237437,35.2016980
2.6895780,1.0291882,9.5958481,63.3236564,35.2608220
2.6803312,1.0356389,9.5916591,63.3225880,35.3181290
2.6692210,1.0408119,9.5874602,63.3208196,35.3764360
2.6565390,1.0447484,9.5835602,63.3186334,35.4346920
2.6426229,1.0475343,9.5802714,63.3162884,35.4942180
2.6278261,1.0492898,9.5778809,63.3139983,35.5653580
2.6124953,1.0501553,9.5766318,63.3119170,35.6232380
2.5969478,1.0502843,9.5767050,63.3101298,35.6811630
2.5814568,1.0498274,9.5782061,63.3086524,35.7401190
2.5662471,1.0489213,9.5811577,63.3074387,35.7978360
2.5514835,1.0476830,9.5854964,63.3063920,35.8712570
2.5372771,1.0462070,9.5910811,63.3053818,35.9331040
2.5236908,1.0445712,9.5977029,63.3042627,35.9932100
2.5107419,1.0428453,9.6050949,63.3028929,36.0541370
2.4984236,1.0410954,9.6129594,63.3011526,36.1122580
2.4867138,1.0393955,9.6209861,63.2989608,36.1703770
2.4755833,1.0378311,9.6288740,63.2962831,36.2473980
2.4650044,1.0365001,9.6363561,63.2931389,36.3057090
2.4549490,1.0355195,9.6432067,63.2895976,36.3656970
2.4453847,1.0350111,9.6492522,63.2857663,36.4267810
2.4362749,1.0350987,9.6543775,63.2817828,36.4848790
2.4275793,1.0358974,9.6585268,63.2777987,36.5421970
2.4192491,1.0374969,9.6617043,63.2739665,36.6169730
2.4112277,1.0399604,9.6639665,63.2704360,36.6745390
2.4034490,1.0433102,9.6654151,63.2673375,36.7347310
2.3958379,1.0475203,9.6661829,63.2647733,36.7967620
2.3883536,1.0525166,9.6664230,63.2628113,36.8544590
2.3808841,1.0581748,9.6663081,63.2614758,36.9162880
2.3734458,1.0643311,9.6660129,63.2607503,36.9881960
2.3660407,1.0707934,9.6657096,63.2605807,37.0482610
2.3587062,1.0773585,9.6655570,63.2608822,37.1092570
2.3514766,1.0838272,9.6656765,63.2615463,37.1672580
2.3443949,1.0900203,9.6661564,63.2624484,37.2247610
2.3375009,1.0957932,9.6670481,63.2634580,37.3006370
2.3308190,1.1010452,9.6683620,63.2644461,37.3584520
2.3243751,1.1057242,9.6700844,63.2652943,37.4158600
2.3181723,1.1098303,9.6721710,63.2659034,37.4744780
2.3121772,1.1134132,9.6745481,63.2661983,37.5331150
2.3063267,1.1165627,9.6771243,63.2661328,37.5910490
2.3005155,1.1194026,9.6797847,63.2656950,37.6658960
2.2946072,1.1220722,9.6824049,63.2649056,37.7241930
2.2884552,1.1247044,9.6848560,63.2638151,37.7845360
2.2819069,1.1274212,9.6870141,63.2624998,37.8459730
2.2747968,1.1303105,9.6887827,63.2610509,37.9040560
2.2669776,1.1334247,9.6900958,63.2595683,37.9775910
2.2584150,1.1367892,9.6909357,63.2581564,38.0374920
2.2491225,1.1403838,9.6913291,63.2569058,38.0952950
2.2390268,1.1441562,9.6913360,63.2558815,38.1547000
2.2281141,1.1480247,9.6910571,63.2551133,38.2132240
2.2165470,1.1518764,9.6906238,63.2545818,38.2710860
2.2045055,1.1555944,9.6901923,63.2542207,38.3454300
2.1921934,1.1590633,9.6899420,63.2539201,38.4032890
2.1798289,1.1621794,9.6900486,63.2535261,38.4619230
2.1676097,1.1648628,9.6906586,63.2528492,38.5230190
2.1557230,1.1670542,9.6918791,63.2516765,38.5805720
2.1443350,1.1687173,9.6937513,63.2497868,38.6422180
2.1335792,1.1698379,9.6962450,63.2469717,38.7149510
2.1235611,1.1704170,9.6992615,63.2430605,38.7755250
2.1143379,1.1704766,9.7026252,63.2379402,38.8367920
2.1059131,1.1700625,9.7061048,63.2315779,38.8947820
2.0982389,1.1692484,9.7094281,63.2240395,38.9522180
2.0912155,1.1681457,9.7123038,63.2155016,39.0278440
2.0847061,1.1669049,9.7144595,63.2062576,39.0872530
2.0785487,1.1657217,9.7156616,63.1967147,39.1449930
2.0725695,1.1648417,9.7157498,63.1873806,39.2087310
2.0665998,1.1645576,9.7146657,63.1788390,39.2669100
2.0604850,1.1652098,9.7124566,63.1717214,39.3246520
2.0540982,1.1671776,9.7092855,63.1666697,39.3994390
2.0473495,1.1708617,9.7054172,63.1642947,39.4570870
2.0401934,1.1766651,9.7011877,63.1651363,39.5175100
2.0326345,1.1849636,9.6969861,63.1696209,39.5787170
2.0247220,1.1960718,9.6932153,63.1780254,39.6364000
2.0165489,1.2102152,9.6902559,63.1904529,39.6963730
2.0082427,1.2275048,9.6884358,63.2068166,39.7684240
1.9999519,1.2479127,9.6879875,63.2268397,39.8257750
1.9918439,1.2712604,9.6890304,63.2500662,39.8843830
1.9840842,1.2972151,9.6915540,63.2758839,39.9456180
1.9768210,1.3252917,9.6954115,63.3035591,40.0032090
1.9701747,1.3548760,9.7003449,63.3322769,40.0649690
1.9642135,1.3852578,9.7059982,63.3611844,40.1364230
1.9589517,1.4156668,9.7119598,63.3894401,40.1967330
1.9543488,1.4453206,9.7178124,63.4162588,40.2578900
1.9503064,1.4734649,9.7231609,63.4409504,40.3156260
1.9466800,1.4994090,9.7276822,63.4629566,40.3729650
1.9432854,1.5225675,9.7311511,63.4818688,40.4490370
1.9399049,1.5424877,9.7334521,63.4974340,40.5065370
1.9363118,1.5588727,9.7345993,63.5095609,40.5641890
1.9322913,1.5715978,9.7347259,63.5183091,40.6223010
1.9276572,1.5807048,9.7340676,63.5238721,40.6809080
1.9222767,1.5863859,9.7329411,63.5265615,40.7397850
1.9160763,1.5889668,9.7316961,63.5267724,40.8115620
1.9090417,1.5888780,9.7306728,63.5249568,40.8700070
1.9012263,1.5866254,9.7301619,63.5215975,40.9309750
1.8927468,1.5827635,9.7303641,63.5171860,40.9890420
1.8837741,1.5778604,9.7313707,63.5122018,41.0463920
1.8745270,1.5724667,9.7331560,63.5070969,41.1051500
1.8652498,1.5670966,9.7355766,63.5022808,41.1803570
1.8561879,1.5622125,9.7383846,63.4981063,41.2377410
1.8475688,1.5582118,9.7412556,63.4948669,41.2961090
1.8395797,1.5554246,9.7438243,63.4927914,41.3546210
1.8323479,1.5541072,9.7457245,63.4920384,41.4125730
1.8259302,1.5544332,9.7466345,63.4926968,41.4887420
1.8203043,1.5565005,9.7463099,63.4947786,41.5474460
1.8153585,1.5603330,9.7446049,63.4982180,41.6071830
1.8109032,1.5658781,9.7414933,63.5028747,41.6683400
1.8066871,1.5730146,9.7370771,63.5085413,41.7259420
1.8024126,1.5815490,9.7315768,63.5149506,41.7836380
1.7977728,1.5912060,9.7253135,63.5217885,41.8599510
1.7924846,1.6016441,9.7186802,63.5287098,41.9178280
1.7862824,1.6124622,9.7120963,63.5353506,41.9753260
1.7789344,1.6232134,9.7059780,63.5413488,42.0341770
1.7703653,1.6334484,9.7007149,63.5463705,42.0930260
1.7606568,1.6427270,9.6966333,63.5501212,42.1537870
1.7498685,1.6506402,9.6939758,63.5523608,42.2258770
1.7380860,1.6568416,9.6928836,63.5529119,42.2832840
1.7255842,1.6610507,9.6933834,63.5516558,42.3410540
1.7127078,1.6630780,9.6953969,63.5485348,42.4050530
1.6998392,1.6628400,9.6987625,63.5435502,42.4630510
1.6873765,1.6603569,9.7032521,63.5367528,42.5371870
1.6756799,1.6557530,9.7085902,63.5282313,42.5996250
1.6650582,1.6492417,9.7144801,63.5181024,42.6573260
1.6557455,1.6411083,9.7206175,63.5065005,42.7151060
1.6478820,1.6316874,9.7267223,63.4935693,42.7734140
1.6415198,1.6213359,9.7325632,63.4794612,42.8352560
1.6366097,1.6104110,9.7379659,63.4643333,42.9037360
1.6330042,1.5992461,9.7428317,63.4483465,42.9622280
1.6304716,1.5881373,9.7471199,63.4316712,43.0208290
1.6287051,1.5773373,9.7508352,63.4144902,43.0786300
1.6273519,1.5670472,9.7540211,63.3970030,43.1402760
1.6260422,1.5574201,9.7567331,63.3794304,43.2125920
1.6244124,1.5485624,9.7590387,63.3620123,43.2734130
1.6221374,1.5405383,9.7610150,63.3450009,43.3324750
1.6189487,1.5333833,9.7627287,63.3286558,43.3902270
1.6146494,1.5271138,9.7642341,63.3132329,43.4492560
1.6091248,1.5217397,9.7655624,63.2989725,43.5116640
1.6023433,1.5172755,9.7667050,63.2860899,43.5809820
1.5943527,1.5137438,9.7676251,63.2747603,43.6398540
1.5852671,1.5111750,9.7682678,63.2651061,43.6972970
1.5752548,1.5096046,9.7685636,63.2571891,43.7591970
1.5645203,1.5090690,9.7684539,63.2510041,43.8203710
1.5532856,1.5095967,9.7678946,63.2464791,43.8782290
1.5417745,1.5112034,9.7668610,63.2434789,43.9528780
1.5301935,1.5138804,9.7653659,63.2418134,44.0106570
1.5187173,1.5175843,9.7634522,63.2412514,44.0681690
1.5074828,1.5222351,9.7612003,63.2415345,44.1265890
1.4965835,1.5277114,9.7587259,63.2423926,44.1882990
1.4860719,1.5338545,9.7561679,63.2435610,44.2570670
1.4759671,1.5404798,9.7536914,63.2447956,44.3155090
1.4662574,1.5473815,9.7514710,63.2458851,44.3747660
1.4569095,1.5543421,9.7496815,63.2466628,44.4329550
1.4478766,1.5611443,9.7484866,63.2470107,44.4976500
1.4390959,1.5675776,9.7480183,63.2468520,44.5567580
1.4304985,1.5734490,9.7483757,63.2461530,44.6278340
1.4220134,1.5785932,9.7496189,63.2449168,44.6893700
1.4135670,1.5828803,9.7517669,63.2431742,44.7471860
1.4050942,1.5862152,9.7548074,63.2409831,44.8047660
1.3965345,1.5885446,9.7586926,63.2384157,44.8666570
1.3878291,1.5898599,9.7633406,63.2355439,44.9251590
1.3789266,1.5901929,9.7686405,63.2324368,44.9937130
1.3697846,1.5896217,9.7744501,63.2291547,45.0522120
1.3603732,1.5882650,9.7806033,63.2257440,45.1107670
1.3506828,1.5862740,9.7869162,63.2222414,45.1718400
1.3407229,1.5838312,9.7931932,63.2186702,45.2335700
1.3305219,1.5811459,9.7992325,63.2150337,45.3023790
1.3201292,1.5784437,9.8048348,63.2113228,45.3630640
1.3096123,1.5759603,9.8098124,63.2075188,45.4244500
1.2990587,1.5739276,9.8139970,63.2035988,45.4825130
1.2885707,1.5725534,9.8172543,63.1995481,45.5432130
1.2782610,1.5720127,9.8194923,63.1953629,45.6019560
1.2682477,1.5724348,9.8206688,63.1910524,45.6718280
1.2586424,1.5738962,9.8207975,63.1866447,45.7293890
1.2495449,1.5764201,9.8199508,63.1821894,45.7882010
1.2410336,1.5799743,9.8182569,63.1777573,45.8496800
1.2331556,1.5844760,9.8158965,63.1734400,45.9079060
1.2259254,1.5897966,9.8130897,63.1693438,45.9674740
1.2193203,1.5957767,9.8100717,63.1655810,46.0365070
1.2132804,1.6022379,9.8070779,63.1622627,46.0954320
1.2077144,1.6089973,9.8043218,63.1594882,46.1532790
1.2025013,1.6158840,9.8019766,63.1573381,46.2143490
1.1974976,1.6227473,9.8001667,63.1558673,46.2718160
1.1925476,1.6294674,9.7989524,63.1550990,46.3416340
1.1874908,1.6359603,9.7983205,63.1550236,46.3998490
1.1821743,1.6421782,9.7981877,63.1555961,46.4581840
1.1764654,1.6481067,9.7984106,63.1567381,46.5197780
1.1702584,1.6537589,9.7987981,63.1583437,46.5773410
1.1634816,1.6591662,9.7991376,63.1602850,46.6392180
1.1560999,1.6643671,9.7992151,63.1624221,46.7081000
1.1481125,1.6693998,9.7988257,63.1646140,46.7681400
1.1395514,1.6742914,9.7978045,63.1667257,46.8291790
1.1304774,1.6790475,9.7960416,63.1686366,46.8906520
1.1209717,1.6836553,9.7934966,63.1702463,46.9480070
1.1111275,1.6880763,9.7902268,63.1714751,47.0069890
1.1010412,1.6922541,9.7863762,63.1722672,47.0765100
1.0907999,1.6961272,9.7821684,63.1725904,47.1348950
1.0804792,1.6996280,9.7778925,63.1724336,47.1964130
1.0701392,1.7026975,9.7738640,63.1718055,47.2578040
1.0598227,1.7052915,9.7704058,63.1707308,47.3167200
1.0495569,1.7073799,9.7678243,63.1692476,47.3895150
1.0393539,1.7089626,9.7663757,63.1674034,47.4483150
1.0292130,1.7100670,9.7662491,63.1652526,47.5084810
1.0191266,1.7107491,9.7675436,63.1628556,47.5734200
1.0090876,1.7110967,9.7702485,63.1602770,47.6311640
0.9990944,1.7112129,9.7742495,63.1575855,47.6911880
0.9891532,1.7112072,9.7793412,63.1548532,47.7909060
0.9792813,1.7111853,9.7852417,63.1521537,47.8540520
0.9695048,1.7112334,9.7916275,63.1495587,47.9127530
0.9598597,1.7114162,9.7981517,63.1471393,47.9701610
0.9503930,1.7117766,9.8044639,63.1449633,48.0327670
0.9411565,1.7123308,9.8102422,63.1430941,48.0907180
0.9322022,1.7130705,9.8152117,63.1415921,48.1646540
0.9235768,1.7139675,9.8191693,63.1405104,48.2263590
0.9153154,1.7149782,9.8219994,63.1398947,48.2838880
0.9074398,1.7160542,9.8236750,63.1397837,48.3441450
0.8999588,1.7171537,9.8242541,63.1402077,48.4054580
0.8928664,1.7182498,9.8238637,63.1411938,48.4743410
0.8861430,1.7193373,9.8226863,63.1427680,48.5355780
0.8797581,1.7204387,9.8209382,63.1449574,48.5939910
0.8736719,1.7216090,9.8188450,63.1477942,48.6521550
0.8678413,1.7229324,9.8166266,63.1513118,48.7097540
0.8622243,1.7245168,9.8144771,63.1555445,48.7690330
0.8567828,1.7264860,9.8125534,63.1605238,48.8415060
0.8514885,1.7289652,9.8109733,63.1662738,48.9027930
0.8463190,1.7320701,9.8098074,63.1728063,48.9607400
0.8412546,1.7358989,9.8090794,63.1801117,49.0183530
0.8362766,1.7405153,9.8087744,63.1881524,49.0801410
0.8313582,1.7459387,9.8088487,63.1968553,49.1378820
0.8264666,1.7521360,9.8092401,63.2061092,49.2094420
0.8215633,1.7590135,9.8098817,63.2157663,49.2682700
0.8165999,1.7664207,9.8107068,63.2256434,49.3268350
0.8115211,1.7741583,9.8116462,63.2355298,49.3843450
0.8062621,1.7819866,9.8126417,63.2451948,49.4426560
0.8007466,1.7896418,9.8136454,63.2543990,49.5038410
0.7948956,1.7968528,9.8146197,63.2629106,49.5751530
0.7886326,1.8033589,9.8155448,63.2705224,49.6368060
0.7818926,1.8089302,9.8164036,63.2770675,49.6949680
0.7746352,1.8133819,9.8171768,63.2824331,49.7523550
0.7668487,1.8165889,9.8178462,63.2865706,49.8109050
0.7585543,1.8184925,9.8183921,63.2894983,49.8827760
0.7498103,1.8191046,9.8187994,63.2913042,49.9403630
0.7407064,1.8185089,9.8190677,63.2921405,49.9987180
0.7313621,1.8168523,9.8192093,63.2922133,50.0572210
0.7219217,1.8143358,9.8192427,63.2917688,50.1154450
0.7125410,1.8111967,9.8192039,63.2910747,50.1770970
0.7033780,1.8076900,9.8191370,63.2903993,50.2485750
0.6945796,1.8040720,9.8190938,63.2899946,50.3091120
0.6862670,1.8005818,9.8191409,63.2900790,50.3705490
0.6785281,1.7974307,9.8193362,63.2908262,50.4282070
0.6714095,1.7947918,9.8197215,63.2923611,50.4859820
0.6649122,1.7927939,9.8203160,63.2947552,50.5443440
0.6589911,1.7915183,9.8211022,63.2980301,50.6170230
0.6535594,1.7910001,9.8220351,63.3021635,50.6744950
0.6484953,1.7912358,9.8230470,63.3070963,50.7327560
0.6436534,1.7921893,9.8240497,63.3127455,50.7913180
0.6388779,1.7938042,9.8249452,63.3190160,50.8493720
0.6340142,1.7960133,9.8256305,63.3258116,50.9259410
0.6289224,1.7987394,9.8260085,63.3330432,50.9842720
0.6234886,1.8019089,9.8259973,63.3406350,51.0447180
0.6176333,1.8054550,9.8255396,63.3485273,51.1060240
0.6113176,1.8093192,9.8246110,63.3566744,51.1636200
0.6045414,1.8134641,9.8232223,63.3650418,51.2237070
0.5973418,1.8178637,9.8214233,63.3735997,51.2970540
0.5897856,1.8224971,9.8193028,63.3823142,51.3548890
0.5819611,1.8273488,9.8169787,63.3911419,51.4137580
0.5739702,1.8323904,9.8145927,63.4000257,51.4716660
0.5659164,1.8375825,9.8122956,63.4088903,51.5297060
0.5578954,1.8428737,9.8102299,63.4176420,51.5905060
0.5499843,1.8481942,9.8085251,63.4261695,51.6603240
0.5422360,1.8534645,9.8072797,63.4343483,51.7180970
0.5346747,1.8585960,9.8065558,63.4420477,51.7765720
0.5272955,1.8634937,9.8063750,63.4491411,51.8351120
0.5200684,1.8680669,9.8067134,63.4555153,51.8925850
0.5129399,1.8722311,9.8075143,63.4610763,51.9540270
0.5058415,1.8759168,9.8086926,63.4657592,52.0268720
0.4986995,1.8790757,9.8101508,63.4695321,52.0841430
0.4914401,1.8816855,9.8117886,63.4723999,52.1476990
0.4839978,1.8837503,9.8135082,63.4744084,52.2055860
0.4763210,1.8853006,9.8152292,63.4756392,52.2632760
0.4683722,1.8863928,9.8168908,63.4762068,52.3402510
0.4601346,1.8870996,9.8184632,63.4762489,52.3989310
0.4516144,1.8875062,9.8199518,63.4759143,52.4595800
0.4428389,1.8877036,9.8213899,63.4753546,52.5209720
0.4338576,1.8877791,9.8228349,63.4747121,52.5790470
0.4247346,1.8878140,9.8243512,63.4741141,52.6397060
0.4155419,1.8878815,9.8259946,63.4736718,52.7129530
0.4063563,1.8880426,9.8278017,63.4734737,52.7713360
0.3972528,1.8883456,9.8297752,63.4735852,52.8286630
0.3883019,1.8888246,9.8318842,63.4740490,52.8873480
0.3795727,1.8894985,9.8340657,63.4748860,52.9458870
0.3711269,1.8903723,9.8362288,63.4761013,53.0067860
0.3630165,1.8914389,9.8382686,63.4776918,53.0787780
0.3552856,1.8926827,9.8400672,63.4796514,53.1362650
0.3479616,1.8940820,9.8415082,63.4819740,53.1936010
0.3410595,1.8956128,9.8424855,63.4846590,53.2577450
0.3345859,1.8972542,9.8429088,63.4877136,53.3189770
0.3285340,1.8989883,9.8427221,63.4911538,53.3896340
0.3228893,1.9008072,9.8418932,63.4950082,53.4519940
0.3176273,1.9027126,9.8404218,63.4993137,53.5096560
0.3127083,1.9047143,9.8383397,63.5041097,53.5675570
0.3080843,1.9068339,9.8356947,63.5094352,53.6259120
0.3036980,1.9091011,9.8325601,63.5153233,53.6877670
0.2994845,1.9115519,9.8290182,63.5217964,53.7562090
0.2953769,1.9142296,9.8251404,63.5288631,53.8148450
0.2913033,1.9171749,9.8209962,63.5365147,53.8735450
0.2871869,1.9204196,9.8166436,63.5447206,53.9311870
0.2829492,1.9239824,9.8121329,63.5534302,53.9927140
0.2785078,1.9278611,9.8075291,63.5625757,54.0514880
0.2737844,1.9320306,9.8028985,63.5720743,54.1216840
0.2687109,1.9364451,9.7983032,63.5818346,54.1811170
0.2632319,1.9410342,9.7938120,63.5917610,54.2393030
0.2573104,1.9457024,9.7894893,63.6017595,54.3011210
0.2509284,1.9503343,9.7854087,63.6117427,54.3623810
0.2440856,1.9547946,9.7816704,63.6216325,54.4329120
0.2368018,1.9589375,9.7783872,63.6313632,54.4953540
0.2291177,1.9626186,9.7756804,63.6408810,54.5529200
0.2210922,1.9656993,9.7736667,63.6501445,54.6104900
0.2127995,1.9680578,9.7724349,63.6591233,54.6717170
0.2043241,1.9695972,9.7720384,63.6677955,54.7303970
0.1957544,1.9702515,9.7724825,63.6761455,54.7993190
0.1871774,1.9699948,9.7737217,63.6841608,54.8578000
0.1786765,1.9688473,9.7756565,63.6918311,54.9165600
0.1703244,1.9668755,9.7781400,63.6991479,54.9750310
0.1621778,1.9641900,9.7809984,63.7061055,55.0409850
0.1542753,1.9609398,9.7840313,63.7127047,55.0999140
0.1466336,1.9573054,9.7870352,63.7189588,55.1715300
0.1392487,1.9534873,9.7898202,63.7248969,55.2329950
0.1320995,1.9496962,9.7922107,63.7305701,55.2905410
0.1251499,1.9461393,9.7940825,63.7360531,55.3515770
0.1183528,1.9430039,9.7953741,63.7414432,55.4104730
0.1116567,1.9404497,9.7960912,63.7468610,55.4800590
0.1050106,1.9385981,9.7963218,63.7524452,55.5385150
0.0983707,1.9375298,9.7962039,63.7583480,55.5968160
0.0917078,1.9372871,9.7959013,63.7647270,55.6553500
0.0850096,1.9378753,9.7955842,63.7717351,55.7161480
0.0782832,1.9392689,9.7953908,63.7795085,55.7785970
0.0715543,1.9414158,9.7954258,63.7881558,55.8474590
0.0648615,1.9442446,9.7957471,63.7977483,55.9079150
0.0582535,1.9476717,9.7963556,63.8083122,55.9691220
0.0517809,1.9516076,9.7972031,63.8198237,56.0301520
0.0454907,1.9559642,9.7981839,63.8322086,56.0878140
0.0394217,1.9606549,9.7991555,63.8453430,56.1470110
0.0335970,1.9655968,9.7999547,63.8590604,56.2166580
0.0280207,1.9707108,9.8004157,63.8731612,56.2742010
0.0226743,1.9759158,9.8004038,63.8874243,56.3329700
0.0175123,1.9811308,9.7998260,63.9016222,56.3945440
0.0124668,1.9862696,9.7986530,63.9155345,56.4527120
0.0074519,1.9912376,9.7969316,63.9289626,56.5145700
0.0023707,1.9959336,9.7947771,63.9417385,56.5836160
-0.0028728,2.0002479,9.7923703,63.9537301,56.6439050
-0.0083664,2.0040679,9.7899361,63.9648463,56.7054560
-0.0141819,2.0072820,9.7877164,63.9750363,56.7632960
-0.0203680,2.0097875,9.7859497,63.9842891,56.8221230
-0.0269467,2.0114976,9.7848376,63.9926305,56.8909310
-0.0339117,2.0123480,9.7845257,64.0001147,56.9490650
-0.0412286,2.0123037,9.7850845,64.0068155,57.0098170
-0.0488374,2.0113643,9.7864972,64.0128188,57.0704570
-0.0566623,2.0095636,9.7886718,64.0182158,57.1280110
-0.0646165,2.0069730,9.7914428,64.0230984,57.1865990
-0.0726091,2.0037014,9.7945879,64.0275580,57.2565720
-0.0805574,1.9998882,9.7978534,64.0316839,57.3146080
-0.0883860,1.9957013,9.8009653,64.0355646,57.3793640
-0.0960374,1.9913261,9.8036656,64.0392908,57.4374480
-0.1034794,1.9869551,9.8057402,64.0429590,57.4949590
-0.1106997,1.9827791,9.8070349,64.0466750,57.5567940
-0.1177114,1.9789741,9.8074811,64.0505548,57.6255580
-0.1245462,1.9756925,9.8070932,64.0547245,57.6833020
-0.1312444,1.9730528,9.8059621,64.0593171,57.7447600
-0.1378550,1.9711348,9.8042509,64.0644678,57.8034080
-0.1444233,1.9699803,9.8021645,64.0703066,57.8613640
-0.1509870,1.9695914,9.7999353,64.0769502,57.9335000
-0.1575738,1.9699354,9.7978002,64.0844923,57.9936890
-0.1641916,1.9709489,9.7959712,64.0929935,58.0540590
-0.1708308,1.9725442,9.7946301,64.1024742,58.1125610
-0.1774619,1.9746201,9.7939072,64.1129089,58.1711490
-0.1840342,1.9770739,9.7938734,64.1242226,58.2299220
-0.1904840,1.9798108,9.7945386,64.1362925,58.3031380
-0.1967365,1.9827521,9.7958438,64.1489531,58.3610150
-0.2027146,1.9858407,9.7976746,64.1620029,58.4243640
-0.2083474,1.9890414,9.7998700,64.1752142,58.4854130
-0.2135771,1.9923434,9.8022415,64.1883472,58.5432850
-0.2183645,1.9957619,9.8045937,64.2011615,58.6008100
-0.2226955,1.9993311,9.8067340,64.2134309,58.6725030
-0.2265841,2.0031016,9.8084891,64.2249592,58.7330760
-0.2300738,2.0071262,9.8097125,64.2355875,58.7935840
-0.2332387,2.0114479,9.8102858,64.2452041,58.8548490
-0.2361808,2.0160922,9.8101302,64.2537493,58.9124900
-0.2390231,2.0210578,9.8092061,64.2612145,58.9855660
-0.2419050,2.0263139,9.8075154,64.2676434,59.0439000
-0.2449749,2.0317974,9.8051154,64.2731253,59.1074560
-0.2483810,2.0374117,9.8021102,64.2777877,59.1685560
-0.2522644,2.0430279,9.7986564,64.2817878,59.2262440
-0.2567487,2.0484904,9.7949505,64.2852993,59.2836750
-0.2619311,2.0536253,9.7912012,64.2885025,59.3539490
-0.2678768,2.0582500,9.7876256,64.2915735,59.4150890
-0.2746150,2.0621866,9.7844217,64.2946754,59.4740130
-0.2821363,2.0652724,9.7817643,64.2979506,59.5328660
-0.2903939,2.0673700,9.7798130,64.3015157,59.5909830
-0.2993051,2.0683793,9.7786866,64.3054589,59.6518670
-0.3087545,2.0682457,9.7784647,64.3098379,59.7207270
-0.3186021,2.0669671,9.7791698,64.3146842,59.7840500
-0.3286893,2.0646017,9.7807401,64.3200069,59.8450920
-0.3388481,2.0612655,9.7830451,64.3257977,59.9027730
-0.3489108,2.0571285,9.7858867,64.3320375,59.9602880
-0.3587164,2.0524079,9.7890184,64.3387004,60.0191280
-0.3681197,2.0473527,9.7921823,64.3457591,60.0918190
-0.3769970,2.0422333,9.7951200,64.3531893,60.1493840
-0.3852501,2.0373267,9.7975961,64.3609731,60.2132510
-0.3928112,2.0329007,9.7994178,64.3691029,60.2710200
-0.3996446,2.0292021,9.8004412,64.3775830,60.3289220
-0.4057463,2.0264419,9.8005908,64.3864298,60.4021110
-0.4111423,2.0247837,9.7998666,64.3956702,60.4637260
-0.4158865,2.0243368,9.7983426,64.4053382,60.5241200
-0.4200559,2.0251512,9.7961670,64.4154735,60.5853350
-0.4237471,2.0272163,9.7935445,64.4261154,60.6437970
-0.4270739,2.0304626,9.7907162,64.4372982,60.7038120
-0.4301593,2.0347698,9.7879378,64.4490461,60.7770050
-0.4331311,2.0399709,9.7854506,64.4613645,60.8346570
-0.4361163,2.0458663,9.7834596,64.4742370,60.8986680
-0.4392305,2.0522412,9.7821126,64.4876222,60.9563860
-0.4425801,2.0588705,9.7814874,64.5014521,61.0139140
-0.4462581,2.0655369,9.7815842,64.5156342,61.0757080
-0.4503400,2.0720363,9.7823265,64.5300518,61.1472130
-0.4548906,2.0781715,9.7835754,64.5445624,61.2049670
-0.4599540,2.0837766,9.7851368,64.5590110,61.2689190
-0.4655383,2.0887187,9.7867865,64.5732346,61.3270110
-0.4716228,2.0929025,9.7882896,64.5870753,61.3845610
-0.4781901,2.0962943,9.7894111,64.6004025,61.4605380
-0.4852023,2.0988971,9.7899537,64.6131086,61.5190980
-0.4925210,2.1007229,9.7897757,64.6251175,61.5766300
-0.4999992,2.1018381,9.7888055,64.6363912,61.6403140
-0.5075938,2.1022929,9.7870685,64.6469266,61.6981790
-0.5152532,2.1021549,9.7846638,64.6567628,61.7558500
-0.5228822,2.1014997,9.7817499,64.6659771,61.8309580
-0.5303737,2.1003977,9.7785340,64.6746746,61.8886540
-0.5376608,2.0989022,9.7752364,64.6829744,61.9491690
-0.5446965,2.0970433,9.7720877,64.6909979,62.0078260
-0.5514546,2.0948250,9.7693146,64.6988581,62.0658550
-0.5579383,2.0922209,9.7671151,64.7066475,62.1244630
-0.5641945,2.0891747,9.7656455,64.7144309,62.1964860
-0.5702864,2.0856098,9.7649984,64.7222443,62.2543090
-0.5762819,2.0814389,9.7651934,64.7300984,62.3129150
-0.5822466,2.0765851,9.7661754,64.7379899,62.3704860
-0.5882277,2.0710118,9.7678198,64.7459196,62.4289100
-0.5942533,2.0647389,9.7699429,64.7539108,62.4901890
-0.6003251,2.0578638,9.7723109,64.7620282,62.5620540
-0.6064126,2.0505809,9.7746580,64.7703990,62.6213250
-0.6124523,2.0431861,9.7767045,64.7792286,62.6800800
-0.6183428,2.0360861,9.7781798,64.7888068,62.7379600
-0.6239490,2.0297937,9.7788437,64.7995100,62.7994430
-0.6291060,2.0249053,9.7785033,64.8117876,62.8718300
-0.6336232,2.0220719,9.7770296,64.8261402,62.9328070
-0.6372990,2.0219506,9.7743635,64.8430863,62.9939860
-0.6399291,2.0251509,9.7705190,64.8631203,63.0516870
-0.6413220,2.0321834,9.7655876,64.8866685,63.1104000
-0.6413173,2.0434064,9.7597330,64.9140419,63.1687340
-0.6397901,2.0589857,9.7531782,64.9453974,63.2416510
-0.6366674,2.0788642,9.7462034,64.9807085,63.2992280
-0.6319308,2.1027426,9.7391171,65.0197421,63.3579540
-0.6256072,2.1300772,9.7322282,65.0620500,63.4199810
-0.6177857,2.1601047,9.7258371,65.1069840,63.4778190
-0.6086191,2.1918809,9.7201964,65.1537227,63.5424720
-0.5983131,2.2243386,9.7155013,65.2013160,63.6119700
-0.5871222,2.2563629,9.7118841,65.2487479,63.6694060
-0.5753314,2.2868571,9.7093937,65.2949908,63.7277570
-0.5632454,2.3148158,9.7080093,65.3390664,63.7893190
-0.5511709,2.3393944,9.7076432,65.3801079,63.8469060
-0.5393919,2.3599601,9.7081538,65.4174106,63.9231560
-0.5281697,2.3761337,9.7093692,65.4504698,63.9818750
-0.5177305,2.3878071,9.7111026,65.4790048,64.0421880
-0.5082588,2.3951341,9.7131780,65.5029577,64.1033100
-0.4999041,2.3984988,9.7154490,65.5224731,64.1609420
-0.4927632,2.3984705,9.7178137,65.5378665,64.2215300
-0.4868803,2.3957382,9.7202235,65.5495750,64.2930900
-0.4822505,2.3910450,9.7226806,65.5581038,64.3504640
-0.4788151,2.3851281,9.7252294,65.5639710,64.4110980
-0.4764838,2.3786433,9.7279390,65.5676535,64.4729570
-0.4751399,2.3721182,9.7308858,65.5695460,64.5304430
-0.4746522,2.3659138,9.7341317,65.5699309,64.6051680
-0.4748835,2.3601896,9.7377016,65.5689627,64.6649980
-0.4756959,2.3549242,9.7415716,65.5666750,64.7244670
-0.4769748,2.3499652,9.7456596,65.5629990,64.7821190
-0.4786181,2.3450118,9.7498239,65.5577980,64.8403730
-0.4805263,2.3396964,9.7538745,65.5509128,64.9013180
-0.4826373,2.3336242,9.7575837,65.5422009,64.9732980
-0.4848747,2.3264649,9.7607049,65.5315791,65.0312160
-0.4872015,2.3179646,9.7629998,65.5190572,65.0896040
-0.4897448,2.3079734,9.7642597,65.5047611,65.1480950
-0.4926654,2.2964854,9.7643342,65.4889462,65.2055580
-0.4961032,2.2836332,9.7631593,65.4719869,65.2707520
-0.5002491,2.2696819,9.7607652,65.4543604,65.3402400
-0.5053060,2.2549885,9.7572890,65.4366114,65.4002140
-0.5114819,2.2399718,9.7529648,65.4193114,65.4612560
-0.5190261,2.2251012,9.7480895,65.4030318,65.5189640
-0.5281783,2.2108360,9.7430101,65.3882938,65.5795240
-0.5390119,2.1975428,9.7380875,65.3755285,65.6529150
-0.5514245,2.1855151,9.7336653,65.3650524,65.7104250
-0.5652584,2.1748778,9.7300651,65.3570397,65.7706050
-0.5802135,2.1656012,9.7275439,65.3515237,65.8316480
-0.5957794,2.1575199,9.7262741,65.3484111,65.8893570
-0.6112443,2.1503394,9.7263319,65.3474954,65.9527790
-0.6257756,2.1436709,9.7276714,65.3484815,66.0224540
-0.6384539,2.1370750,9.7301405,65.3510176,66.0800310
-0.6483221,2.1301049,9.7334977,65.3547247,66.1384360
-0.6544643,2.1223733,9.7374290,65.3592302,66.1998360
-0.6561059,2.1135974,9.7415934,65.3641946,66.2606060
-0.6526819,2.1036430,9.7456307,65.3693279,66.3338280
-0.6439079,2.0925566,9.7492055,65.3743987,66.3923670
-0.6298200,2.0805611,9.7520282,65.3792348,66.4528880
-0.6107966,2.0680568,9.7538819,65.3837171,66.5143260
-0.5875545,2.0555852,9.7546341,65.3877672,66.5722440
-0.5611010,2.0437718,9.7542440,65.3913305,66.6354080
-0.5326942,2.0332881,9.7527674,65.3943612,66.7049820
-0.5037609,2.0247778,9.7503370,65.3968093,66.7623830
-0.4757963,2.0188029,9.7471568,65.3986115,66.8207140
-0.4502768,2.0158058,9.7434946,65.3996925,66.8794140
-0.4285340,2.0160438,9.7396447,65.3999599,66.9400280
-0.4116489,2.0195651,9.7359147,65.3993127,67.0020100
-0.4003932,2.0261980,9.7326009,65.3976507,67.0710950
-0.3951747,2.0355607,9.7299523,65.3948833,67.1310040
-0.3960134,2.0470893,9.7281737,65.3909459,67.1905780
-0.4026400,2.0600630,9.7274195,65.3858067,67.2482930
-0.4144008,2.0736684,9.7277811,65.3794716,67.3104500
-0.4303653,2.0870684,9.7292941,65.3719874,67.3681950
-0.4494224,2.0994468,9.7319298,65.3634363,67.4377500
-0.4704160,2.1100522,9.7355774,65.3539239,67.4986540
-0.4921730,2.1182478,9.7400609,65.3435708,67.5565370
-0.5135685,2.1235429,9.7451466,65.3324991,67.6171930
-0.5336121,2.1256161,9.7505557,65.3208229,67.6755030
-0.5515161,2.1243374,9.7559936,65.3086519,67.7459960
-0.5667121,2.1197658,9.7611636,65.2960851,67.8037330
-0.5788614,2.1121395,9.7657837,65.2832126,67.8622990
-0.5878615,2.1018616,9.7696068,65.2701250,67.9207880
-0.5938134,2.0894722,9.7724415,65.2569244,67.9813840
-0.5969956,2.0756236,9.7741620,65.2437369,68.0398480
-0.5978244,2.0610549,9.7747107,65.2307279,68.1122410
-0.5968066,2.0465579,9.7741118,65.2181108,68.1708120
-0.5945082,2.0329430,9.7724599,65.2061480,68.2328750
-0.5915093,2.0210076,9.7699179,65.1951515,68.2939820
-0.5883736,2.0114981,9.7667186,65.1854789,68.3517920
-0.5856135,2.0050813,9.7631304,65.1775109,68.4250320
-0.5836579,2.0023232,9.7594366,65.1716287,68.4840620
-0.5828396,2.0036585,9.7559109,65.1681859,68.5418230
-0.5833654,2.0093815,9.7528313,65.1674778,68.6000810
-0.5853305,2.0196163,9.7503808,65.1697118,68.6618390
-0.5887155,2.0342857,9.7487270,65.1749808,68.7194930
-0.5933856,2.0530992,9.7479630,65.1832417,68.7934930
-0.5991322,2.0755844,9.7481094,65.1942976,68.8512280
-0.6056597,2.1010694,9.7491088,65.2078037,68.9086110
-0.6125748,2.1287336,9.7508332,65.2232854,68.9754270
-0.6194461,2.1576328,9.7530877,65.2401591,69.0335700
-0.6257694,2.1868008,9.7556210,65.2577715,69.0911060
-0.6310146,2.2152753,9.7581445,65.2754387,69.1665790
-0.6348213,2.2421337,9.7603446,65.2924900,69.2243500
-0.6369764,2.2665635,9.7619106,65.3083200,69.2846150
-0.6373519,2.2879229,9.7625626,65.3224338,69.3494680
-0.6359517,2.3057897,9.7620656,65.3344911,69.4070630
-0.6329018,2.3199802,9.7602550,65.3443351,69.4769600
-0.6284364,2.3305621,9.7570482,65.3520092,69.5383760
-0.6228769,2.3378500,9.7524460,65.3577621,69.5961640
-0.6166026,2.3423773,9.7465438,65.3620272,69.6591450
-0.6100022,2.3448456,9.7395256,65.3653908,69.7202810
-0.6034194,2.3460693,9.7316512,65.3685507,69.7779740
-0.5971190,2.3469254,9.7232407,65.3722590,69.8497480
-0.5912438,2.3482453,9.7146507,65.3772648,69.9075620
-0.5857757,2.3507961,9.7062385,65.3842606,69.9652820
-0.5805446,2.3552007,9.6983593,65.3938199,70.0266240
-0.5752628,2.3618986,9.6913186,65.4063455,70.0843940
-0.5695340,2.3711154,9.6853678,65.4220346,70.1909340
-0.5628976,2.3828368,9.6806837,65.4408526,70.2533660
-0.5548763,2.3968155,9.6773668,65.4625262,70.3152200
-0.5450013,2.4125814,9.6754669,65.4865562,70.3727420
-0.5328760,2.4294790,9.6749733,65.5122442,70.4302190
-0.5182182,2.4467194,9.6757859,65.5387270,70.4886240
-0.5008651,2.4634231,9.6777009,65.5650363,70.5614700
-0.4807889,2.4786887,9.6808622,65.5901718,70.6189160
-0.4580612,2.4916316,9.6847125,65.6131478,70.6826010
-0.4327956,2.5014094,9.6893843,65.6330562,70.7406650
-0.4051201,2.5072744,9.6945231,65.6491157,70.7982400
-0.3751267,2.5086345,9.7000537,65.6606908,70.8602700
-0.3428422,2.5050025,9.7058609,65.6673367,70.9322660
-0.3082339,2.4961326,9.7117163,65.6688128,70.9899430
-0.2711920,2.4819645,9.7176004,65.6650714,71.0483110
-0.2315272,2.4626123,9.7233785,65.6562517,71.1069340
-0.1890169,2.4383708,9.7289647,65.6426321,71.1643920
-0.1434567,2.4096796,9.7342930,65.6245777,71.2404780
-0.0946846,2.3771259,9.7393207,65.6025120,71.2981100
-0.0427406,2.3414512,9.7440086,65.5768914,71.3554690
0.0121816,2.3034792,9.7483536,65.5481630,71.4194480
0.0696982,2.2641207,9.7524040,65.5167460,71.4774390
0.1292085,2.2243232,9.7562886,65.4830203,71.5351240
0.1897724,2.1850082,9.7600909,65.4473109,71.6099670
0.2501974,2.1470762,9.7639452,65.4099078,71.6675010
0.3091612,2.1113563,9.7680216,65.3711024,71.7273940
0.3652651,2.0786285,9.7724753,65.3311796,71.7886440
0.4169424,2.0496975,9.7776714,65.2904000,71.8462390
0.4627886,2.0252157,9.7838109,65.2490750,71.9224930
0.5015091,2.0058801,9.7909248,65.2075143,71.9812430
0.5326961,1.9914230,9.7974663,65.1662630,72.0413390
0.5560982,1.9829616,9.8043868,65.1257130,72.1026890
0.5709011,1.9792246,9.8112957,65.0864069,72.1603020
0.5773824,1.9808934,9.8173547,65.0489820,72.2204520
0.5754864,1.9877064,9.8214792,65.0141620,72.2932360
0.5675190,1.9992815,9.8236598,64.9826447,72.3506300
0.5538341,2.0158920,9.8224563,64.9551333,72.4121680
0.5378120,2.0365089,9.8181974,64.9322350,72.4700670
0.5202871,2.0618366,9.8100103,64.9144923,72.5290430
0.5031019,2.0917313,9.7987576,64.9022147,72.5872050
0.4883782,2.1263784,9.7847932,64.8954330,72.6590540
0.4777936,2.1660433,9.7695873,64.8937510,72.7204860
0.4729183,2.2109482,9.7548900,64.8962251,72.7781020
0.4750704,2.2610508,9.7429355,64.9011821,72.8356280
0.4850375,2.3159615,9.7360009,64.9061940,72.8939870
0.5031858,2.3745568,9.7365042,64.9080069,72.9667060
0.5293242,2.4352708,9.7465514,64.9025263,73.0250720
0.5621630,2.4949424,9.7676595,64.8848569,73.0834770
0.5998976,2.5497721,9.8005138,64.8494571,73.1447290
0.6399003,2.5944818,9.8446926,64.7901970,73.2024250
0.6788968,2.6230824,9.8985901,64.7006820,73.2639490
0.7133355,2.6283127,9.9594093,64.5745178,73.3359210
0.7394466,2.6025454,10.0232797,64.4056623,73.3960670
0.7533226,2.5382774,10.0852548,64.1888392,73.4579310
0.7517025,2.4292241,10.1403203,63.9196391,73.5154800
0.7313888,2.2690052,10.1827095,63.5949252,73.5754350
0.6906505,2.0535450,10.2068493,63.2130792,73.6484380
0.6282435,1.7806860,10.2077734,62.7739416,73.7068140
0.5440513,1.4507445,10.1814568,62.2788657,73.7652500
0.4391072,1.0663244,10.1251393,61.7305659,73.8264460
0.3152967,0.6323516,10.0373430,61.1328796,73.8839810
0.1751848,0.1557467,9.9179363,60.4904839,73.9456770
0.0215148,-0.3552666,9.7678555,59.8084937,74.0176750
-0.1429145,-0.8917585,9.5886335,59.0920818,74.0778220
-0.3156475,-1.4449517,9.3822044,58.3461888,74.1390690
-0.4948462,-2.0071137,9.1505466,57.5752213,74.1964200
-0.6794445,-2.5719652,8.8951669,56.7829790,74.2541060
-0.8690341,-3.1348817,8.6168719,55.9725827,74.3154060
-1.0640683,-3.6932122,8.3155539,55.1465846,74.3849910
-1.2652981,-4.2458420,7.9901540,54.3071717,74.4422710
-1.4735841,-4.7934346,7.6388158,53.4565404,74.5059680
-1.6894449,-5.3374406,7.2595938,52.5972974,74.5642390
-1.9126309,-5.8787095,6.8499149,51.7328978,74.6216000
-2.1417664,-6.4176003,6.4088094,50.8680470,74.6867620
-2.3740339,-6.9527239,5.9358462,50.0090181,74.7556730
-2.6049872,-7.4803960,5.4332180,49.1638667,74.8135420
-2.8286377,-7.9943905,4.9052038,48.3424027,74.8723760
-3.0377088,-8.4859048,4.3590795,47.5559725,74.9308730
-3.2240402,-8.9439702,3.8050698,46.8171029,74.9913930
-3.3791855,-9.3560261,3.2559542,46.1389449,75.0496590
-3.4951128,-9.7088693,2.7269490,45.5345713,75.1198960
-3.5649519,-9.9897604,2.2347031,45.0162112,75.1792760
-3.5837084,-10.1875911,1.7964352,44.5944234,75.2371210
-3.5488699,-10.2940480,1.4288410,44.2772987,75.2947490
-3.4608523,-10.3045463,1.1469481,44.0698025,75.3590680
-3.3232020,-10.2188454,0.9629724,43.9732860,75.4277050
-3.1425438,-10.0414244,0.8853670,43.9851903,75.4862890
-2.9282507,-9.7814079,0.9180859,44.0990075,75.5446680
-2.6918766,-9.4521227,1.0602217,44.3044885,75.6032620
-2.4464280,-9.0703380,1.3057874,44.5880786,75.6637480
-2.2054636,-8.6551526,1.6440574,44.9335835,75.7275960
-1.9821135,-8.2267469,2.0602058,45.3230262,75.7968830
-1.7880944,-7.8050281,2.5361139,45.7375780,75.8551730
-1.6331204,-7.4081814,3.0518066,46.1584736,75.9137290
-1.5240761,-7.0517016,3.5864167,46.5680064,75.9721610
-1.4649155,-6.7470939,4.1197184,46.9502593,76.0330050
-1.4557055,-6.5028544,4.6308582,47.2921031,76.0917920
-1.4931465,-6.3213395,5.1038691,47.5833032,76.1639610
-1.5723227,-6.2031056,5.5256424,47.8170150,76.2216730
-1.6856816,-6.1434001,5.8865230,47.9898561,76.2832370
-1.8254487,-6.1349327,6.1803710,48.1017950,76.3442140
-1.9809135,-6.1687049,6.4064053,48.1557242,76.4019480
-2.1437769,-6.2336731,6.5659952,48.1570343,76.4604840
-2.3034538,-6.3201274,6.6652680,48.1129560,76.5299750
-2.4526372,-6.4174502,6.7113786,48.0320212,76.5874260
-2.5852416,-6.5168249,6.7143813,47.9233494,76.6456910
-2.6964385,-6.6109771,6.6844085,47.7960868,76.7074760
-2.7834335,-6.6944224,6.6320694,47.6588531,76.7649070
-2.8451246,-6.7635004,6.5673575,47.5193245,76.8372430
-2.8818403,-6.8163572,6.4992645,47.3838270,76.8966570
-2.8952817,-6.8526015,6.4350870,47.2571936,76.9541220
0.0000000,0.0000000,0.0000000,0.0000000,77.0189370
0.0000000,0.0000000,0.0000000,0.0000000,77.0770950
0.0000000,0.0000000,0.0000000,0.0000000,77.1347680
0.0000000,0.0000000,0.0000000,0.0000000,77.2086460
0.0000000,0.0000000,0.0000000,0.0000000,77.2665420
0.0000000,0.0000000,0.0000000,0.0000000,77.3264520
0.0000000,0.0000000,0.0000000,0.0000000,77.3908170
0.0000000,0.0000000,0.0000000,0.0000000,77.4486700
0.0000000,0.0000000,0.0000000,0.0000000,77.5061510
0.0000000,0.0000000,0.0000000,0.0000000,77.5778290
0.0000000,0.0000000,0.0000000,0.0000000,77.6355800
0.0000000,0.0000000,0.0000000,0.0000000,77.6929300
0.0000000,0.0000000,0.0000000,0.0000000,77.7577290
0.0000000,0.0000000,0.0000000,0.0000000,77.8157720
0.0000000,0.0000000,0.0000000,0.0000000,77.8861360
0.0000000,0.0000000,0.0000000,0.0000000,77.9450310
0.0000000,0.0000000,0.0000000,0.0000000,78.0059310
0.0000000,0.0000000,0.0000000,0.0000000,78.0669560
0.0000000,0.0000000,0.0000000,0.0000000,78.1245340
0.0000000,0.0000000,0.0000000,0.0000000,78.1830510
0.0000000,0.0000000,0.0000000,0.0000000,78.2530410
0.0000000,0.0000000,0.0000000,0.0000000,78.3105470
0.0000000,0.0000000,0.0000000,0.0000000,78.3720270
0.0000000,0.0000000,0.0000000,0.0000000,78.4335740
0.0000000,0.0000000,0.0000000,0.0000000,78.4911920
0.0000000,0.0000000,0.0000000,0.0000000,78.5527300
0.0000000,0.0000000,0.0000000,0.0000000,78.6216280
0.0000000,0.0000000,0.0000000,0.0000000,78.6818400
0.0000000,0.0000000,0.0000000,0.0000000,78.7463270
0.0000000,0.0000000,0.0000000,0.0000000,78.8039760
0.0000000,0.0000000,0.0000000,0.0000000,78.8620350
0.0000000,0.0000000,0.0000000,0.0000000,78.9350100
