0.0000088,-0.0000148,0.0028182,0.0000598,0.0000000
0.0000226,-0.0000428,0.0077954,0.0001649,0.0000000
0.0000412,-0.0000867,0.0151301,0.0003187,0.0000000
0.0000770,-0.0001536,0.0250412,0.0005188,0.0000000
0.0001410,-0.0002489,0.0375846,0.0007586,0.0000000
0.0002490,-0.0003803,0.0524318,0.0010245,0.0000000
0.0004137,-0.0005501,0.0686583,0.0012897,0.0000000
0.0006185,-0.0007385,0.0845888,0.0015130,0.0000000
0.0008401,-0.0009185,0.0977372,0.0016394,0.0000000
0.0010539,-0.0010501,0.1048900,0.0016009,0.0000000
0.0012249,-0.0010845,0.1023507,0.0013278,0.0000000
0.0012978,-0.0009829,0.0863435,0.0007683,0.0000000
0.0012083,-0.0007024,0.0535610,-0.0001064,0.0000000
0.0009161,-0.0002052,0.0018009,-0.0012897,0.0000000
0.0003868,0.0005329,-0.0693733,-0.0027248,0.0000000
-0.0004118,0.0015256,-0.1580261,-0.0042983,0.0000000
-0.0014775,0.0027511,-0.2593836,-0.0058363,0.0000000
-0.0027520,0.0041401,-0.3655844,-0.0071084,0.0000000
-0.0041218,0.0055771,-0.4657145,-0.0078441,0.0000000
-0.0054219,0.0068999,-0.5461586,-0.0077613,0.0000000
-0.0064330,0.0079060,-0.5912745,-0.0065892,0.0000000
-0.0069013,0.0083744,-0.5843672,-0.0041029,0.0000000
-0.0065581,0.0080721,-0.5088815,-0.0001551,0.0000000
-0.0051373,0.0067550,-0.3497256,0.0053000,0.0000000
-0.0024253,0.0042126,-0.0946329,0.0121821,0.0000000
0.0017056,0.0002846,0.2646160,0.0202760,0.0000000
0.0072674,-0.0051135,0.7311730,0.0292409,0.0000000
0.0141261,-0.0119510,1.3024104,0.0386334,0.0000000
0.0220020,-0.0200919,1.9697303,0.0479452,0.0000000
0.0304819,-0.0292899,2.7188264,0.0566548,0.0000000
0.0390351,-0.0391828,3.5303288,0.0642833,0.0000000
0.0470432,-0.0493043,4.3808976,0.0704479,0.0000000
0.0538616,-0.0590931,5.2446762,0.0749253,2.7514010
0.0588862,-0.0679132,6.0949509,0.0777002,2.8093790
0.0616199,-0.0750918,6.9058738,0.0789956,2.8676500
0.0617428,-0.0799658,7.6541127,0.0792862,2.9291620
0.0591798,-0.0819221,8.3202986,0.0792923,2.9902880
0.0541465,-0.0804503,8.8901354,0.0799495,3.0635270
0.0471914,-0.0751860,9.3550844,0.0823640,3.1228350
0.0392220,-0.0659425,9.7125846,0.0877564,3.1807760
0.0314720,-0.0527501,9.9658085,0.0973818,3.2392080
0.0254591,-0.0358700,10.1229933,0.1124525,3.3006880
0.0229110,-0.0157934,10.1964291,0.1340612,3.3594430
0.0256574,0.0067685,10.2012136,0.1631086,3.4326910
0.0355236,0.0309317,10.1538991,0.2002491,3.4904810
0.0542009,0.0556927,10.0711585,0.2458485,3.5488690
0.0831121,0.0799908,9.9685890,0.2999603,3.6073460
0.1232916,0.1027814,9.8597489,0.3623206,3.6717010
0.1752699,0.1231061,9.7554883,0.4323612,3.7301870
0.2389908,0.1401619,9.6636071,0.5092395,3.8019830
0.3137679,0.1533601,9.5888328,0.5918815,3.8596250
0.3982809,0.1623703,9.5330779,0.6790363,3.9170010
0.4906143,0.1671508,9.4959174,0.7693344,3.9779130
0.5883426,0.1679506,9.4752018,0.8613490,4.0389330
0.6886461,0.1653009,9.4677216,0.9536555,4.1093170
0.7884537,0.1599914,9.4698430,1.0448858,4.1682560
0.8846106,0.1530012,9.4780467,1.1337777,4.2260230
0.9740788,0.1454496,9.4893210,1.2192150,4.2866860
1.0541166,0.1385198,9.5013953,1.3002587,4.3472460
1.1222435,0.1332704,9.5128144,1.3761702,4.4048800
1.1767987,0.1307867,9.5228583,1.4464242,4.4777870
1.2165346,0.1318779,9.5313585,1.5107151,4.5352930
1.2409963,0.1371697,9.5384796,1.5689548,4.5928340
1.2503812,0.1470138,9.5444942,1.6212616,4.6514640
1.2455513,0.1614814,9.5495841,1.6679481,4.7134680
1.2279402,0.1803621,9.5530001,1.7094830,4.7707710
1.1994594,0.2031722,9.5574033,1.7465595,4.8409160
1.1623363,0.2292315,9.5625795,1.7799328,4.8993180
1.1189810,0.2577102,9.5682705,1.8104392,4.9568630
1.0718515,0.2876937,9.5741894,1.8389479,5.0181270
1.0233015,0.3182618,9.5800429,1.8663213,5.0793170
0.9754655,0.3485504,9.5855505,1.8933723,5.1489930
0.9301553,0.3778160,9.5904639,1.9208276,5.2109200
0.8887546,0.4055019,9.5945890,1.9492967,5.2685160
0.8521925,0.4312561,9.5977945,1.9792473,5.3258070
0.8209481,0.4549415,9.6000152,2.0109851,5.3870480
0.7950735,0.4766268,9.6012559,2.0446528,5.4483580
0.7742315,0.4965353,9.6015817,2.0802479,5.5171730
0.7577653,0.5150116,9.6011093,2.1176358,5.5788480
0.7448188,0.5324666,9.5999965,2.1565748,5.6369320
0.7344131,0.5493260,9.5984222,2.1967456,5.6946380
0.7255084,0.5659968,9.5965701,2.2377832,5.7563860
0.7170913,0.5828212,9.5946145,2.2793102,5.8152330
0.7082504,0.6000491,9.5927088,2.3209680,5.8846460
0.6982180,0.6178220,9.5909784,2.3624441,5.9434930
0.6863875,0.6361761,9.5895164,2.4034824,6.0030090
0.6723272,0.6550536,9.5883868,2.4438983,6.0639570
0.6557664,0.6743367,9.5876205,2.4835851,6.1265970
0.6365822,0.6938800,9.5872257,2.5225045,6.1970710
0.6147896,0.7135096,9.5872062,2.5606830,6.2581770
0.5905094,0.7330690,9.5875567,2.5981957,6.3191450
0.5639492,0.7524433,9.5882877,2.6351466,6.3771620
0.5353741,0.7715581,9.5894283,2.6716532,6.4377860
0.5050811,0.7904170,9.5909634,2.7078334,6.4962580
0.4733879,0.8090745,9.5928487,2.7437876,6.5661770
0.4406222,0.8275967,9.5950594,2.7795852,6.6236150
0.4071290,0.8460618,9.5975680,2.8152621,6.6821170
0.3732541,0.8645244,9.6003173,2.8508094,6.7468370
0.3393477,0.8829959,9.6032280,2.8861775,6.8060020
0.3057782,0.9014446,9.6062154,2.9212874,6.8642190
0.2729103,0.9197641,9.6091823,2.9560384,6.9347650
0.2410990,0.9377649,9.6120157,2.9903197,6.9959180
0.2106832,0.9551873,9.6146011,3.0240319,7.0568430
0.1819599,0.9717110,9.6168208,3.0571064,7.1144900
0.1551883,0.9869940,9.6185571,3.0895188,7.1733170
0.1306023,1.0007201,9.6197862,3.1213121,7.2431070
0.1083946,1.0126288,9.6203794,3.1526026,7.3013510
0.0887181,1.0225562,9.6203336,3.1835769,7.3596680
0.0716789,1.0304528,9.6196515,3.2144925,7.4238650
0.0573179,1.0363835,9.6183540,3.2456603,7.4818390
0.0456244,1.0405327,9.6164818,3.2774240,7.5433880
0.0365410,1.0431869,9.6140952,3.3101352,7.6122650
0.0299685,1.0447077,9.6112687,3.3441185,7.6727470
0.0257878,1.0454977,9.6080902,3.3796407,7.7367620
0.0238634,1.0459517,9.6046591,3.4168801,7.7946660
0.0240220,1.0464111,9.6010867,3.4558996,7.8547360
0.0260723,1.0471246,9.5974941,3.4966365,7.9133190
0.0299165,1.0482155,9.5940085,3.5388998,7.9819390
0.0353213,1.0496680,9.5907607,3.5823792,8.0401790
0.0421840,1.0513228,9.5878895,3.6266691,8.1020070
0.0503967,1.0528946,9.5855168,3.6712956,8.1598990
0.0598551,1.0540144,9.5837648,3.7157521,8.2216070
0.0704577,1.0542650,9.5827377,3.7595424,8.2797530
0.0821292,1.0532552,9.5825144,3.8022199,8.3512800
0.0948808,1.0506948,9.5831367,3.8434259,8.4155760
0.1085232,1.0462729,9.5846115,3.8829187,8.4733480
0.1231470,1.0399448,9.5869040,3.9205902,8.5320990
0.1386517,1.0317496,9.5899212,3.9564728,8.5904970
0.1549963,1.0219170,9.5935197,3.9907299,8.6497720
0.1720959,1.0108273,9.5975217,4.0236318,8.7195090
0.1898377,0.9989883,9.6017199,4.0555276,8.7874240
0.2080689,0.9869775,9.6058859,4.0868057,8.8459740
0.2265876,0.9753939,9.6097888,4.1178543,8.9069160
0.2451316,0.9648044,9.6132123,4.1490287,8.9682180
0.2633897,0.9556809,9.6159730,4.1806149,9.0372650
0.2810195,0.9483445,9.6179379,4.2128014,9.1018450
0.2976629,0.9429359,9.6190327,4.2456683,9.1615050
0.3129801,0.9393937,9.6192494,4.2791828,9.2192460
0.3266768,0.9374552,9.6186482,4.3132081,9.2792090
0.3385299,0.9366837,9.6173509,4.3475272,9.3373680
0.3484224,0.9365026,9.6155352,4.3818681,9.4066150
0.3563640,0.9362469,9.6134164,4.4159328,9.4673960
0.3625021,0.9352312,9.6112303,4.4494339,9.5250700
0.3671249,0.9328261,9.6092137,4.4821256,9.5863680
0.3706399,0.9285185,9.6075821,4.5138289,9.6445180
0.3735456,0.9219619,9.6065147,4.5444519,9.7019540
0.3763908,0.9130180,9.6061381,4.5739965,9.7749870
0.3797241,0.9017689,9.6065167,4.6025543,9.8357340
0.3840427,0.8885146,9.6076498,4.6302937,9.8929620
0.3897418,0.8737556,9.6094744,4.6574350,9.9517040
0.3970675,0.8581366,9.6118737,4.6842222,10.0103770
0.4060851,0.8423787,9.6146908,4.7108887,10.0676850
0.4166598,0.8272097,9.6177451,4.7376269,10.1431920
0.4284484,0.8132826,9.6208480,4.7645653,10.2008110
0.4409221,0.8011121,9.6238209,4.7917446,10.2609660
0.4534001,0.7910218,9.6265111,4.8191053,10.3222450
0.4650953,0.7831047,9.6288014,4.8464845,10.3796680
0.4751872,0.7772241,9.6306209,4.8736231,10.4520860
0.4828784,0.7730186,9.6319441,4.9001827,10.5152060
0.4874537,0.7699388,9.6327878,4.9257723,10.5728480
0.4883453,0.7673085,9.6332073,4.9499806,10.6312530
0.4851599,0.7643679,9.6332807,4.9724005,10.6898280
0.4777174,0.7603609,9.6331015,4.9926659,10.7493760
0.4660652,0.7546116,9.6327672,5.0104835,10.8257330
0.4504646,0.7465774,9.6323650,5.0256515,10.8841720
0.4313846,0.7359177,9.6319754,5.0380778,10.9450250
0.4094567,0.7225119,9.6316606,5.0477858,11.0067610
0.3854245,0.7064597,9.6314578,5.0549056,11.0650260
0.3601012,0.6880718,9.6313893,5.0596680,11.1400410
0.3343025,0.6678235,9.6314516,5.0623910,11.2030510
0.3088081,0.6463069,9.6315908,5.0634554,11.2611740
0.2843280,0.6241703,9.6318465,5.0632821,11.3193380
0.2614631,0.6020493,9.6321230,5.0623015,11.3782520
0.2406928,0.5805130,9.6323931,5.0609228,11.4368160
0.2223638,0.5600097,9.6326316,5.0595144,11.5126630
0.2066833,0.5408310,9.6328089,5.0583848,11.5700620
0.1937327,0.5230953,9.6329001,5.0577753,11.6277290
0.1834848,0.5067491,9.6328885,5.0578598,11.6927340
0.1758152,0.4915891,9.6327643,5.0587450,11.7507330
0.1705220,0.4772986,9.6325265,5.0604803,11.8084700
0.1673528,0.4635000,9.6321761,5.0630716,11.8841520
0.1659887,0.4498066,9.6317164,5.0664927,11.9417110
0.1660306,0.4358751,9.6311518,5.0707060,12.0005620
0.1671760,0.4214544,9.6304842,5.0756809,12.0582530
0.1689675,0.4064151,9.6297137,5.0814067,12.1159730
0.1710315,0.3907674,9.6288527,5.0879087,12.1879480
0.1730179,0.3746687,9.6279040,5.0952537,12.2453800
0.1746113,0.3584063,9.6268846,5.1035518,12.3040540
0.1755532,0.3423696,9.6258186,5.1129530,12.3626210
0.1756658,0.3270300,9.6247434,5.1236388,12.4200870
0.1748614,0.3128922,9.6237080,5.1358097,12.4784220
0.1731541,0.3004353,9.6227717,5.1496665,12.5527540
0.1706614,0.2900830,9.6220035,5.1653971,12.6109310
0.1675793,0.2821730,9.6214768,5.1831597,12.6732380
0.1641726,0.2769280,9.6212648,5.2030674,12.7312920
0.1607542,0.2744479,9.6214380,5.2251778,12.7889340
0.1576510,0.2746995,9.6220564,5.2494822,12.8647690
0.1551767,0.2775187,9.6231618,5.2759011,12.9241400
0.1535989,0.2826299,9.6247741,5.3042863,12.9820550
0.1531077,0.2896732,9.6268855,5.3344276,13.0404960
0.1537977,0.2982369,9.6294601,5.3660648,13.1024160
0.1556634,0.3078800,9.6324397,5.3988990,13.1612260
0.1585957,0.3181680,9.6357444,5.4326097,13.2364440
0.1623924,0.3287033,9.6392803,5.4668731,13.2940710
0.1667770,0.3391416,9.6429426,5.5013766,13.3543770
0.1714170,0.3492150,9.6466188,5.5358343,13.4155510
0.1759573,0.3587363,9.6501962,5.5699985,13.4729860
0.1800511,0.3675906,9.6535643,5.6036656,13.5306930
0.1833905,0.3757344,9.6566235,5.6366819,13.6051020
0.1857378,0.3831903,9.6592885,5.6689457,13.6637400
0.1869431,0.3900278,9.6614907,5.7004039,13.7264560
0.1869552,0.3963485,9.6631801,5.7310466,13.7854330
0.1858236,0.4022665,9.6643223,5.7608992,13.8442920
0.1836912,0.4078856,9.6648965,5.7900137,13.9176150
0.1807797,0.4132889,9.6648953,5.8184594,13.9801640
0.1773691,0.4185340,9.6643233,5.8463142,14.0405540
0.1737727,0.4236471,9.6631976,5.8736580,14.1017150
0.1703113,0.4286185,9.6615474,5.9005653,14.1591110
0.1672857,0.4334119,9.6594140,5.9271023,14.2195390
0.1649493,0.4379699,9.6568493,5.9533251,14.2917220
0.1634944,0.4422252,9.6539166,5.9792799,14.3494800
0.1630390,0.4461252,9.6506931,6.0050070,14.4087060
0.1636251,0.4496327,9.6472657,6.0305422,14.4665090
0.1652378,0.4527261,9.6437276,6.0559208,14.5256940
0.1677952,0.4554180,9.6401777,6.0811802,14.5835840
0.1711567,0.4577450,9.6367110,6.1063604,14.6552030
0.1751373,0.4597746,9.6334196,6.1315061,14.7127820
0.1795010,0.4616150,9.6303952,6.1566643,14.7712010
0.1839967,0.4633897,9.6277181,6.1818829,14.8286190
0.1883775,0.4652366,9.6254616,6.2072096,14.8905780
0.1924034,0.4672969,9.6236861,6.2326855,14.9487350
0.1958590,0.4697017,9.6224313,6.2583420,15.0223690
0.1985463,0.4725672,9.6217259,6.2841934,15.0834230
0.2002806,0.4759807,9.6215834,6.3102282,15.1406700
0.2009022,0.4799908,9.6220052,6.3364073,15.2006310
0.2002814,0.4845947,9.6229860,6.3626604,15.2593810
0.1983286,0.4897291,9.6245054,6.3888859,15.3319070
0.1950134,0.4952618,9.6265317,6.4149582,15.3942830
0.1903727,0.5009838,9.6290196,6.4407291,15.4518540
0.1845218,0.5066053,9.6319079,6.4660335,15.5095810
0.1776579,0.5117566,9.6351235,6.4906977,15.5683720
0.1700593,0.5160014,9.6385771,6.5145446,15.6295390
0.1620771,0.5188484,9.6421658,6.5374047,15.7000590
0.1541183,0.5197719,9.6457735,6.5591269,15.7620200
0.1466282,0.5182493,9.6492753,6.5795877,15.8196820
0.1400558,0.5137905,9.6525465,6.5986985,15.8773840
0.1348220,0.5059824,9.6554659,6.6164136,15.9358160
0.1312889,0.4945380,9.6579267,6.6327352,15.9942090
0.1297225,0.4793246,9.6598384,6.6477169,16.0650410
0.1302713,0.4603971,9.6611314,6.6614663,16.1233750
0.1329483,0.4380201,9.6617638,6.6741437,16.1846680
0.1376223,0.4126716,9.6617229,6.6859568,16.2435540
0.1440289,0.3850354,9.6610320,6.6971544,16.3052840
0.1517934,0.3559834,9.6597516,6.7080182,16.3780780
0.1604597,0.3265270,9.6579764,6.7188500,16.4367080
0.1695312,0.2977584,9.6558333,6.7299585,16.4956700
0.1785128,0.2707856,9.6534694,6.7416458,16.5584510
0.1869477,0.2466466,9.6510410,6.7541882,16.6168870
0.1944591,0.2262393,9.6487037,6.7678250,16.6786180
0.2007850,0.2102534,9.6465984,6.7827464,16.7493830
0.2057887,0.1991172,9.6448446,6.7990834,16.8098880
0.2094693,0.1929702,9.6435340,6.8169038,16.8708010
0.2119482,0.1916508,9.6427227,6.8362104,16.9286210
0.2134395,0.1947138,9.6424281,6.8569432,16.9863350
0.2142275,0.2014665,9.6426297,6.8789850,17.0447730
0.2146261,0.2110231,9.6432698,6.9021696,17.1165040
0.2149388,0.2223836,9.6442618,6.9262940,17.1740010
0.2154257,0.2345138,9.6455006,6.9511289,17.2320080
0.2162640,0.2464295,9.6468701,6.9764340,17.2896160
0.2175255,0.2572782,9.6482577,7.0019725,17.3508020
0.2191688,0.2663942,9.6495628,7.0275208,17.4223760
0.2210415,0.2733376,9.6507053,7.0528776,17.4809020
0.2229011,0.2779137,9.6516336,7.0778710,17.5394480
0.2244439,0.2801597,9.6523233,7.1023613,17.5979330
0.2253404,0.2803199,9.6527786,7.1262452,17.6555520
0.2252726,0.2788033,9.6530302,7.1494570,17.7139080
0.2239747,0.2761208,9.6531271,7.1719664,17.7882360
0.2212650,0.2728247,9.6531335,7.1937773,17.8457120
0.2170711,0.2694475,9.6531178,7.2149242,17.9042800
0.2114462,0.2664468,9.6531405,7.2354694,17.9654710
0.2045627,0.2641671,9.6532493,7.2554978,18.0233210
0.1966992,0.2628213,9.6534726,7.2751128,18.0847730
0.1882141,0.2624804,9.6538161,7.2944293,18.1558580
0.1795066,0.2630764,9.6542648,7.3135657,18.2163210
0.1709894,0.2644348,9.6547840,7.3326398,18.2774440
0.1630448,0.2663021,9.6553221,7.3517588,18.3353310
0.1559979,0.2683865,9.6558186,7.3710147,18.3926490
0.1500938,0.2704149,9.6562144,7.3904818,18.4679760
0.1454682,0.2721522,9.6564583,7.4102058,18.5271380
0.1421624,0.2734154,9.6565110,7.4302009,18.5850410
0.1401154,0.2740981,9.6563527,7.4504471,18.6473130
0.1391739,0.2741628,9.6559808,7.4708883,18.7050250
0.1391220,0.2736474,9.6554128,7.4914381,18.7628680
0.1396788,0.2726716,9.6546934,7.5119856,18.8377900
0.1405332,0.2714083,9.6538838,7.5324017,18.8963320
0.1413701,0.2700615,9.6530594,7.5525475,18.9566950
0.1418847,0.2688346,9.6522986,7.5722839,19.0178860
0.1418081,0.2679010,9.6516635,7.5914843,19.0754390
0.1409137,0.2673870,9.6511966,7.6100442,19.1341240
0.1390230,0.2673572,9.6509117,7.6278901,19.2122320
0.1360053,0.2678124,9.6507920,7.6449886,19.2699140
0.1317803,0.2686914,9.6507995,7.6613529,19.3277180
0.1263142,0.2698774,9.6508729,7.6770462,19.3921400
0.1196083,0.2712068,9.6509330,7.6921815,19.4503650
0.1117050,0.2724950,9.6508928,7.7069221,19.5225310
0.1026837,0.2735553,9.6506622,7.7214737,19.5851080
0.0926578,0.2742230,9.6501630,7.7360792,19.6426800
0.0817855,0.2743930,9.6493476,7.7510146,19.6999430
0.0702489,0.2740205,9.6481990,7.7665698,19.7583510
0.0582473,0.2731271,9.6467375,7.7830345,19.8162910
0.0459881,0.2718100,9.6450196,7.8006828,19.8895020
0.0336612,0.2702274,9.6431236,7.8197508,19.9468330
0.0214514,0.2686039,9.6411539,7.8404282,20.0052540
0.0095275,0.2672228,9.6392342,7.8628442,20.0666250
-0.0019643,0.2664038,9.6374934,7.8870546,20.1240040
-0.0128860,0.2664864,9.6360639,7.9130357,20.1843830
-0.0231433,0.2677890,9.6350564,7.9406747,20.2589410
-0.0326910,0.2705862,9.6345468,7.9697690,20.3164260
-0.0415362,0.2750778,9.6345704,8.0000309,20.3762710
-0.0497554,0.2813540,9.6351093,8.0310951,20.4375150
-0.0574693,0.2893994,9.6361054,8.0625394,20.4954860
-0.0648357,0.2990794,9.6374710,8.0939042,20.5707640
-0.0720411,0.3101457,9.6390957,8.1247186,20.6294510
-0.0792827,0.3222640,9.6408655,8.1545308,20.6870990
-0.0867688,0.3350201,9.6426673,8.1829335,20.7453780
-0.0947016,0.3479452,9.6443949,8.2095930,20.8040090
-0.1032663,0.3605575,9.6459656,8.2342726,20.8618240
-0.1126207,0.3723987,9.6473232,8.2568486,20.9369470
-0.1228804,0.3830719,9.6484372,8.2773223,20.9945090
-0.1341145,0.3922845,9.6493516,8.2958237,21.0546500
-0.1463379,0.3998660,9.6500753,8.3126034,21.1163490
-0.1595153,0.4057706,9.6506665,8.3280174,21.1739040
-0.1735473,0.4100873,9.6511804,8.3425030,21.2339640
-0.1882642,0.4130213,9.6516664,8.3565455,21.3070740
-0.2034280,0.4148668,9.6521574,8.3706451,21.3646820
-0.2187250,0.4159789,9.6526704,8.3852833,21.4231280
-0.2337835,0.4167222,9.6531907,8.4008874,21.4817300
-0.2481870,0.4174223,9.6536677,8.4178009,21.5401350
-0.2614813,0.4183312,9.6540223,8.4362611,21.6162240
-0.2731891,0.4195955,9.6541530,8.4563860,21.6750620
-0.2828263,0.4212396,9.6539530,8.4781680,21.7361420
-0.2899273,0.4231690,9.6533279,8.5014811,21.7971730
-0.2940693,0.4251785,9.6522089,8.5260934,21.8558570
-0.2949037,0.4269728,9.6505646,8.5516871,21.9163730
-0.2921866,0.4282033,9.6484127,8.5778849,21.9883270
-0.2858003,0.4285058,9.6458211,8.6042791,22.0472290
-0.2757830,0.4275404,9.6429085,8.6304592,22.1091960
-0.2623455,0.4250341,9.6398412,8.6560378,22.1670830
-0.2458791,0.4208080,9.6368159,8.6806749,22.2248280
-0.2269620,0.4147883,9.6340455,8.7040931,22.2976960
-0.2063378,0.4070186,9.6317394,8.7260913,22.3564570
-0.1848923,0.3976480,9.6300805,8.7465504,22.4158510
-0.1636042,0.3869192,9.6292122,8.7654335,22.4734560
-0.1434743,0.3751605,9.6292267,8.7827888,22.5314280
-0.1254693,0.3627471,9.6301551,8.7987396,22.5900600
-0.1104515,0.3500711,9.6319679,8.8134754,22.6618010
-0.0991157,0.3375129,9.6345746,8.8272404,22.7200970
-0.0919452,0.3253971,9.6378294,8.8403155,22.7812850
-0.0891593,0.3139860,9.6415453,8.8530083,22.8393670
-0.0906792,0.3034761,9.6455065,8.8656437,22.9007510
-0.0961285,0.2939857,9.6494909,8.8785448,22.9587920
-0.1048475,0.2855730,9.6532915,8.8920202,23.0310150
-0.1159335,0.2782398,9.6567308,8.9063486,23.0904590
-0.1283088,0.2719336,9.6596785,8.9217602,23.1491840
-0.1407895,0.2665745,9.6620558,8.9384299,23.2068080
-0.1521646,0.2620635,9.6638340,8.9564657,23.2689060
-0.1612915,0.2582899,9.6650354,8.9759001,23.3409780
-0.1671783,0.2551427,9.6657281,8.9966884,23.4019050
-0.1690585,0.2525062,9.6660146,9.0187061,23.4628920
-0.1664622,0.2502435,9.6660197,9.0417500,23.5206730
-0.1592397,0.2482018,9.6658763,9.0655525,23.5782510
-0.1475678,0.2462112,9.6657037,9.0897960,23.6367060
-0.1319378,0.2440766,9.6655996,9.1141318,23.7095850
-0.1130910,0.2416054,9.6656382,9.1382156,23.7672740
-0.0919674,0.2386042,9.6658583,9.1617257,23.8256960
-0.0696307,0.2348845,9.6662657,9.1843850,23.8842180
-0.0471690,0.2302928,9.6668329,9.2059876,23.9421010
-0.0256370,0.2247116,9.6674908,9.2264067,24.0039110
-0.0059610,0.2180836,9.6681447,9.2456080,24.0760570
0.0111270,0.2104274,9.6686833,9.2636553,24.1385030
0.0251234,0.2018350,9.6689909,9.2806989,24.2000500
0.0358096,0.1924854,9.6689740,9.2969663,24.2589520
0.0432358,0.1826265,9.6685660,9.3127397,24.3200180
0.0476973,0.1725611,9.6677411,9.3283323,24.3956700
0.0497027,0.1626286,9.6665184,9.3440615,24.4551950
0.0498915,0.1531547,9.6649527,9.3602179,24.5136810
0.0489863,0.1444371,9.6631371,9.3770429,24.5720380
0.0477360,0.1367222,9.6611931,9.3947091,24.6295700
0.0468390,0.1301767,9.6592626,9.4133048,24.6920700
0.0469079,0.1248871,9.6575025,9.4328285,24.7640150
0.0484132,0.1208475,9.6560668,9.4531874,24.8242780
0.0516363,0.1179539,9.6550923,9.4742020,24.8829910
0.0566785,0.1160182,9.6546837,9.4956206,24.9408220
0.0634607,0.1147842,9.6549017,9.5171379,24.9998680
0.0717431,0.1139440,9.6557368,9.5384159,25.0606250
0.0811786,0.1131529,9.6571758,9.5591076,25.1598030
0.0913356,0.1120661,9.6590995,9.5788816,25.2182590
0.1017239,0.1103463,9.6613628,9.5974444,25.2756680
0.1118536,0.1076881,9.6637824,9.6145600,25.3404760
0.1212757,0.1038411,9.6661514,9.6300644,25.3986390
0.1296152,0.0986117,9.6682528,9.6438768,25.4695840
0.1366221,0.0918827,9.6698907,9.6560056,25.5319150
0.1421736,0.0836163,9.6709025,9.6665485,25.5898340
0.1462615,0.0738527,9.6711747,9.6756858,25.6471000
0.1489997,0.0627214,9.6706547,9.6836713,25.7090100
0.1505986,0.0504360,9.6693533,9.6908162,25.7674980
0.1513394,0.0372966,9.6673479,9.6974741,25.8360730
0.1515511,0.0236968,9.6647796,9.7040244,25.8943020
0.1515618,0.0100934,9.6618410,9.7108447,25.9553670
0.1516629,-0.0030179,9.6587581,9.7182877,26.0164630
0.1520828,-0.0151284,9.6557692,9.7266566,26.0780690
0.1529647,-0.0257529,9.6530978,9.7361766,26.1360780
0.1543581,-0.0344655,9.6509334,9.7469836,26.2075430
0.1562212,-0.0409538,9.6494177,9.7591065,26.2687400
0.1584261,-0.0450463,9.6486275,9.7724568,26.3263810
0.1607712,-0.0467337,9.6485701,9.7868274,26.3894280
0.1630114,-0.0462085,9.6491804,9.8018931,26.4479290
0.1648742,-0.0438846,9.6503225,9.8172233,26.5056960
0.1660890,-0.0403841,9.6518070,9.8323018,26.5765980
0.1664178,-0.0365058,9.6534101,9.8465556,26.6352790
0.1656647,-0.0331860,9.6548967,9.8593877,26.6932130
0.1636928,-0.0314350,9.6560478,9.8702138,26.7556560
0.1604313,-0.0322625,9.6566811,9.8785026,26.8180690
0.1558704,-0.0366057,9.6566708,9.8838109,26.8885110
0.1500577,-0.0452449,9.6559595,9.8858134,26.9504590
0.1430916,-0.0587253,9.6545584,9.8843291,27.0091900
0.1351022,-0.0773078,9.6525469,9.8793314,27.0737640
0.1262348,-0.1009274,9.6500576,9.8709486,27.1347580
0.1166274,-0.1292000,9.6472649,9.8594530,27.1926730
0.1063840,-0.1614577,9.6443667,9.8452319,27.2637980
0.0955603,-0.1967968,9.6415628,9.8287576,27.3221320
0.0841510,-0.2341572,9.6390386,9.8105479,27.3796770
0.0720857,-0.2724021,9.6369387,9.7911272,27.4411000
0.0592314,-0.3104085,9.6353559,9.7709912,27.5002270
0.0454003,-0.3471619,9.6343207,9.7505716,27.5709530
0.0303565,-0.3818391,9.6337925,9.7302119,27.6288400
0.0138453,-0.4138694,9.6336755,9.7101535,27.6867510
-0.0043737,-0.4429618,9.6338254,9.6905355,27.7510190
-0.0245004,-0.4691114,9.6340656,9.6714052,27.8091030
-0.0466540,-0.4925648,9.6342101,9.6527437,27.8668800
-0.0708543,-0.5137775,9.6340782,9.6344904,27.9381630
-0.0970154,-0.5333550,9.6335114,9.6165703,27.9957780
-0.1249227,-0.5519667,9.6323929,9.5989275,28.0532380
-0.1542299,-0.5702689,9.6306628,9.5815493,28.1204740
-0.1844632,-0.5888188,9.6283231,9.5644910,28.1786070
-0.2150248,-0.6080050,9.6254407,9.5478922,28.2509720
-0.2452240,-0.6280088,9.6221442,9.5319755,28.3105730
-0.2743122,-0.6487822,9.6186076,9.5170385,28.3683900
-0.3015236,-0.6700625,9.6150422,9.5034314,28.4298390
-0.3261223,-0.6914061,9.6116833,9.4915309,28.4884900
-0.3474462,-0.7122385,9.6087648,9.4817097,28.5464820
-0.3649566,-0.7319248,9.6064987,9.4743026,28.6194920
-0.3782692,-0.7498305,9.6050568,9.4695795,28.6771380
-0.3871718,-0.7653823,9.6045467,9.4677231,28.7381350
-0.3916453,-0.7781244,9.6050071,9.4688125,28.8025610
-0.3918546,-0.7877555,9.6064084,9.4728183,28.8601980
-0.3881426,-0.7941544,9.6086492,9.4796049,28.9177160
-0.3810252,-0.7973807,9.6115732,9.4889403,28.9891810
-0.3711441,-0.7976533,9.6149813,9.5005170,29.0473400
-0.3592244,-0.7953185,9.6186457,9.5139765,29.1048240
-0.3460213,-0.7908015,9.6223378,9.5289367,29.1720560
-0.3322515,-0.7845740,9.6258420,9.5450157,29.2311610
-0.3185499,-0.7771003,9.6289748,9.5618557,29.3025340
-0.3054301,-0.7687967,9.6316010,9.5791423,29.3630550
-0.2932578,-0.7600045,9.6336377,9.5966134,29.4219950
-0.2822318,-0.7509657,9.6350562,9.6140629,29.4871730
-0.2723887,-0.7418272,9.6358792,9.6313377,29.5449140
-0.2636174,-0.7326495,9.6361716,9.6483275,29.6028440
-0.2556845,-0.7234310,9.6360263,9.6649543,29.6762390
-0.2482895,-0.7141424,9.6355556,9.6811586,29.7339480
-0.2411057,-0.7047507,9.6348743,9.6968868,29.7911800
-0.2338295,-0.6952547,9.6340806,9.7120775,29.8528350
-0.2262226,-0.6857038,9.6332532,9.7266554,29.9115570
-0.2181317,-0.6761923,9.6324430,9.7405374,29.9694710
-0.2095119,-0.6668698,9.6316703,9.7536317,30.0409740
-0.2004266,-0.6579375,9.6309337,9.7658476,30.0992390
-0.1910419,-0.6496325,9.6302079,9.7771062,30.1617670
-0.1816059,-0.6422063,9.6294461,9.7873423,30.2197050
-0.1724132,-0.6358974,9.6285931,9.7965208,30.2774690
-0.1637620,-0.6309266,9.6275951,9.8046479,30.3497910
-0.1559166,-0.6274657,9.6264091,9.8117754,30.4084740
-0.1490852,-0.6256049,9.6250169,9.8180050,30.4658520
-0.1433931,-0.6253474,9.6234262,9.8234834,30.5278580
-0.1388768,-0.6266095,9.6216695,9.8283942,30.5865230
-0.1354857,-0.6292292,9.6198039,9.8329443,30.6438820
-0.1330852,-0.6329726,9.6179057,9.8373513,30.7169090
-0.1314885,-0.6375529,9.6160610,9.8418254,30.7742110
-0.1304946,-0.6426525,9.6143551,9.8465502,30.8350290
-0.1299130,-0.6479445,9.6128612,9.8516704,30.8931950
-0.1295947,-0.6531184,9.6116322,9.8572811,30.9517740
-0.1294492,-0.6579025,9.6106929,9.8634204,31.0093930
-0.1294465,-0.6620926,9.6100413,9.8700682,31.0820620
-0.1296220,-0.6655589,9.6096474,9.8771470,31.1399650
-0.1300562,-0.6682506,9.6094524,9.8845290,31.2030780
-0.1308503,-0.6701982,9.6093820,9.8920493,31.2643900
-0.1321000,-0.6714931,9.6093558,9.8995213,31.3217650
-0.1338506,-0.6722973,9.6092976,9.9067554,31.3925260
-0.1360692,-0.6728348,9.6091605,9.9135751,31.4547920
-0.1386194,-0.6733761,9.6089291,9.9198333,31.5154970
-0.1412371,-0.6742401,9.6086093,9.9254248,31.5731530
-0.1435418,-0.6757462,9.6082614,9.9302994,31.6313690
-0.1450655,-0.6781946,9.6079552,9.9344668,31.6928450
-0.1452753,-0.6818465,9.6077774,9.9380014,31.7615300
-0.1436146,-0.6868909,9.6078162,9.9410462,31.8230790
-0.1395647,-0.6934525,9.6081488,9.9437968,31.8847260
-0.1326680,-0.7015811,9.6088266,9.9464965,31.9456150
-0.1225910,-0.7112372,9.6098714,9.9494206,32.0064200
-0.1092600,-0.7222776,9.6112788,9.9528544,32.0646110
-0.0926665,-0.7344686,9.6130097,9.9570861,32.1345830
-0.0732056,-0.7474917,9.6149969,9.9623871,32.1968700
-0.0512899,-0.7609645,9.6171510,9.9689975,32.2558810
-0.0276044,-0.7744957,9.6193494,9.9771125,32.3176660
-0.0029395,-0.7876763,9.6214758,9.9868731,32.3760750
0.0218436,-0.8000988,9.6234234,9.9983643,32.4479850
0.0458836,-0.8113982,9.6251042,10.0116129,32.5112380
0.0683847,-0.8212635,9.6264715,10.0265936,32.5720780
0.0886946,-0.8294713,9.6275007,10.0432372,32.6322090
0.1063544,-0.8359114,9.6281837,10.0614376,32.6907230
0.1211457,-0.8405687,9.6285279,10.0810711,32.7482090
0.1330947,-0.8434935,9.6285459,10.1020173,32.8197930
0.1424951,-0.8447836,9.6282567,10.1241664,32.8778330
0.1498417,-0.8445384,9.6276943,10.1474319,32.9388920
0.1557903,-0.8428188,9.6269024,10.1717549,32.9973230
0.1610735,-0.8396144,9.6259352,10.1970986,33.0547650
0.1664267,-0.8348124,9.6248618,10.2234455,33.1131060
0.1724996,-0.8281886,9.6237589,10.2507864,33.1853040
0.1797778,-0.8194175,9.6227165,10.2790999,33.2457080
0.1885151,-0.8081053,9.6218408,10.3083285,33.3091830
0.1986938,-0.7938374,9.6212462,10.3383609,33.3674030
0.2100151,-0.7762398,9.6210532,10.3690155,33.4249390
0.2219110,-0.7550557,9.6213781,10.4000277,33.4983170
0.2335925,-0.7302238,9.6223169,10.4310480,33.5567080
0.2441142,-0.7019331,9.6239390,10.4616472,33.6200780
0.2524525,-0.6706602,9.6262803,10.4913299,33.6811110
0.2576078,-0.6371846,9.6293312,10.5195623,33.7389930
0.2587081,-0.6025684,9.6330331,10.5458072,33.7991880
0.2550945,-0.5681038,9.6372763,10.5695631,33.8687020
0.2463869,-0.5352350,9.6418918,10.5904011,33.9294060
0.2325322,-0.5054433,9.6466672,10.6080043,33.9881890
0.2138135,-0.4801238,9.6513627,10.6222014,34.0495800
0.1908329,-0.4604644,9.6557241,10.6329798,34.1072070
0.1644778,-0.4473047,9.6595133,10.6404919,34.1799710
0.1358391,-0.4410758,9.6625241,10.6450441,34.2393480
0.1061101,-0.4417819,9.6645932,10.6470639,34.3027800
0.0764939,-0.4489481,9.6656250,10.6470711,34.3637030
0.0480991,-0.4616585,9.6655975,10.6456304,34.4218870
0.0218525,-0.4786367,9.6645669,10.6433000,34.4803150
-0.0015610,-0.4983514,9.6626702,10.6405835,34.5544670
-0.0217539,-0.5191716,9.6601027,10.6378800,34.6157280
-0.0386521,-0.5395121,9.6570967,10.6354500,34.6767960
-0.0524802,-0.5579803,9.6538979,10.6333956,34.7381030
-0.0637199,-0.5735054,9.6507347,10.6316568,34.7965290
-0.0730365,-0.5854234,9.6478026,10.6300276,34.8574300
-0.0812057,-0.5935270,9.6452455,10.6281834,34.9270340
-0.0890207,-0.5980650,9.6431419,10.6257260,34.9879040
-0.0972059,-0.5996879,9.6415021,10.6222355,35.0462190
-0.1063509,-0.5993664,9.6402670,10.6173232,35.1047020
-0.1168457,-0.5982830,9.6393203,10.6106866,35.1626390
-0.1288564,-0.5976919,9.6385059,10.6021501,35.2335320
-0.1423240,-0.5987933,9.6376499,10.5916939,35.2952410
-0.1569774,-0.6026043,9.6365837,10.5794696,35.3544340
-0.1723827,-0.6098348,9.6351683,10.5657979,35.4121970
-0.1879940,-0.6208382,9.6333114,10.5511478,35.4699300
-0.2032162,-0.6355807,9.6309799,10.5361040,35.5288220
-0.2174718,-0.6536550,9.6282124,10.5213235,35.6003430
-0.2302496,-0.6743692,9.6250918,10.5074823,35.6590560
-0.2411512,-0.6968112,9.6217664,10.4952285,35.7175630
-0.2499265,-0.7199472,9.6184101,10.4851362,35.7750200
-0.2564769,-0.7427325,9.6152111,10.4776680,35.8333430
-0.2608370,-0.7641802,9.6123444,10.4731620,35.8945520
-0.2631605,-0.7834505,9.6099593,10.4718168,35.9666980
-0.2636614,-0.7999195,9.6081598,10.4736943,36.0295740
-0.2625557,-0.8131973,9.6069944,10.4787352,36.0882360
-0.2601695,-0.8231113,9.6064724,10.4867711,36.1466970
-0.2566383,-0.8296866,9.6065665,10.4975547,36.2052190
-0.2522418,-0.8330818,9.6072151,10.5107899,36.2781570
-0.2470320,-0.8335421,9.6083451,10.5261561,36.3365880
-0.2410499,-0.8313888,9.6098524,10.5433246,36.3948430
-0.2342697,-0.8269583,9.6116313,10.5619730,36.4533260
-0.2266263,-0.8205723,9.6135882,10.5817928,36.5111750
-0.2180418,-0.8125206,9.6156411,10.6024844,36.5733040
-0.2084681,-0.8030511,9.6177410,10.6237533,36.6456450
-0.1979074,-0.7923884,9.6198617,10.6453018,36.7056020
-0.1864300,-0.7807574,9.6219918,10.6668148,36.7670480
-0.1741845,-0.7684217,9.6241289,10.6879564,36.8246230
-0.1614161,-0.7556878,9.6262680,10.7083757,36.8823120
-0.1484201,-0.7429293,9.6283952,10.7277056,36.9408390
-0.1355637,-0.7306052,9.6304818,10.7455699,37.0157550
-0.1232420,-0.7192326,9.6324800,10.7616003,37.0735690
-0.1118594,-0.7093686,9.6343218,10.7754489,37.1320400
-0.1017966,-0.7015727,9.6359188,10.7868115,37.1905420
-0.0933774,-0.6963530,9.6371608,10.7954556,37.2502510
-0.0868489,-0.6941324,9.6379290,10.8012364,37.3266020
-0.0823702,-0.6952112,9.6381079,10.8041100,37.3856120
-0.0800004,-0.6997323,9.6375970,10.8041460,37.4442750
-0.0796957,-0.7076617,9.6363315,10.8015300,37.5028700
-0.0813201,-0.7187704,9.6342874,10.7965628,37.5613680
-0.0846511,-0.7326497,9.6314854,10.7896524,37.6193710
-0.0893991,-0.7487288,9.6280007,10.7812959,37.6958930
-0.0952333,-0.7663035,9.6239637,10.7720556,37.7540750
-0.1017976,-0.7845873,9.6195585,10.7625326,37.8139660
-0.1087279,-0.8027595,9.6150174,10.7533378,37.8728880
-0.1156719,-0.8200148,9.6106055,10.7450642,37.9306940
-0.1223055,-0.8356163,9.6065998,10.7382580,38.0042760
-0.1283466,-0.8489268,9.6032693,10.7333948,38.0629620
-0.1335634,-0.8594382,9.6008573,10.7308657,38.1205290
-0.1377836,-0.8667954,9.5995574,10.7309615,38.1783070
-0.1408996,-0.8707614,9.5994985,10.7338678,38.2368070
-0.1428594,-0.8712345,9.6007290,10.7396620,38.2950830
-0.1436736,-0.8682909,9.6032010,10.7483064,38.3767470
-0.1434014,-0.8621480,9.6067739,10.7596606,38.4341520
-0.1421304,-0.8531491,9.6112174,10.7734934,38.4946340
-0.1399790,-0.8417405,9.6162283,10.7894947,38.5556510
-0.1370815,-0.8284284,9.6214632,10.8072995,38.6134670
-0.1335727,-0.8137743,9.6265570,10.8264997,38.6764660
-0.1295678,-0.7983851,9.6311524,10.8466571,38.7462420
-0.1251703,-0.7828797,9.6349297,10.8673255,38.8036270
-0.1204631,-0.7678756,9.6376212,10.8880687,38.8620310
-0.1155237,-0.7539548,9.6390402,10.9084757,38.9234790
-0.1104741,-0.7416180,9.6391034,10.9281724,38.9841190
-0.1054478,-0.7312784,9.6378298,10.9468393,39.0570360
-0.1005964,-0.7232286,9.6353453,10.9642215,39.1154640
-0.0961087,-0.7176203,9.6318697,10.9801403,39.1757430
-0.0921948,-0.7144599,9.6276896,10.9945065,39.2367470
-0.0891079,-0.7135853,9.6231422,11.0073181,39.2941870
-0.0871501,-0.7146764,9.6185880,11.0186558,39.3547890
-0.0866312,-0.7172713,9.6143773,11.0286821,39.4281420
-0.0878204,-0.7207891,9.6108220,11.0376332,39.4859240
-0.0909190,-0.7245845,9.6081662,11.0458011,39.5433440
-0.0960113,-0.7280039,9.6065624,11.0535104,39.6019920
-0.1030309,-0.7304441,9.6060591,11.0610910,39.6645230
-0.1117505,-0.7314160,9.6065999,11.0688452,39.7241780
-0.1217601,-0.7305909,9.6080294,11.0770173,39.7965660
-0.1324870,-0.7278403,9.6101053,11.0857652,39.8543450
-0.1432383,-0.7232606,9.6125254,11.0951307,39.9120340
-0.1532616,-0.7171764,9.6149570,11.1050171,39.9766530
-0.1618351,-0.7101254,9.6170675,11.1151784,40.0389190
-0.1683549,-0.7028216,9.6185642,11.1252187,40.1109040
-0.1724291,-0.6960975,9.6192174,11.1346069,40.1702770
-0.1739595,-0.6908374,9.6188788,11.1427049,40.2284990
-0.1731946,-0.6878986,9.6174989,11.1488077,40.2879050
-0.1707574,-0.6880269,9.6151234,11.1521933,40.3495780
-0.1676335,-0.6917889,9.6118882,11.1521821,40.4072950
-0.1651189,-0.6995104,9.6080075,11.1481948,40.4784210
-0.1647313,-0.7112389,9.6037453,11.1398120,40.5358710
-0.1680910,-0.7267384,9.5993912,11.1268277,40.5958370
-0.1767780,-0.7454924,9.5952314,11.1092854,40.6537970
-0.1921825,-0.7667410,9.5915190,11.0874976,40.7148650
-0.2153638,-0.7895340,9.5884540,11.0620480,40.7762900
-0.2469226,-0.8127826,9.5861698,11.0337701,40.8456260
-0.2869156,-0.8353481,9.5847240,11.0037088,40.9031550
-0.3348145,-0.8561208,9.5840971,10.9730652,40.9627630
-0.3895076,-0.8740932,9.5842025,10.9431279,41.0241980
-0.4493648,-0.8884418,9.5848984,10.9151942,41.0819510
-0.5123397,-0.8985643,9.5860059,10.8904931,41.1552820
-0.5761085,-0.9041017,9.5873347,10.8701123,41.2137700
-0.6382423,-0.9049532,9.5887000,10.8549349,41.2738400
-0.6963838,-0.9012478,9.5899333,10.8455959,41.3346230
-0.7484177,-0.8933214,9.5909018,10.8424527,41.3956310
-0.7926216,-0.8816781,9.5915170,10.8455770,41.4530770
-0.8277796,-0.8669292,9.5917373,10.8547670,41.5268470
-0.8532439,-0.8497505,9.5915785,10.8695739,41.5844740
-0.8689590,-0.8308264,9.5911015,10.8893474,41.6418830
-0.8754353,-0.8108058,9.5903956,10.9132905,41.7032840
-0.8736703,-0.7902710,9.5895731,10.9405165,41.7617860
-0.8650487,-0.7697143,9.5887491,10.9701057,41.8190700
-0.8512070,-0.7495288,9.5880311,11.0011587,41.8919670
-0.8338865,-0.7300037,9.5875151,11.0328396,41.9492080
-0.8148060,-0.7113409,9.5872677,11.0644079,42.0068170
-0.7955387,-0.6936710,9.5873222,11.0952411,42.0682660
-0.7774222,-0.6770686,9.5876766,11.1248411,42.1295370
-0.7614984,-0.6615818,9.5882909,11.1528307,42.1991740
-0.7484787,-0.6472369,9.5891005,11.1789426,42.2612320
-0.7387590,-0.6340359,9.5900271,11.2030042,42.3190140
-0.7324456,-0.6219719,9.5909869,11.2249182,42.3774980
-0.7294065,-0.6110293,9.5919039,11.2446422,42.4390950
-0.7293432,-0.6011846,9.5927155,11.2621732,42.5015980
-0.7318418,-0.5924196,9.5933735,11.2775345,42.5716110
-0.7364398,-0.5847127,9.5938500,11.2907686,42.6337370
-0.7426945,-0.5780222,9.5941403,11.3019379,42.6933270
-0.7502101,-0.5722907,9.5942592,11.3111256,42.7552070
-0.7586425,-0.5674536,9.5942379,11.3184348,42.8149840
-0.7677173,-0.5634301,9.5941185,11.3239964,42.8743890
-0.7772029,-0.5601319,9.5939416,11.3279777,42.9430830
-0.7869010,-0.5574621,9.5937454,11.3305841,43.0016160
-0.7966868,-0.5552900,9.5935684,11.3320569,43.0602310
-0.8064652,-0.5534670,9.5934428,11.3326706,43.1214010
-0.8161526,-0.5518343,9.5933981,11.3327203,43.1806380
-0.8256739,-0.5502214,9.5934560,11.3325150,43.2497390
-0.8349256,-0.5484686,9.5936230,11.3323750,43.3095070
-0.8437891,-0.5464257,9.5938959,11.3326144,43.3672800
-0.8521552,-0.5439582,9.5942614,11.3335253,43.4285390
-0.8599177,-0.5409547,9.5947020,11.3353698,43.4862460
-0.8669607,-0.5373230,9.5952000,11.3383724,43.5449240
-0.8731717,-0.5329975,9.5957385,11.3427164,43.6135190
-0.8784348,-0.5279375,9.5963044,11.3485477,43.6718780
-0.8826398,-0.5221288,9.5968864,11.3559713,43.7306240
-0.8857021,-0.5155881,9.5974769,11.3650489,43.7913900
-0.8875538,-0.5083537,9.5980714,11.3758058,43.8496980
-0.8881415,-0.5004787,9.5986654,11.3882342,43.9082160
-0.8874267,-0.4920272,9.5992570,11.4022957,43.9775160
-0.8853784,-0.4830667,9.5998478,11.4179220,44.0397160
-0.8819785,-0.4736691,9.6004425,11.4350110,44.1007790
-0.8772247,-0.4639146,9.6010534,11.4534190,44.1583290
-0.8711356,-0.4538916,9.6016948,11.4729572,44.2200840
-0.8637596,-0.4437031,9.6023783,11.4933856,44.2887580
-0.8551813,-0.4334727,9.6031140,11.5144081,44.3472170
-0.8455288,-0.4233476,9.6039054,11.5356721,44.4056280
-0.8349774,-0.4135084,9.6047517,11.5567697,44.4673020
-0.8237538,-0.4041714,9.6056515,11.5772463,44.5246130
-0.8121359,-0.3955880,9.6065988,11.5966159,44.5866480
-0.8004488,-0.3880409,9.6075811,11.6143817,44.6557480
-0.7890557,-0.3818309,9.6085786,11.6300641,44.7158340
-0.7783387,-0.3772619,9.6095610,11.6432309,44.7802180
-0.7686810,-0.3746225,9.6104889,11.6535276,44.8381360
-0.7604417,-0.3741628,9.6113173,11.6607084,44.8959000
-0.7539317,-0.3760725,9.6119951,11.6646587,44.9546840
-0.7493934,-0.3804622,9.6124655,11.6654105,45.0249800
-0.7469787,-0.3873437,9.6126698,11.6631498,45.0841520
-0.7467348,-0.3966203,9.6125482,11.6582126,45.1466050
-0.7485936,-0.4080819,9.6120473,11.6510682,45.2060800
-0.7523726,-0.4213988,9.6111279,11.6422921,45.2645700
-0.7577821,-0.4361388,9.6097681,11.6325304,45.3376660
-0.7644385,-0.4517862,9.6079687,11.6224580,45.3970490
-0.7718992,-0.4677664,9.6057525,11.6127326,45.4617420
-0.7796926,-0.4834896,9.6031676,11.6039506,45.5228950
-0.7873564,-0.4983793,9.6002848,11.5966067,45.5808330
-0.7944793,-0.5118979,9.5971963,11.5910606,45.6386470
-0.8007273,-0.5235894,9.5940128,11.5875169,45.7117340
-0.8058762,-0.5331036,9.5908504,11.5860185,45.7696790
-0.8098296,-0.5402170,9.5878284,11.5864494,45.8328300
-0.8126319,-0.5448560,9.5850617,11.5885503,45.8918190
-0.8144648,-0.5470899,9.5826511,11.5919478,45.9489890
-0.8156250,-0.5471120,9.5806866,11.5961899,46.0083030
-0.8165027,-0.5452321,9.5792367,11.6007877,46.0774880
-0.8175433,-0.5418509,9.5783431,11.6052578,46.1383420
-0.8192080,-0.5374350,9.5780221,11.6091619,46.1970420
-0.8219410,-0.5325003,9.5782570,11.6121385,46.2547700
-0.8261211,-0.5275751,9.5790031,11.6139304,46.3162400
-0.8320244,-0.5231660,9.5801926,11.6144003,46.3853210
-0.8398000,-0.5197343,9.5817370,11.6135338,46.4462190
-0.8494470,-0.5176681,9.5835350,11.6114333,46.5098250
-0.8608174,-0.5172632,9.5854779,11.6083000,46.5685160
-0.8736290,-0.5187118,9.5874538,11.6044074,46.6287150
-0.8874885,-0.5220919,9.5893553,11.6000726,46.6879150
-0.9019317,-0.5273610,9.5910864,11.5956239,46.7568440
-0.9164626,-0.5343622,9.5925671,11.5913693,46.8189050
-0.9305993,-0.5428366,9.5937385,11.5875679,46.8777700
-0.9439198,-0.5524401,9.5945654,11.5844064,46.9354970
-0.9560972,-0.5627692,9.5950308,11.5819838,46.9972790
-0.9669316,-0.5733882,9.5951379,11.5803049,47.0550170
-0.9763704,-0.5838568,9.5949073,11.5792823,47.1265360
-0.9845093,-0.5937614,9.5943712,11.5787483,47.1904770
-0.9915845,-0.6027472,9.5935766,11.5784669,47.2479630
-0.9979488,-0.6105412,9.5925750,11.5781577,47.3079540
-1.0040335,-0.6169696,9.5914150,11.5775226,47.3672770
-1.0103087,-0.6219677,9.5901418,11.5762710,47.4724470
-1.0172445,-0.6255812,9.5887862,11.5741442,47.5322130
-1.0252625,-0.6279583,9.5873660,11.5709382,47.5897640
-1.0347004,-0.6293363,9.5858889,11.5665171,47.6489170
-1.0457748,-0.6300153,9.5843480,11.5608262,47.7082490
-1.0585503,-0.6303252,9.5827280,11.5539029,47.7674220
-1.0729330,-0.6305955,9.5810066,11.5458741,47.8449880
-1.0886740,-0.6311235,9.5791569,11.5369491,47.9043900
-1.1053842,-0.6321487,9.5771565,11.5274050,47.9654420
-1.1225650,-0.6338316,9.5749891,11.5175677,48.0272360
-1.1396397,-0.6362402,9.5726517,11.5077914,48.0857140
-1.1559887,-0.6393437,9.5701598,11.4984366,48.1459350
-1.1709977,-0.6430200,9.5675454,11.4898473,48.2184980
-1.1840981,-0.6470743,9.5648627,11.4823252,48.2759940
-1.1948047,-0.6512604,9.5621826,11.4761120,48.3346340
-1.2027495,-0.6553083,9.5595855,11.4713732,48.3923680
-1.2077009,-0.6589560,9.5571592,11.4681883,48.4502160
-1.2095754,-0.6619727,9.5549861,11.4665504,48.5247540
-1.2084436,-0.6641888,9.5531385,11.4663653,48.5832150
-1.2045264,-0.6655195,9.5516760,11.4674572,48.6415980
-1.1981729,-0.6659728,9.5506348,11.4695856,48.7000090
-1.1898436,-0.6656489,9.5500263,11.4724591,48.7578740
-1.1800728,-0.6647393,9.5498339,11.4757601,48.8162110
-1.1694195,-0.6635156,9.5500086,11.4791740,48.8890080
-1.1584506,-0.6622958,9.5504781,11.4824049,48.9463200
-1.1476959,-0.6614357,9.5511536,11.4851980,49.0098380
-1.1376234,-0.6612768,9.5519380,11.4873579,49.0679280
-1.1286361,-0.6620732,9.5527440,11.4887577,49.1254090
-1.1210220,-0.6640133,9.5534928,11.4893499,49.1902620
-1.1149434,-0.6671753,9.5541197,11.4891721,49.2589810
-1.1104332,-0.6715344,9.5545800,11.4883367,49.3199800
-1.1073891,-0.6770266,9.5548434,11.4870117,49.3810480
-1.1055967,-0.6834839,9.5549046,11.4854126,49.4386970
-1.1047457,-0.6906652,9.5547849,11.4837807,49.4967480
-1.1044437,-0.6982823,9.5545258,11.4823645,49.5724960
-1.1042215,-0.7059904,9.5541875,11.4814108,49.6317500
-1.1035750,-0.7134778,9.5538369,11.4811366,49.6891720
-1.1019966,-0.7204855,9.5535376,11.4817150,49.7476770
-1.0990004,-0.7268263,9.5533474,11.4832695,49.8062890
-1.0941657,-0.7324088,9.5533131,11.4858689,49.8669990
-1.0871470,-0.7372009,9.5534706,11.4895349,49.9400790
-1.0776982,-0.7412186,9.5538470,11.4942472,49.9974100
-1.0657047,-0.7444940,9.5544626,11.4999514,50.0558850
-1.0512045,-0.7470290,9.5553347,11.5065694,50.1142610
-1.0344039,-0.7487857,9.5564804,11.5140031,50.1735060
-1.0156805,-0.7496682,9.5579155,11.5221403,50.2341250
-0.9955726,-0.7495149,9.5596572,11.5308567,50.3072730
-0.9747517,-0.7481144,9.5617216,11.5400131,50.3659400
-0.9539882,-0.7452211,9.5641217,11.5494537,50.4241090
-0.9340986,-0.7405859,9.5668633,11.5590043,50.4889410
-0.9158820,-0.7340052,9.5699384,11.5684673,50.5477440
-0.9000531,-0.7253727,9.5733174,11.5776178,50.6229770
-0.8871733,-0.7147261,9.5769439,11.5862074,50.6824390
-0.8775902,-0.7022883,9.5807310,11.5939670,50.7404630
-0.8713905,-0.6884908,9.5845603,11.6006182,50.7990330
-0.8683747,-0.6739767,9.5882849,11.6058893,50.8576670
-0.8680478,-0.6595825,9.5917359,11.6095332,50.9182970
-0.8696364,-0.6462933,9.5947340,11.6113512,50.9891920
-0.8721333,-0.6351778,9.5971032,11.6112150,51.0465110
-0.8743609,-0.6273079,9.5986851,11.6090870,51.1054440
-0.8750560,-0.6236637,9.5993562,11.6050385,51.1629600
-0.8729660,-0.6250421,9.5990426,11.5992577,51.2206150
-0.8669435,-0.6319711,9.5977315,11.5920528,51.2812600
-0.8560354,-0.6446384,9.5954816,11.5838447,51.3534730
-0.8395604,-0.6628567,9.5924229,11.5751487,51.4115830
-0.8171625,-0.6860544,9.5887474,11.5665462,51.4728440
-0.7888434,-0.7133007,9.5847020,11.5586512,51.5308300
-0.7549635,-0.7433656,9.5805702,11.5520712,51.5913250
-0.7162177,-0.7747997,9.5766522,11.5473667,51.6640210
-0.6735909,-0.8060425,9.5732479,11.5450119,51.7232920
-0.6282846,-0.8355389,9.5706300,11.5453614,51.7808130
-0.5816319,-0.8618555,9.5690194,11.5486229,51.8393440
-0.5350084,-0.8837906,9.5685708,11.5548446,51.8977630
-0.4897400,-0.9004564,9.5693555,11.5639151,51.9584370
-0.4470246,-0.9113402,9.5713578,11.5755724,52.0316100
-0.4078730,-0.9163327,9.5744793,11.5894241,52.0890500
-0.3730593,-0.9157143,9.5785444,11.6049767,52.1463180
-0.3430903,-0.9101130,9.5833195,11.6216691,52.2096810
-0.3182065,-0.9004327,9.5885320,11.6389133,52.2710250
-0.2983970,-0.8877586,9.5938950,11.6561321,52.3289970
-0.2834358,-0.8732617,9.5991321,11.6727948,52.4005920
-0.2729320,-0.8580986,9.6039968,11.6884434,52.4582610
-0.2663781,-0.8433203,9.6082942,11.7027133,52.5156000
-0.2631938,-0.8298004,9.6118933,11.7153447,52.5793100
-0.2627753,-0.8181828,9.6147331,11.7261837,52.6406120
-0.2645383,-0.8088651,9.6168266,11.7351721,52.7121920
-0.2679406,-0.8020030,9.6182490,11.7423350,52.7744820
-0.2725107,-0.7975317,9.6191225,11.7477587,52.8337290
-0.2778468,-0.7952161,9.6196006,11.7515710,52.8946890
-0.2835907,-0.7947198,9.6198411,11.7539295,52.9557160
-0.2894348,-0.7956540,9.6199901,11.7549996,53.0182090
-0.2951025,-0.7976575,9.6201652,11.7549423,53.0902740
-0.3003416,-0.8004400,9.6204393,11.7539025,53.1489630
-0.3049560,-0.8037548,9.6208445,11.7520008,53.2076100
-0.3087867,-0.8074508,9.6213660,11.7493332,53.2667380
-0.3117075,-0.8114531,9.6219489,11.7459768,53.3283390
-0.3136381,-0.8157449,9.6225104,11.7419976,53.3861510
-0.3145331,-0.8204356,9.6229407,11.7374475,53.4584590
-0.3143931,-0.8256842,9.6231253,11.7323766,53.5158420
-0.3132850,-0.8316665,9.6229623,11.7268383,53.5730920
-0.3113305,-0.8385532,9.6223719,11.7208918,53.6340990
-0.3086774,-0.8464168,9.6213167,11.7146186,53.6952550
-0.3054987,-0.8552442,9.6197991,11.7081183,53.7657690
-0.3019690,-0.8649334,9.6178522,11.7015095,53.8240890
-0.2982554,-0.8752809,9.6155468,11.6949260,53.8821180
-0.2945309,-0.8860199,9.6129787,11.6885063,53.9430430
-0.2909543,-0.8968172,9.6102616,11.6823911,54.0038970
-0.2876453,-0.9072862,9.6075379,11.6767157,54.0615330
-0.2846800,-0.9170268,9.6049550,11.6716047,54.1346540
-0.2821880,-0.9256387,9.6026006,11.6671702,54.1921900
-0.2801429,-0.9327597,9.6006218,11.6635038,54.2496770
-0.2786126,-0.9381006,9.5990864,11.6606703,54.3080510
-0.2776365,-0.9414614,9.5980524,11.6587094,54.3696010
-0.2772489,-0.9427481,9.5975610,11.6576355,54.4277260
-0.2774826,-0.9419817,9.5976320,11.6574429,54.4995660
-0.2783248,-0.9393019,9.5982595,11.6581168,54.5571560
-0.2798032,-0.9349461,9.5994171,11.6596377,54.6145420
-0.2818563,-0.9292414,9.6010549,11.6619883,54.6780290
-0.2844532,-0.9225702,9.6030997,11.6651650,54.7390540
-0.2874799,-0.9153195,9.6054608,11.6691860,54.7967690
-0.2907704,-0.9078709,9.6080246,11.6740983,54.8710670
-0.2940963,-0.9005566,9.6106579,11.6799854,54.9287510
-0.2971701,-0.8936347,9.6132142,11.6869640,54.9867740
-0.2996583,-0.8872865,9.6155422,11.6951739,55.0481120
-0.3012026,-0.8815676,9.6174976,11.7047761,55.1070240
-0.3014442,-0.8764005,9.6189563,11.7159394,55.1767220
-0.3000615,-0.8715755,9.6198276,11.7288263,55.2390480
-0.2968095,-0.8667514,9.6200661,11.7435819,55.2967230
-0.2915488,-0.8614917,9.6196802,11.7603138,55.3552030
-0.2842806,-0.8552905,9.6187411,11.7790765,55.4171300
-0.2751555,-0.8476058,9.6173803,11.7998632,55.4793640
-0.2644611,-0.8378920,9.6157796,11.8226019,55.5493490
-0.2526319,-0.8256392,9.6141639,11.8471490,55.6081290
-0.2402199,-0.8104158,9.6127832,11.8732934,55.6677580
-0.2278625,-0.7918950,9.6118924,11.9007593,55.7285360
-0.2162578,-0.7698813,9.6117341,11.9292079,55.7870530
-0.2060953,-0.7443331,9.6125120,11.9582554,55.8499510
-0.1980028,-0.7153718,9.6143653,11.9874829,55.9187470
-0.1925099,-0.6832969,9.6173584,12.0164473,55.9829350
-0.1900118,-0.6485968,9.6214744,12.0446940,56.0408780
-0.1907453,-0.6119311,9.6266111,12.0717670,56.1018380
-0.1947849,-0.5741237,9.6325938,12.0972189,56.1637730
-0.2020383,-0.5361352,9.6391845,12.1206244,56.2326650
-0.2122489,-0.4990217,9.6460938,12.1415953,56.2935190
-0.2250212,-0.4639087,9.6530089,12.1597865,56.3520680
-0.2398484,-0.4319369,9.6596160,12.1749075,56.4124910
-0.2561328,-0.4042130,9.6656212,12.1867324,56.4705440
-0.2732062,-0.3817644,9.6707737,12.1951061,56.5283310
-0.2903722,-0.3654736,9.6748732,12.1999526,56.6005580
-0.3069239,-0.3560325,9.6777801,12.2012782,56.6579280
-0.3221827,-0.3538977,9.6794163,12.1991680,56.7153760
-0.3355487,-0.3592513,9.6797610,12.1937793,56.7767650
-0.3465013,-0.3719946,9.6788490,12.1853331,56.8381450
-0.3546339,-0.3917493,9.6767569,12.1740975,56.8958550
-0.3596758,-0.4178743,9.6735965,12.1603739,56.9676580
-0.3614967,-0.4495060,9.6695113,12.1444821,57.0251730
-0.3601382,-0.4856004,9.6646591,12.1267399,57.0826260
-0.3558203,-0.5249885,9.6592118,12.1074512,57.1497530
-0.3489295,-0.5664456,9.6533460,12.0868940,57.2072660
-0.3400000,-0.6087632,9.6472313,12.0653141,57.2782920
-0.3296845,-0.6508101,9.6410378,12.0429234,57.3377780
-0.3187032,-0.6915878,9.6349323,12.0199004,57.3953440
-0.3078021,-0.7302777,9.6290774,11.9963980,57.4603770
-0.2977129,-0.7662669,9.6236353,11.9725517,57.5178150
-0.2890835,-0.7991619,9.6187537,11.9484956,57.5753430
-0.2824416,-0.8287719,9.6145606,11.9243790,57.6484850
-0.2781505,-0.8550936,9.6111551,11.9003777,57.7059320
-0.2763723,-0.8782873,9.6085989,11.8767025,57.7661410
-0.2770752,-0.8986135,9.6069156,11.8536075,57.8303710
-0.2800314,-0.9163870,9.6060747,11.8313956,57.8889940
-0.2848411,-0.9319224,9.6059977,11.8104168,57.9488250
-0.2909775,-0.9454787,9.6065592,11.7910651,58.0193420
-0.2978292,-0.9572372,9.6075871,11.7737635,58.0772530
-0.3047461,-0.9672659,9.6089000,11.7589438,58.1387640
-0.3110614,-0.9755097,9.6103323,11.7470299,58.2010580
-0.3162855,-0.9817988,9.6116585,11.7384179,58.2601880
-0.3199197,-0.9858546,9.6127544,11.7334549,58.3331640
-0.3217009,-0.9873192,9.6134937,11.7324177,58.3917620
-0.3215472,-0.9857930,9.6138012,11.7354943,58.4493100
-0.3195762,-0.9808717,9.6136717,11.7427647,58.5109990
-0.3160945,-0.9721894,9.6131616,11.7541944,58.5694730
-0.3114973,-0.9594759,9.6123738,11.7696353,58.6278090
-0.3063257,-0.9425801,9.6114585,11.7888242,58.7017370
-0.3011184,-0.9215004,9.6105810,11.8113911,58.7591840
-0.2964926,-0.8964097,9.6098940,11.8368716,58.8220980
-0.2927580,-0.8676072,9.6096652,11.8647211,58.8809600
-0.2904523,-0.8355762,9.6099638,11.8943389,58.9401160
-0.2897116,-0.8009126,9.6109161,11.9251008,59.0098100
-0.2905451,-0.7643146,9.6125672,11.9563779,59.0680830
-0.2927928,-0.7265852,9.6149156,11.9875583,59.1257860
-0.2961320,-0.6885845,9.6179131,12.0180711,59.1875960
-0.3000570,-0.6511642,9.6213694,12.0473981,59.2450440
-0.3040373,-0.6152266,9.6251853,12.0750982,59.3073540
-0.3073745,-0.5815214,9.6291537,12.1008255,59.3764330
-0.3095071,-0.5508336,9.6332213,12.1243323,59.4364100
-0.3097429,-0.5237084,9.6371413,12.1454705,59.5007630
-0.3077403,-0.5006818,9.6407631,12.1641844,59.5583820
-0.3030092,-0.4820801,9.6440196,12.1805026,59.6158770
-0.2954984,-0.4680838,9.6468283,12.1945276,59.6741040
-0.2850728,-0.4587037,9.6492339,12.2064290,59.7462980
-0.2719432,-0.4537841,9.6513077,12.2164209,59.8038580
-0.2564132,-0.4530038,9.6531493,12.2247367,59.8652500
-0.2389628,-0.4559031,9.6548626,12.2316148,59.9236520
-0.2202105,-0.4619180,9.6565145,12.2372788,59.9817190
-0.2008535,-0.4704046,9.6581386,12.2419278,60.0547730
-0.1816289,-0.4806930,9.6597280,12.2457300,60.1126850
-0.1632765,-0.4921276,9.6612111,12.2488101,60.1758400
-0.1464757,-0.5041101,9.6624986,12.2512399,60.2369480
-0.1318336,-0.5161391,9.6634552,12.2530423,60.2948050
-0.1199088,-0.5278235,9.6639002,12.2541997,60.3522780
-0.1110553,-0.5389006,9.6636431,12.2546637,60.4238100
-0.1055647,-0.5492316,9.6625037,12.2543749,60.4812710
-0.1035716,-0.5587865,9.6603446,12.2532707,60.5444560
-0.1050602,-0.5676263,9.6570946,12.2512998,60.6065420
-0.1098842,-0.5758576,9.6527673,12.2484396,60.6656520
-0.1176987,-0.5835915,9.6474950,12.2447053,60.7388220
-0.1281413,-0.5909028,9.6415110,12.2401685,60.7973910
-0.1407401,-0.5977841,9.6350784,12.2349603,60.8554430
-0.1550091,-0.6041291,9.6285979,12.2292725,60.9168070
-0.1704870,-0.6097257,9.6224200,12.2233527,60.9760800
-0.1867427,-0.6142632,9.6169013,12.2174897,61.0347380
-0.2033763,-0.6173677,9.6123639,12.2120009,61.1080160
-0.2200406,-0.6186383,9.6090555,12.2072111,61.1661200
-0.2364353,-0.6176897,9.6071372,12.2034293,61.2294870
-0.2523181,-0.6142143,9.6066484,12.2009268,61.2916930
-0.2674852,-0.6080390,9.6074889,12.1999168,61.3495690
-0.2817562,-0.5991713,9.6094346,12.2005356,61.4073080
-0.2949543,-0.5878339,9.6121510,12.2028306,61.4770070
-0.3068750,-0.5744724,9.6152356,12.2067528,61.5347740
-0.3172900,-0.5597455,9.6182704,12.2121495,61.5980290
-0.3259300,-0.5445009,9.6208624,12.2187711,61.6565640
-0.3324834,-0.5297161,9.6226930,12.2262848,61.7172730
-0.3366161,-0.5164366,9.6235467,12.2342896,61.7753000
-0.3379781,-0.5057284,9.6233311,12.2423362,61.8466770
-0.3362386,-0.4985811,9.6220873,12.2499533,61.9107180
-0.3311159,-0.4958231,9.6199749,12.2566723,61.9684810
-0.3224219,-0.4980687,9.6172616,12.2620528,62.0283850
-0.3101020,-0.5056425,9.6142894,12.2657144,62.0867960
-0.2942664,-0.5185647,9.6114326,12.2673520,62.1571760
-0.2752280,-0.5365688,9.6090644,12.2667451,62.2192840
-0.2534988,-0.5590943,9.6074994,12.2637717,62.2804020
-0.2297846,-0.5853364,9.6069539,12.2584066,62.3378730
-0.2049718,-0.6143047,9.6075224,12.2507184,62.3963990
-0.1800797,-0.6448808,9.6091547,12.2408654,62.4575990
-0.1562320,-0.6759134,9.6116726,12.2290765,62.5266930
-0.1346097,-0.7063070,9.6147970,12.2156285,62.5917410
-0.1163799,-0.7350802,9.6181767,12.2008319,62.6493070
-0.1026332,-0.7614146,9.6214275,12.1850133,62.7070720
-0.0942862,-0.7846969,9.6241798,12.1685012,62.7654410
-0.0920385,-0.8045177,9.6261041,12.1516187,62.8240000
-0.0964122,-0.8206854,9.6269014,12.1346715,62.8926330
-0.1073369,-0.8331849,9.6265351,12.1179347,62.9598090
-0.1247375,-0.8421865,9.6249277,12.1016538,63.0188920
-0.1480397,-0.8479732,9.6221867,12.0860452,63.0795020
-0.1763582,-0.8509157,9.6185023,12.0712936,63.1407840
-0.2085304,-0.8514322,9.6141302,12.0575601,63.2105620
-0.2431994,-0.8499817,9.6094107,12.0449723,63.2725030
-0.2788237,-0.8469925,9.6045758,12.0336135,63.3310400
-0.3138991,-0.8429694,9.5999625,12.0235234,63.3898730
-0.3468059,-0.8383161,9.5957968,12.0146891,63.4484720
-0.3761918,-0.8335433,9.5924367,12.0070545,63.5073160
-0.4006820,-0.8290064,9.5899968,12.0005212,63.5802570
-0.4194128,-0.8251196,9.5885155,11.9949565,63.6425050
-0.4315599,-0.8221830,9.5879968,11.9902102,63.7013880
-0.4369031,-0.8204386,9.5883092,11.9861054,63.7600550
-0.4353442,-0.8200492,9.5893275,11.9824637,63.8179030
-0.4272594,-0.8210749,9.5909080,11.9791077,63.8905550
-0.4132542,-0.8234754,9.5929296,11.9758514,63.9524100
-0.3942098,-0.8271031,9.5952833,11.9725358,64.0103550
-0.3712442,-0.8316099,9.5978621,11.9690293,64.0685730
-0.3456272,-0.8366930,9.6005737,11.9652323,64.1274700
-0.3187443,-0.8419292,9.6033278,11.9610921,64.1864150
-0.2919883,-0.8468399,9.6060329,11.9565908,64.2553370
-0.2665361,-0.8512034,9.6086400,11.9517316,64.3167040
-0.2434364,-0.8544103,9.6111036,11.9465474,64.3776880
0.0000000,0.0000000,0.0000000,0.0000000,64.4354690
0.0000000,0.0000000,0.0000000,0.0000000,64.4926940
0.0000000,0.0000000,0.0000000,0.0000000,64.5513160
0.0000000,0.0000000,0.0000000,0.0000000,64.6239980
0.0000000,0.0000000,0.0000000,0.0000000,64.6816190
0.0000000,0.0000000,0.0000000,0.0000000,64.7400240
0.0000000,0.0000000,0.0000000,0.0000000,64.7984110
0.0000000,0.0000000,0.0000000,0.0000000,64.8561540
0.0000000,0.0000000,0.0000000,0.0000000,64.9306680
0.0000000,0.0000000,0.0000000,0.0000000,64.9933880
0.0000000,0.0000000,0.0000000,0.0000000,65.0532730
0.0000000,0.0000000,0.0000000,0.0000000,65.1144610
0.0000000,0.0000000,0.0000000,0.0000000,65.1729410
0.0000000,0.0000000,0.0000000,0.0000000,65.2308470
0.0000000,0.0000000,0.0000000,0.0000000,65.3070580
0.0000000,0.0000000,0.0000000,0.0000000,65.3656890
0.0000000,0.0000000,0.0000000,0.0000000,65.4230630
0.0000000,0.0000000,0.0000000,0.0000000,65.4815490
0.0000000,0.0000000,0.0000000,0.0000000,65.5402700
0.0000000,0.0000000,0.0000000,0.0000000,65.5976410
0.0000000,0.0000000,0.0000000,0.0000000,65.6712690
0.0000000,0.0000000,0.0000000,0.0000000,65.7301440
0.0000000,0.0000000,0.0000000,0.0000000,65.7876340
0.0000000,0.0000000,0.0000000,0.0000000,65.8463510
0.0000000,0.0000000,0.0000000,0.0000000,65.9075620
0.0000000,0.0000000,0.0000000,0.0000000,65.9803900
0.0000000,0.0000000,0.0000000,0.0000000,66.0424120
0.0000000,0.0000000,0.0000000,0.0000000,66.1013030
0.0000000,0.0000000,0.0000000,0.0000000,66.1598640
0.0000000,0.0000000,0.0000000,0.0000000,66.2191280
0.0000000,0.0000000,0.0000000,0.0000000,66.2778680
0.0000000,0.0000000,0.0000000,0.0000000,66.3504560
