0.0000030,0.0000219,0.0028387,0.0000437,0.0000000
0.0000056,0.0000550,0.0078525,0.0001215,0.0000000
0.0000056,0.0000960,0.0152420,0.0002362,0.0000000
-0.0000013,0.0001403,0.0252277,0.0003867,0.0000000
-0.0000187,0.0001829,0.0378660,0.0005684,0.0000000
-0.0000548,0.0002126,0.0528266,0.0007706,0.0000000
-0.0001163,0.0002161,0.0691786,0.0009724,0.0000000
-0.0001964,0.0001881,0.0852329,0.0011439,0.0000000
-0.0002873,0.0001218,0.0984834,0.0012437,0.0000000
-0.0003699,0.0000132,0.1056900,0.0012202,0.0000000
-0.0004219,-0.0001367,0.1031258,0.0010189,0.0000000
-0.0004379,-0.0003267,0.0869870,0.0005911,0.0000000
-0.0004050,-0.0005443,0.0539410,-0.0000971,0.0000000
-0.0003175,-0.0007626,0.0017693,-0.0010511,0.0000000
-0.0001694,-0.0009446,-0.0699667,-0.0022416,0.0000000
0.0000793,-0.0010472,-0.1593177,-0.0036038,0.0000000
0.0004556,-0.0010257,-0.2614731,-0.0050255,0.0000000
0.0009672,-0.0008410,-0.3685082,-0.0063514,0.0000000
0.0016051,-0.0004658,-0.4694209,-0.0073866,0.0000000
0.0023175,0.0001121,-0.5504911,-0.0078961,0.0000000
0.0030295,0.0008835,-0.5959555,-0.0076348,0.0000000
0.0036747,0.0018134,-0.5889913,-0.0063721,0.0000000
0.0041601,0.0028452,-0.5129173,-0.0039096,0.0000000
0.0043162,0.0039158,-0.3525214,-0.0001037,0.0000000
0.0039618,0.0049537,-0.0954366,0.0051129,0.0000000
0.0028893,0.0058741,0.2666149,0.0117194,0.0000000
0.0008988,0.0066035,0.7368050,0.0195896,0.0000000
-0.0020987,0.0071040,1.3125205,0.0284730,0.0000000
-0.0061374,0.0073523,1.9851354,0.0380127,0.0000000
-0.0111758,0.0073774,2.7402153,0.0477575,0.0000000
-0.0170384,0.0072218,3.5582259,0.0571834,0.0000000
-0.0233943,0.0068476,4.4156751,0.0657308,0.0000000
-0.0297317,0.0062257,5.2865081,0.0728356,2.7598700
-0.0353459,0.0053273,6.1438188,0.0779782,2.8180130
-0.0393940,0.0041124,6.9615291,0.0807277,2.8794150
-0.0409896,0.0025923,7.7159324,0.0807802,2.9374380
-0.0392662,0.0007905,8.3872863,0.0780150,2.9988760
-0.0335170,-0.0012928,8.9608804,0.0725219,3.0717310
-0.0233031,-0.0035715,9.4277890,0.0646298,3.1318130
-0.0085328,-0.0057376,9.7852974,0.0549358,3.1903060
0.0103768,-0.0073329,10.0364955,0.0442659,3.2485520
0.0324993,-0.0076506,10.1896462,0.0336346,3.3101850
0.0563323,-0.0058002,10.2572385,0.0242014,3.3680330
0.0797134,-0.0009344,10.2546910,0.0171980,3.4412530
0.1001069,0.0078934,10.1991095,0.0138451,3.4995360
0.1147356,0.0215841,10.1080175,0.0152787,3.5572640
0.1208546,0.0408598,9.9980363,0.0224383,3.6156390
0.1161945,0.0662650,9.8837528,0.0359433,3.6801530
0.0990359,0.0978364,9.7770502,0.0560608,3.7387850
0.0684692,0.1349535,9.6865504,0.0826502,3.8106540
0.0246179,0.1763198,9.6175407,0.1151444,3.8682720
-0.0313114,0.2199402,9.5723296,0.1525909,3.9255680
-0.0968877,0.2632302,9.5504025,0.1936725,3.9870270
-0.1685475,0.3032464,9.5490652,0.2367939,4.0478070
-0.2417969,0.3368238,9.5641003,0.2802013,4.1182100
-0.3114799,0.3606999,9.5902723,0.3221115,4.1768120
-0.3722760,0.3719337,9.6222516,0.3608764,4.2345570
-0.4191603,0.3681024,9.6551639,0.3951139,4.2955690
-0.4479191,0.3475762,9.6849871,0.4238435,4.3562200
-0.4556932,0.3098753,9.7089177,0.4466084,4.4140690
-0.4412525,0.2555589,9.7252787,0.4634806,4.4868760
-0.4052166,0.1862724,9.7334037,0.4750537,4.5443430
-0.3501482,0.1046811,9.7335088,0.4823811,4.6018120
-0.2804300,0.0142024,9.7264579,0.4868387,4.6601740
-0.2019785,-0.0810476,9.7135215,0.4899990,4.7218560
-0.1217933,-0.1765552,9.6954985,0.4934521,4.7796660
-0.0473436,-0.2676701,9.6768857,0.4986741,4.8527270
0.0141271,-0.3498898,9.6592633,0.5067411,4.9104990
0.0562709,-0.4192953,9.6440983,0.5182418,4.9705090
0.0742489,-0.4728043,9.6325261,0.5331749,5.0343950
0.0652805,-0.5084375,9.6252634,0.5509196,5.0921650
0.0290182,-0.5256116,9.6226773,0.5702830,5.1497300
-0.0323720,-0.5250224,9.6245644,0.5896027,5.2208650
-0.1143067,-0.5086018,9.6302285,0.6069229,5.2784390
-0.2101597,-0.4793592,9.6385406,0.6202199,5.3361150
-0.3118540,-0.4410174,9.6479201,0.6276499,5.4031480
-0.4105624,-0.3978466,9.6567089,0.6277989,5.4608230
-0.4975897,-0.3543393,9.6633295,0.6199023,5.5211700
-0.5651776,-0.3148142,9.6664853,0.6040119,5.5910780
-0.6072617,-0.2831038,9.6654596,0.5810981,5.6490090
-0.6201624,-0.2622062,9.6600315,0.5530427,5.7103760
-0.6028553,-0.2540033,9.6504997,0.5225309,5.7697770
-0.5572511,-0.2591799,9.6376717,0.4928787,5.8295350
-0.4882805,-0.2772683,9.6226970,0.4677742,5.9025300
-0.4032449,-0.3066452,9.6070158,0.4509599,5.9628330
-0.3112979,-0.3447756,9.5922518,0.4459260,6.0228980
-0.2225402,-0.3884199,9.5799466,0.4555666,6.0872620
-0.1467506,-0.4337903,9.5712882,0.4818646,6.1459090
-0.0927685,-0.4770760,9.5670542,0.5257029,6.2043820
-0.0676593,-0.5147475,9.5673905,0.5867347,6.2781480
-0.0759144,-0.5438405,9.5718717,0.6633599,6.3358400
-0.1191231,-0.5623322,9.5797983,0.7528339,6.3965490
-0.1955375,-0.5691618,9.5899604,0.8514347,6.4552040
-0.3000031,-0.5641753,9.6009137,0.9547164,6.5137940
-0.4244396,-0.5482555,9.6110750,1.0578520,6.5715040
-0.5585142,-0.5233845,9.6185130,1.1559938,6.6415970
-0.6905681,-0.4923158,9.6216314,1.2446432,6.6995310
-0.8087322,-0.4583916,9.6192911,1.3199760,6.7614950
-0.9019533,-0.4253638,9.6109275,1.3791112,6.8196230
-0.9609101,-0.3970512,9.5970245,1.4203204,6.8779120
-0.9789764,-0.3771259,9.5786170,1.4430717,6.9357280
-0.9527722,-0.3686871,9.5570323,1.4479872,7.0052210
-0.8825221,-0.3740606,9.5338783,1.4367311,7.0656920
-0.7722615,-0.3948148,9.5106233,1.4117730,7.1239870
-0.6292110,-0.4314257,9.4886952,1.3761396,7.1826450
-0.4631242,-0.4831033,9.4696687,1.3331730,7.2403180
-0.2854242,-0.5479438,9.4549448,1.2861924,7.3016170
-0.1078847,-0.6229401,9.4456114,1.2381729,7.3711250
0.0581418,-0.7043391,9.4424408,1.1915752,7.4343220
0.2025142,-0.7882237,9.4455986,1.1481896,7.4955760
0.3173022,-0.8707322,9.4548053,1.1090731,7.5531280
0.3972827,-0.9484741,9.4697191,1.0746359,7.6132660
0.4404008,-1.0187830,9.4896439,1.0447010,7.6715680
0.4481025,-1.0796840,9.5136241,1.0186139,7.7433940
0.4249136,-1.1301358,9.5405050,0.9954964,7.8072070
0.3778559,-1.1701060,9.5685394,0.9744830,7.8651250
0.3157215,-1.2003911,9.5959787,0.9549349,7.9231270
0.2479853,-1.2224974,9.6213612,0.9366570,7.9856260
0.1839442,-1.2383150,9.6434823,0.9200021,8.0556170
0.1318785,-1.2495871,9.6618667,0.9059131,8.1196830
0.0981361,-1.2577803,9.6763373,0.8958709,8.1807690
0.0867290,-1.2639612,9.6867283,0.8917501,8.2387670
0.0988876,-1.2685410,9.6930258,0.8956278,8.2990530
0.1328445,-1.2713944,9.6951113,0.9095037,8.3583920
0.1843651,-1.2717036,9.6930087,0.9350405,8.4313590
0.2470731,-1.2678575,9.6871146,0.9733663,8.4934330
0.3132665,-1.2577849,9.6780302,1.0248147,8.5524900
0.3750392,-1.2391199,9.6665218,1.0887454,8.6109950
0.4248218,-1.2096698,9.6534904,1.1635287,8.6730380
0.4562039,-1.1678961,9.6398035,1.2465539,8.7305570
0.4646281,-1.1131261,9.6263764,1.3343996,8.8045100
0.4477139,-1.0459165,9.6144204,1.4231307,8.8631830
0.4056649,-0.9680021,9.6051069,1.5085818,8.9216070
0.3413073,-0.8820739,9.5995219,1.5867005,8.9818730
0.2597517,-0.7917515,9.5985479,1.6539389,9.0403850
0.1678542,-0.7013016,9.6023221,1.7076017,9.0980150
0.0734860,-0.6152361,9.6106901,1.7461257,9.1695310
-0.0152705,-0.5379650,9.6232429,1.7692594,9.2275290
-0.0909342,-0.4733626,9.6392658,1.7781300,9.2862610
-0.1473282,-0.4244157,9.6582449,1.7751875,9.3446830
-0.1802585,-0.3928401,9.6793338,1.7639750,9.4023960
-0.1878632,-0.3786235,9.7012572,1.7488217,9.4632070
-0.1708207,-0.3801013,9.7225135,1.7344323,9.5347290
-0.1324544,-0.3941905,9.7411240,1.7253954,9.5920930
-0.0781369,-0.4165205,9.7552282,1.7257692,9.6503490
-0.0147568,-0.4419408,9.7634797,1.7386921,9.7088700
0.0499877,-0.4650180,9.7650489,1.7660371,9.7669390
0.1087380,-0.4804551,9.7598769,1.8081881,9.8292530
0.1549223,-0.4838221,9.7485318,1.8639894,9.9014500
0.1831699,-0.4721130,9.7319872,1.9308335,9.9617640
0.1900352,-0.4440941,9.7116601,2.0048933,10.0227250
0.1741116,-0.4007165,9.6894243,2.0815104,10.0802980
0.1363217,-0.3449019,9.6673385,2.1556274,10.1376880
0.0802107,-0.2810982,9.6474748,2.2222466,10.2130790
0.0113716,-0.2149485,9.6317114,2.2769489,10.2721760
-0.0630889,-0.1525938,9.6211699,2.3163454,10.3296270
-0.1352865,-0.1001278,9.6164205,2.3384119,10.3930950
-0.1975924,-0.0630778,9.6176552,2.3427110,10.4511980
-0.2433092,-0.0457389,9.6245340,2.3304506,10.5086720
-0.2673483,-0.0505943,9.6367099,2.3043931,10.5851830
-0.2667832,-0.0779532,9.6534598,2.2685744,10.6427990
-0.2410921,-0.1260674,9.6733390,2.2279150,10.7029690
-0.1922881,-0.1911995,9.6945643,2.1877446,10.7636340
-0.1248684,-0.2678173,9.7147527,2.1532369,10.8212300
-0.0452689,-0.3491894,9.7315231,2.1289308,10.8816640
0.0388279,-0.4279866,9.7431590,2.1183355,10.9556140
0.1192449,-0.4970131,9.7485076,2.1235444,11.0133350
0.1884104,-0.5500007,9.7473275,2.1450017,11.0719680
0.2399482,-0.5818624,9.7400427,2.1814853,11.1304040
0.2690736,-0.5897584,9.7273923,2.2301861,11.1890540
0.2732380,-0.5731300,9.7105227,2.2869928,11.2498250
0.2521978,-0.5339531,9.6908648,2.3469551,11.3228480
0.2081458,-0.4763959,9.6700603,2.4047286,11.3815060
0.1457522,-0.4063821,9.6498493,2.4550484,11.4423940
0.0715034,-0.3310387,9.6318634,2.4932836,11.5044920
-0.0069156,-0.2578015,9.6172222,2.5158855,11.5624560
-0.0815023,-0.1938767,9.6065678,2.5207492,11.6386130
-0.1450396,-0.1456092,9.6002336,2.5074757,11.6971190
-0.1914971,-0.1177585,9.5981208,2.4774108,11.7571140
-0.2170205,-0.1130198,9.6001552,2.4335351,11.8165770
-0.2201346,-0.1316797,9.6060147,2.3801773,11.8746250
-0.2019166,-0.1715395,9.6147730,2.3226131,11.9365080
-0.1659478,-0.2281421,9.6252350,2.2665779,12.0058240
-0.1180832,-0.2953412,9.6356266,2.2177294,12.0634270
-0.0657713,-0.3658302,9.6441171,2.1811136,12.1218980
-0.0172524,-0.4317708,9.6494192,2.1606861,12.1793720
0.0192766,-0.4856342,9.6506112,2.1589529,12.2378280
0.0368185,-0.5207836,9.6474556,2.1767337,12.3033960
0.0301223,-0.5322932,9.6401155,2.2131014,12.3724700
-0.0039662,-0.5175473,9.6287706,2.2654495,12.4346170
-0.0659463,-0.4764518,9.6137780,2.3297520,12.4923120
-0.1537428,-0.4116851,9.5955999,2.4009964,12.5499210
-0.2626886,-0.3281691,9.5748506,2.4736287,12.6116460
-0.3855859,-0.2324874,9.5523861,2.5420219,12.6702650
-0.5135400,-0.1322845,9.5291953,2.6010415,12.7387110
-0.6367252,-0.0352169,9.5061296,2.6465366,12.8034880
-0.7453771,0.0515203,9.4840210,2.6756868,12.8615550
-0.8309117,0.1217139,9.4638460,2.6872851,12.9191710
-0.8866623,0.1708454,9.4466216,2.6818094,12.9842270
-0.9085468,0.1964394,9.4338305,2.6613217,13.0529310
-0.8954589,0.1983991,9.4270327,2.6292488,13.1141240
-0.8493080,0.1789781,9.4273241,2.5900290,13.1749380
-0.7749326,0.1424095,9.4355089,2.5486461,13.2325700
-0.6797969,0.0945157,9.4515391,2.5100897,13.2954010
-0.5731700,0.0420455,9.4748679,2.4788740,13.3550060
-0.4652673,-0.0082122,9.5050053,2.4586296,13.4237800
-0.3662846,-0.0500999,9.5411651,2.4517246,13.4821280
-0.2851249,-0.0785452,9.5825897,2.4590492,13.5433430
-0.2288033,-0.0902384,9.6282445,2.4799675,13.6007540
-0.2020156,-0.0840142,9.6763499,2.5123631,13.6657330
-0.2065435,-0.0608994,9.7247485,2.5529070,13.7244400
-0.2413241,-0.0241474,9.7709208,2.5974637,13.7955020
-0.3024228,0.0213659,9.8122929,2.6415189,13.8572480
-0.3830963,0.0698023,9.8467117,2.6806400,13.9151650
-0.4746540,0.1149768,9.8724658,2.7109697,13.9765910
-0.5672612,0.1513093,9.8883345,2.7296481,14.0399910
-0.6509617,0.1742527,9.8937532,2.7350982,14.0975300
-0.7168381,0.1805965,9.8888731,2.7272091,14.1688400
-0.7578046,0.1689701,9.8745852,2.7073502,14.2273790
-0.7693641,0.1398973,9.8527711,2.6782211,14.2848850
-0.7499817,0.0958163,9.8259542,2.6435626,14.3487060
-0.7011561,0.0410072,9.7968505,2.6077939,14.4080640
-0.6273267,-0.0190026,9.7682742,2.5755250,14.4784470
-0.5354080,-0.0780584,9.7424883,2.5510062,14.5381130
-0.4341080,-0.1300344,9.7212980,2.5377227,14.5968850
-0.3331315,-0.1696073,9.7062960,2.5380432,14.6579450
-0.2421563,-0.1927976,9.6984673,2.5529301,14.7186960
-0.1697344,-0.1973490,9.6984598,2.5818432,14.7777840
-0.1225216,-0.1830541,9.7062391,2.6227631,14.8519470
-0.1046712,-0.1517537,9.7206341,2.6723296,14.9093800
-0.1173683,-0.1072073,9.7397297,2.7261978,14.9668740
-0.1588668,-0.0548488,9.7608177,2.7795130,15.0282150
-0.2245770,-0.0009835,9.7808646,2.8273730,15.0869430
-0.3073489,0.0475610,9.7972117,2.8652911,15.1448990
-0.3982849,0.0846256,9.8075964,2.8896666,15.2182480
-0.4875076,0.1053180,9.8104074,2.8981335,15.2759290
-0.5652602,0.1064054,9.8048137,2.8897885,15.3360790
-0.6229987,0.0864849,9.7905797,2.8653043,15.4006130
-0.6541829,0.0462911,9.7682645,2.8268325,15.4582010
-0.6551057,-0.0115714,9.7394425,2.7777737,15.5291580
-0.6250865,-0.0827011,9.7063083,2.7223985,15.5917370
-0.5664029,-0.1610448,9.6715072,2.6654068,15.6491460
-0.4840994,-0.2396689,9.6378345,2.6114269,15.7096620
-0.3855880,-0.3114703,9.6074132,2.5644800,15.7679200
-0.2796854,-0.3699064,9.5819512,2.5276193,15.8291250
-0.1761633,-0.4097872,9.5627966,2.5026498,15.8981790
-0.0846120,-0.4277569,9.5506453,2.4899415,15.9598000
-0.0134033,-0.4225451,9.5460375,2.4884278,16.0179050
0.0310485,-0.3951921,9.5487933,2.4957238,16.0788030
0.0448337,-0.3489949,9.5576361,2.5084090,16.1406960
0.0269327,-0.2891883,9.5705917,2.5224316,16.1981390
-0.0209024,-0.2226367,9.5848120,2.5335588,16.2671050
-0.0942690,-0.1569855,9.5972862,2.5378645,16.3262990
-0.1863683,-0.0997904,9.6055596,2.5321682,16.3878810
-0.2888192,-0.0578309,9.6077878,2.5144146,16.4455110
-0.3923836,-0.0361118,9.6031276,2.4839199,16.5080510
-0.4879728,-0.0375999,9.5916651,2.4414671,16.5772770
-0.5676661,-0.0631993,9.5741986,2.3892791,16.6378770
-0.6253825,-0.1114529,9.5523338,2.3308145,16.6999050
-0.6575747,-0.1788919,9.5284636,2.2704207,16.7607550
-0.6633405,-0.2602060,9.5054601,2.2128966,16.8185020
-0.6443333,-0.3483759,9.4863926,2.1630666,16.8769070
-0.6045660,-0.4355600,9.4741874,2.1252653,16.9465680
-0.5498009,-0.5138363,9.4709239,2.1028477,17.0042190
-0.4870130,-0.5759755,9.4778672,2.0979052,17.0657960
-0.4236980,-0.6163233,9.4955601,2.1110284,17.1236670
-0.3670152,-0.6312482,9.5235525,2.1412339,17.1812530
-0.3229737,-0.6194075,9.5608168,2.1860897,17.2408560
-0.2957910,-0.5818988,9.6054738,2.2419022,17.3099400
-0.2875836,-0.5221495,9.6545043,2.3040287,17.3718420
-0.2981009,-0.4455719,9.7042693,2.3673359,17.4332980
-0.3248855,-0.3591614,9.7505272,2.4267024,17.4908720
-0.3635764,-0.2706947,9.7891077,2.4774899,17.5526750
-0.4081491,-0.1878772,9.8167154,2.5159619,17.6105790
-0.4517111,-0.1176254,9.8310130,2.5396265,17.6818370
-0.4872059,-0.0651408,9.8310140,2.5474398,17.7458170
-0.5082045,-0.0336194,9.8170383,2.5398735,17.8036240
-0.5097553,-0.0241701,9.7903967,2.5188434,17.8635900
-0.4888697,-0.0356036,9.7534755,2.4874880,17.9221750
-0.4449895,-0.0647877,9.7096162,2.4498281,17.9924760
-0.3799800,-0.1068710,9.6627231,2.4103372,18.0547990
-0.2979157,-0.1555508,9.6170391,2.3735377,18.1155200
-0.2047953,-0.2039270,9.5766360,2.3435333,18.1731650
-0.1078830,-0.2452462,9.5446509,2.3235635,18.2320210
-0.0151201,-0.2736307,9.5232982,2.3157745,18.2933630
0.0654952,-0.2848328,9.5137324,2.3210443,18.3622210
0.1267668,-0.2766207,9.5158692,2.3389340,18.4271040
0.1630279,-0.2489755,9.5288551,2.3678452,18.4848070
0.1706919,-0.2041003,9.5507418,2.4051836,18.5426810
0.1486595,-0.1461527,9.5784082,2.4475958,18.6009600
0.0984451,-0.0808033,9.6080630,2.4913810,18.6598300
0.0240091,-0.0147022,9.6352374,2.5328934,18.7283060
-0.0685857,0.0453292,9.6556251,2.5689195,18.7899570
-0.1716478,0.0931201,9.6658780,2.5970225,18.8485920
-0.2766078,0.1237608,9.6637572,2.6157676,18.9064300
-0.3747802,0.1342821,9.6486609,2.6248305,18.9685310
-0.4581838,0.1239328,9.6214426,2.6249917,19.0377790
-0.5203224,0.0941546,9.5840266,2.6180329,19.1025270
-0.5567731,0.0485452,9.5394193,2.6065025,19.1640980
-0.5657511,-0.0076868,9.4913511,2.5934018,19.2217350
-0.5480995,-0.0681493,9.4439965,2.5818289,19.2819110
-0.5070913,-0.1256420,9.4017379,2.5746368,19.3404040
-0.4481332,-0.1730678,9.3686466,2.5740916,19.4089860
-0.3779538,-0.2040958,9.3478917,2.5815649,19.4706970
-0.3041343,-0.2139020,9.3415288,2.5974168,19.5322110
-0.2345651,-0.1998664,9.3504530,2.6209562,19.5897540
-0.1765330,-0.1618092,9.3742126,2.6504955,19.6493790
-0.1361322,-0.1021414,9.4113987,2.6835873,19.7070680
-0.1175590,-0.0255326,9.4595911,2.7172442,19.7799040
-0.1225846,0.0615396,9.5151339,2.7481977,19.8375720
-0.1504961,0.1514042,9.5737239,2.7732892,19.8949860
-0.1982105,0.2360364,9.6304319,2.7898079,19.9527100
-0.2607036,0.3077263,9.6803957,2.7958032,20.0110930
-0.3315265,0.3598928,9.7197716,2.7903334,20.0691300
-0.4035190,0.3877553,9.7457971,2.7735754,20.1441430
-0.4695642,0.3889073,9.7574015,2.7468368,20.2017570
-0.5232940,0.3635935,9.7549551,2.7124275,20.2617040
-0.5598162,0.3145468,9.7397697,2.6734494,20.3230450
-0.5761844,0.2468334,9.7141807,2.6335046,20.3808550
-0.5717819,0.1672328,9.6810119,2.5963399,20.4539640
-0.5482862,0.0836022,9.6435728,2.5654851,20.5166010
-0.5093698,0.0043607,9.6055210,2.5439380,20.5747560
-0.4603319,-0.0624942,9.5704614,2.5338553,20.6347760
-0.4073166,-0.1101181,9.5414792,2.5363001,20.6958310
-0.3567681,-0.1335627,9.5207800,2.5511846,20.7536160
-0.3149141,-0.1304054,9.5094619,2.5772904,20.8266220
-0.2869669,-0.1009642,9.5074713,2.6123783,20.8860410
-0.2766703,-0.0484378,9.5138246,2.6534636,20.9433610
-0.2857983,0.0216066,9.5267389,2.6970738,21.0040960
-0.3138130,0.1017632,9.5436702,2.7395239,21.0653200
-0.3580109,0.1835261,9.5617367,2.7773075,21.1227390
-0.4137695,0.2583646,9.5777828,2.8074267,21.1972280
-0.4751266,0.3183081,9.5889521,2.8276858,21.2558910
-0.5354576,0.3567526,9.5932726,2.8369210,21.3135630
-0.5881562,0.3691809,9.5897605,2.8351052,21.3753040
-0.6273742,0.3536117,9.5789496,2.8233667,21.4343160
-0.6485914,0.3109393,9.5624436,2.8038340,21.5082680
-0.6490485,0.2448142,9.5425187,2.7794469,21.5708570
-0.6280756,0.1613270,9.5219903,2.7536559,21.6286930
-0.5872552,0.0682780,9.5034514,2.7300330,21.6862390
-0.5301681,-0.0255615,9.4894429,2.7119753,21.7445500
-0.4620090,-0.1111298,9.4823029,2.7023771,21.8060190
-0.3890466,-0.1801110,9.4837671,2.7033300,21.8784590
-0.3177640,-0.2256891,9.4949829,2.7159046,21.9419440
-0.2543502,-0.2433372,9.5159606,2.7400454,21.9993140
-0.2042114,-0.2314189,9.5455762,2.7745719,22.0568800
-0.1713291,-0.1913267,9.5816435,2.8172907,22.1150940
-0.1579674,-0.1274838,9.6211071,2.8652669,22.1763280
-0.1643675,-0.0467344,9.6605572,2.9150760,22.2481470
-0.1886594,0.0422817,9.6962869,2.9630773,22.3065640
-0.2271385,0.1300226,9.7248398,3.0058094,22.3648260
-0.2746444,0.2072278,9.7432589,3.0403099,22.4237950
-0.3252292,0.2655652,9.7493760,3.0644112,22.4818180
-0.3727479,0.2985072,9.7424402,3.0769911,22.5408050
-0.4115730,0.3019729,9.7230136,3.0780483,22.6151080
-0.4373677,0.2745754,9.6931632,3.0686878,22.6724510
-0.4473564,0.2179874,9.6561224,3.0509756,22.7298700
-0.4406439,0.1366833,9.6156335,3.0277182,22.7944870
-0.4182964,0.0374704,9.5757604,3.0021577,22.8523600
-0.3830850,-0.0710653,9.5401818,2.9775953,22.9101280
-0.3393113,-0.1795425,9.5121032,2.9570850,22.9869020
-0.2923378,-0.2789403,9.4941880,2.9431308,23.0445540
-0.2479503,-0.3609591,9.4881506,2.9374273,23.1018440
-0.2115963,-0.4192997,9.4948524,2.9407062,23.1608630
-0.1877809,-0.4499650,9.5139074,2.9526745,23.2193250
-0.1796847,-0.4516893,9.5436440,2.9720684,23.2921650
-0.1887056,-0.4259400,9.5813484,2.9968196,23.3552940
-0.2144290,-0.3767964,9.6233855,3.0243424,23.4127990
-0.2546020,-0.3102963,9.6658587,3.0518243,23.4703990
-0.3051533,-0.2337130,9.7049211,3.0765045,23.5286010
-0.3607816,-0.1547775,9.7371841,3.0960217,23.5898580
-0.4154921,-0.0806052,9.7600996,3.1086712,23.6615540
-0.4633584,-0.0172357,9.7719894,3.1135981,23.7258100
-0.4993122,0.0307954,9.7723235,3.1109338,23.7836740
-0.5197188,0.0609056,9.7616404,3.1017589,23.8412120
-0.5230034,0.0723739,9.7415431,3.0879862,23.9033380
-0.5096714,0.0664879,9.7144712,3.0721262,23.9612210
-0.4822691,0.0463835,9.6831857,3.0569936,24.0354110
-0.4451348,0.0164844,9.6505617,3.0453804,24.0970500
-0.4036938,-0.0179979,9.6189461,3.0396828,24.1547380
-0.3640957,-0.0519021,9.5901459,3.0416629,24.2123790
-0.3325261,-0.0807187,9.5655747,3.0522487,24.2715330
-0.3144117,-0.1011280,9.5459704,3.0713990,24.3460690
-0.3137911,-0.1114734,9.5317723,3.0981116,24.4044500
-0.3326508,-0.1117452,9.5227742,3.1304811,24.4638170
-0.3706782,-0.1035821,9.5179317,3.1658831,24.5267090
-0.4251955,-0.0900060,9.5157297,3.2012503,24.5846770
-0.4914509,-0.0749989,9.5139580,3.2334122,24.6465840
-0.5631242,-0.0630302,9.5105928,3.2594381,24.7184910
-0.6328732,-0.0584013,9.5040369,3.2768992,24.7798910
-0.6932293,-0.0647491,9.4933261,3.2841529,24.8411850
-0.7373984,-0.0844171,9.4785673,3.2805190,24.8987350
-0.7601086,-0.1181902,9.4605088,3.2663340,24.9585970
-0.7583205,-0.1653464,9.4405531,3.2429573,25.0198330
-0.7316197,-0.2235743,9.4205715,3.2126039,25.0912770
-0.6825153,-0.2894041,9.4025328,3.1781005,25.1489190
-0.6160523,-0.3584057,9.3885976,3.1426084,25.2079690
-0.5392879,-0.4253655,9.3806348,3.1092937,25.2654080
-0.4605842,-0.4849747,9.3800859,3.0810214,25.3242000
-0.3884969,-0.5322756,9.3876558,3.0600509,25.3863280
-0.3310952,-0.5633372,9.4031064,3.0478452,25.4895370
-0.2951367,-0.5757302,9.4256220,3.0449981,25.5469270
-0.2852418,-0.5687724,9.4536517,3.0511906,25.6097230
-0.3033823,-0.5437321,9.4853519,3.0653035,25.6704990
-0.3485096,-0.5034974,9.5185967,3.0855540,25.7283840
-0.4166793,-0.4524065,9.5507229,3.1096602,25.8015870
-0.5014090,-0.3957636,9.5790538,3.1351291,25.8610530
-0.5944267,-0.3391959,9.6008177,3.1595234,25.9186730
-0.6865453,-0.2882864,9.6137690,3.1807382,25.9776410
-0.7684441,-0.2478650,9.6167825,3.1971974,26.0392340
-0.8317830,-0.2216061,9.6097891,3.2080013,26.0967260
-0.8701010,-0.2116680,9.5941323,3.2129961,26.1697570
-0.8794820,-0.2183712,9.5720572,3.2127199,26.2272490
-0.8590856,-0.2403605,9.5463535,3.2083520,26.2848240
-0.8111607,-0.2746496,9.5201898,3.2015360,26.3470660
-0.7408234,-0.3170558,9.4965842,3.1941624,26.4056990
-0.6554623,-0.3626201,9.4784716,3.1881636,26.4635160
-0.5638498,-0.4058524,9.4683799,3.1852847,26.5384190
-0.4752211,-0.4414498,9.4682111,3.1868905,26.5960020
-0.3980975,-0.4647268,9.4791508,3.1937945,26.6555810
-0.3394649,-0.4721939,9.5013067,3.2061900,26.7200280
-0.3042145,-0.4621061,9.5339295,3.2236351,26.7779740
-0.2945150,-0.4345687,9.5753466,3.2450936,26.8359150
-0.3097030,-0.3916885,9.6231235,3.2690888,26.9073480
-0.3462947,-0.3371997,9.6744203,3.2938085,26.9659820
-0.3982466,-0.2760422,9.7259006,3.3172510,27.0243680
-0.4576953,-0.2138127,9.7741876,3.3374298,27.0920920
-0.5157945,-0.1564308,9.8160301,3.3525207,27.1503330
-0.5637931,-0.1092021,9.8485812,3.3610699,27.2223040
-0.5939198,-0.0767437,9.8699146,3.3621151,27.2819900
-0.6002810,-0.0623780,9.8790282,3.3552549,27.3397240
-0.5796161,-0.0678414,9.8761754,3.3406952,27.4052460
-0.5314967,-0.0930343,9.8625551,3.3191585,27.4630950
-0.4584879,-0.1361988,9.8399608,3.2918185,27.5206130
-0.3658763,-0.1940630,9.8106938,3.2601794,27.5909080
-0.2611172,-0.2623220,9.7769801,3.2259132,27.6489410
-0.1531390,-0.3360919,9.7411346,3.1907469,27.7081280
-0.0513818,-0.4101867,9.7054694,3.1563407,27.7702990
0.0351412,-0.4797859,9.6719881,3.1241612,27.8292420
0.0989471,-0.5407894,9.6424100,3.0953648,27.8871440
0.1347623,-0.5902911,9.6177049,3.0707731,27.9578890
0.1398445,-0.6270211,9.5980778,3.0508658,28.0154050
0.1144228,-0.6513277,9.5829738,3.0357916,28.0831890
0.0615360,-0.6652906,9.5711694,3.0254712,28.1414260
-0.0131860,-0.6721963,9.5611574,3.0196280,28.1989090
-0.1017736,-0.6759963,9.5511023,3.0178056,28.2616180
-0.1948664,-0.6808626,9.5392549,3.0194958,28.3302360
-0.2826013,-0.6903345,9.5241083,3.0242145,28.3906880
-0.3556484,-0.7071768,9.5045801,3.0315713,28.4549140
-0.4062480,-0.7331568,9.4805606,3.0413561,28.5128230
-0.4289476,-0.7686600,9.4528189,3.0535382,28.5738450
-0.4212307,-0.8127372,9.4232851,3.0682493,28.6443950
-0.3836529,-0.8629326,9.3947021,3.0857296,28.7026420
-0.3198245,-0.9154318,9.3700191,3.1062701,28.7690420
-0.2360617,-0.9655099,9.3522568,3.1301142,28.8269660
-0.1407210,-1.0080096,9.3436487,3.1573197,28.8849510
-0.0434968,-1.0380031,9.3458181,3.1877296,28.9467590
0.0455854,-1.0513126,9.3598625,3.2209125,29.0154020
0.1171007,-1.0450736,9.3859652,3.2561247,29.0729690
0.1632053,-1.0180875,9.4238341,3.2923534,29.1346060
0.1784263,-0.9710263,9.4720209,3.3283208,29.1933230
0.1599439,-0.9065804,9.5277568,3.3625530,29.2506810
0.1079981,-0.8292248,9.5872708,3.3935132,29.3099820
0.0258058,-0.7451214,9.6456580,3.4197543,29.3907600
-0.0808126,-0.6613179,9.6979341,3.4400803,29.4517670
-0.2037012,-0.5845692,9.7394776,3.4536763,29.5135700
-0.3332841,-0.5210683,9.7664927,3.4602414,29.5724320
-0.4594890,-0.4758331,9.7766685,3.4600638,29.6309950
-0.5726672,-0.4520238,9.7689386,3.4540300,29.6894380
-0.6645324,-0.4507479,9.7438918,3.4436166,29.7622030
-0.7289099,-0.4708384,9.7036223,3.4307656,29.8198210
-0.7623816,-0.5090755,9.6514907,3.4177259,29.8790680
-0.7643869,-0.5603557,9.5921332,3.4068500,29.9412470
-0.7373086,-0.6180239,9.5306462,3.4003356,29.9989230
-0.6861529,-0.6746375,9.4723352,3.4000059,30.0751830
-0.6178123,-0.7225919,9.4221411,3.4070758,30.1337080
-0.5405873,-0.7550574,9.3841411,3.4220217,30.1938880
-0.4633676,-0.7667428,9.3615958,3.4445229,30.2527960
-0.3946987,-0.7544441,9.3564754,3.4734427,30.3107340
-0.3419704,-0.7175006,9.3695531,3.5069298,30.3698450
-0.3106399,-0.6577072,9.4001934,3.5425466,30.4438720
-0.3037117,-0.5792604,9.4461752,3.5774852,30.5058770
-0.3215046,-0.4883068,9.5040773,3.6088388,30.5637680
-0.3618051,-0.3922610,9.5692734,3.6338836,30.6238060
-0.4201102,-0.2992599,9.6367526,3.6503824,30.6825610
-0.4900695,-0.2172022,9.7016992,3.6567917,30.7414090
-0.5642745,-0.1530735,9.7598202,3.6524563,30.8131610
-0.6349895,-0.1122807,9.8080557,3.6377058,30.8714850
-0.6950710,-0.0980228,9.8442932,3.6138218,30.9302190
-0.7387782,-0.1112629,9.8674362,3.5829943,30.9877620
-0.7623185,-0.1505260,9.8774035,3.5481088,31.0507530
-0.7643734,-0.2120911,9.8747226,3.5124937,31.1096510
-0.7459562,-0.2904541,9.8608441,3.4796429,31.1846380
-0.7101251,-0.3786341,9.8378070,3.4528538,31.2469660
-0.6615629,-0.4689574,9.8080976,3.4349571,31.3048690
-0.6056555,-0.5537694,9.7745725,3.4280427,31.3623330
-0.5480415,-0.6261366,9.7398644,3.4332954,31.4206950
-0.4940488,-0.6804729,9.7065478,3.4509537,31.4823380
-0.4479196,-0.7129958,9.6768123,3.4802851,31.5515570
-0.4124080,-0.7220894,9.6523281,3.5196961,31.6108360
-0.3882882,-0.7081585,9.6343874,3.5668800,31.6693150
-0.3742397,-0.6736175,9.6236036,3.6190139,31.7270300
-0.3670570,-0.6224666,9.6198019,3.6730386,31.7886430
-0.3620612,-0.5596301,9.6223174,3.7259448,31.8610640
-0.3538603,-0.4907233,9.6299320,3.7750326,31.9211020
-0.3369178,-0.4213100,9.6412872,3.8180757,31.9832760
-0.3064397,-0.3564800,9.6548622,3.8534904,32.0417480
-0.2592217,-0.3005041,9.6692948,3.8804125,32.0994090
-0.1939993,-0.2562692,9.6832224,3.8986573,32.1617480
-0.1119218,-0.2254184,9.6952811,3.9087028,32.2322060
-0.0165342,-0.2081850,9.7042224,3.9115182,32.2908520
0.0865557,-0.2035472,9.7087253,3.9083359,32.3500750
0.1900226,-0.2096395,9.7078782,3.9005135,32.4131040
0.2856242,-0.2237173,9.7011608,3.8893442,32.4710960
0.3650178,-0.2427384,9.6885737,3.8759006,32.5358420
0.4207096,-0.2637490,9.6708706,3.8609321,32.6045110
0.4469283,-0.2841935,9.6490837,3.8447948,32.6647640
0.4401682,-0.3023704,9.6248057,3.8274619,32.7262180
0.3997455,-0.3175017,9.5998619,3.8085848,32.7840810
0.3279498,-0.3298548,9.5760812,3.7876429,32.8445500
0.2299293,-0.3404979,9.5555116,3.7640759,32.9147180
0.1133586,-0.3510999,9.5396475,3.7373812,32.9730580
-0.0123134,-0.3636530,9.5296097,3.7073008,33.0306590
-0.1367275,-0.3799598,9.5259571,3.6739382,33.0897960
-0.2496919,-0.4015730,9.5284420,3.6378434,33.1483550
-0.3421639,-0.4295309,9.5367072,3.6000790,33.2146530
-0.4071547,-0.4641429,9.5499548,3.5621647,33.2834210
-0.4405414,-0.5048778,9.5672548,3.5259810,33.3436560
-0.4413180,-0.5501404,9.5875862,3.4936005,33.4048630
-0.4116522,-0.5976536,9.6093193,3.4671021,33.4627460
-0.3566642,-0.6446119,9.6307180,3.4483575,33.5231550
-0.2838440,-0.6875788,9.6498064,3.4387897,33.5819590
-0.2023363,-0.7230065,9.6647964,3.4392400,33.6515760
-0.1220064,-0.7478280,9.6747136,3.4498534,33.7090990
-0.0524276,-0.7597371,9.6792136,3.4700104,33.7683440
-0.0017653,-0.7572787,9.6788679,3.4983561,33.8299860
0.0239801,-0.7401690,9.6747732,3.5328676,33.8889780
0.0213641,-0.7095040,9.6681593,3.5710045,33.9503780
-0.0100623,-0.6676467,9.6604066,3.6099264,34.0199660
-0.0678537,-0.6182244,9.6528213,3.6467596,34.0805790
-0.1469082,-0.5656272,9.6466845,3.6788564,34.1418070
-0.2397606,-0.5144592,9.6430228,3.7040039,34.2028590
-0.3374826,-0.4691633,9.6426024,3.7206489,34.2628280
-0.4305894,-0.4333185,9.6458790,3.7280370,34.3328220
-0.5100209,-0.4094901,9.6527797,3.7262675,34.3908530
-0.5680828,-0.3991768,9.6629414,3.7163058,34.4490380
-0.5991734,-0.4024909,9.6756552,3.6998627,34.5106580
-0.6003247,-0.4182733,9.6901705,3.6792243,34.5687970
-0.5713918,-0.4440871,9.7057496,3.6570064,34.6310260
-0.5150664,-0.4762257,9.7213191,3.6358680,34.7007600
-0.4365758,-0.5102533,9.7358675,3.6182422,34.7614840
-0.3432050,-0.5414999,9.7483124,3.6060442,34.8232320
-0.2434951,-0.5655330,9.7577145,3.6005133,34.8842180
-0.1463400,-0.5787834,9.7639328,3.6021147,34.9450430
-0.0601215,-0.5788815,9.7672797,3.6104778,35.0035080
0.0083499,-0.5648714,9.7686297,3.6244620,35.0718790
0.0543404,-0.5374055,9.7692531,3.6422591,35.1307750
0.0754375,-0.4986729,9.7701027,3.6615774,35.1924970
0.0719299,-0.4521652,9.7720033,3.6798963,35.2500440
0.0465960,-0.4023498,9.7754895,3.6947480,35.3129180
0.0044794,-0.3541851,9.7806989,3.7039974,35.3707000
-0.0473248,-0.3124806,9.7877503,3.7060371,35.4420700
-0.1006017,-0.2814656,9.7965217,3.6999927,35.5014290
-0.1468386,-0.2643005,9.8066395,3.6858452,35.5624610
-0.1781837,-0.2626728,9.8175740,3.6644006,35.6213840
-0.1885409,-0.2768999,9.8285554,3.6372568,35.6791850
-0.1741881,-0.3057405,9.8386518,3.6066186,35.7494620
-0.1343564,-0.3465398,9.8471329,3.5750308,35.8119090
-0.0714426,-0.3956382,9.8532301,3.5451478,35.8725350
0.0091746,-0.4484088,9.8562984,3.5194400,35.9300670
0.0993756,-0.4999030,9.8558824,3.4999193,35.9884450
0.1889815,-0.5453639,9.8517257,3.4878983,36.0470890
0.2665422,-0.5805996,9.8436101,3.4838249,36.1159580
0.3201580,-0.6026000,9.8317486,3.4872142,36.1803820
0.3385821,-0.6097089,9.8165115,3.4966570,36.2414970
0.3121175,-0.6017755,9.7983626,3.5099656,36.2992300
0.2336797,-0.5801116,9.7780061,3.5243324,36.3615370
0.0996276,-0.5472787,9.7558465,3.5365534,36.4194850
-0.0897770,-0.5068175,9.7322166,3.5433269,36.4881870
-0.3300323,-0.4628101,9.7073300,3.5415091,36.5496950
-0.6127374,-0.4195887,9.6811726,3.5284690,36.6083780
-0.9260408,-0.3812065,9.6539998,3.5023276,36.6662840
-1.2553322,-0.3511186,9.6261433,3.4621433,36.7245290
-1.5842410,-0.3319368,9.5981401,3.4080681,36.7855150
-1.8956320,-0.3250097,9.5707326,3.3412561,36.8553280
-2.1728109,-0.3305776,9.5445828,3.2637930,36.9201670
-2.4006676,-0.3476584,9.5204014,3.1785183,36.9784340
-2.5667599,-0.3741137,9.4988077,3.0887405,37.0358320
-2.6622241,-0.4070802,9.4805003,2.9980137,37.0977260
-2.6823151,-0.4429780,9.4662189,2.9098417,37.1666270
-2.6268298,-0.4779606,9.4567183,2.8273776,37.2280040
-2.5001217,-0.5082781,9.4528702,2.7531521,37.2869860
-2.3107797,-0.5305085,9.4552378,2.6888708,37.3453330
-2.0711811,-0.5419418,9.4642694,2.6352870,37.4028090
-1.7965934,-0.5407332,9.4800871,2.5921451,37.4652940
-1.5041674,-0.5260658,9.5022985,2.5582640,37.5353180
-1.2117057,-0.4980988,9.5303269,2.5316172,37.5996790
-0.9364030,-0.4579947,9.5630247,2.5094485,37.6609960
-0.6936690,-0.4077787,9.5988783,2.4885616,37.7196420
-0.4960135,-0.3500832,9.6360699,2.4655973,37.7801990
-0.3523626,-0.2881473,9.6723921,2.4372983,37.8387940
-0.2674329,-0.2254288,9.7057132,2.4008055,37.9104000
-0.2415082,-0.1654725,9.7339605,2.3538493,37.9695330
-0.2705649,-0.1117839,9.7553807,2.2948850,38.0280240
-0.3466212,-0.0673687,9.7685588,2.2231937,38.0853190
-0.4585332,-0.0347911,9.7724311,2.1389070,38.1454830
-0.5929212,-0.0158670,9.7664571,2.0429377,38.2040920
-0.7353165,-0.0114500,9.7503030,1.9368412,38.2780110
-0.8713653,-0.0215850,9.7242776,1.8226722,38.3363200
-0.9879016,-0.0452275,9.6894377,1.7028021,38.3943440
-1.0740588,-0.0804132,9.6475167,1.5797231,38.4556180
-1.1221203,-0.1244350,9.6010806,1.4558718,38.5137120
-1.1280239,-0.1739039,9.5529295,1.3334727,38.5880670
-1.0916668,-0.2250625,9.5061022,1.2144475,38.6507530
-1.0167706,-0.2739994,9.4635734,1.1003533,38.7081910
-0.9103815,-0.3169740,9.4277605,0.9923985,38.7685240
-0.7821164,-0.3506379,9.4008151,0.8914835,38.8273370
-0.6433237,-0.3720889,9.3842507,0.7982131,38.8846850
-0.5058918,-0.3796817,9.3789498,0.7130115,38.9607170
-0.3810792,-0.3723759,9.3853695,0.6362497,39.0186790
-0.2786016,-0.3503457,9.4031621,0.5682850,39.0789440
-0.2055396,-0.3147812,9.4313175,0.5095662,39.1404960
-0.1658175,-0.2678386,9.4682113,0.4606188,39.1983270
-0.1599748,-0.2126576,9.5116034,0.4219788,39.2561420
-0.1851170,-0.1528277,9.5589537,0.3941912,39.3316660
-0.2354175,-0.0921127,9.6076533,0.3777047,39.3890050
-0.3027484,-0.0341048,9.6551632,0.3727909,39.4501050
-0.3775908,0.0183264,9.6990948,0.3794654,39.5087710
-0.4501202,0.0630085,9.7374594,0.3973649,39.5662000
-0.5111595,0.0985637,9.7686840,0.4257401,39.6395070
-0.5532500,0.1245365,9.7917210,0.4634201,39.7009730
-0.5715205,0.1412033,9.8063342,0.5088299,39.7584720
-0.5640857,0.1496672,9.8127470,0.5601021,39.8168570
-0.5322981,0.1518366,9.8115802,0.6151499,39.8751310
-0.4805299,0.1501119,9.8037533,0.6718387,39.9328290
-0.4156200,0.1471632,9.7900137,0.7281825,40.0109660
-0.3461439,0.1456265,9.7712726,0.7824732,40.0708720
-0.2813730,0.1476782,9.7486440,0.8334151,40.1294300
-0.2302833,0.1550446,9.7233448,0.8802343,40.1880330
-0.2004658,0.1688274,9.6970181,0.9227039,40.2493960
-0.1972532,0.1894100,9.6712773,0.9611536,40.3088120
-0.2232469,0.2164523,9.6474968,0.9964642,40.3858870
-0.2779052,0.2489718,9.6268546,1.0299175,40.4434620
-0.3576819,0.2852658,9.6100707,1.0630526,40.5054230
-0.4563303,0.3233285,9.5976667,1.0975155,40.5674310
-0.5652943,0.3611847,9.5900544,1.1347844,40.6250570
-0.6747308,0.3970474,9.5874442,1.1760623,40.6850000
-0.7745296,0.4297780,9.5898266,1.2221563,40.7576570
-0.8553904,0.4587493,9.5968932,1.2733617,40.8152470
-0.9098732,0.4836858,9.6080528,1.3295522,40.8744130
-0.9331385,0.5047893,9.6224636,1.3901666,40.9330770
-0.9235030,0.5224973,9.6393188,1.4542801,40.9921100
-0.8825341,0.5375487,9.6577185,1.5207622,41.0566580
-0.8148686,0.5510757,9.6765627,1.5883581,41.1261100
-0.7277456,0.5643015,9.6947175,1.6558685,41.1886020
-0.6301955,0.5783447,9.7106949,1.7223152,41.2466570
-0.5321536,0.5940592,9.7231133,1.7870072,41.3040860
-0.4434848,0.6118310,9.7311358,1.8495840,41.3666860
-0.3729456,0.6315643,9.7343542,1.9100152,41.4384920
-0.3272186,0.6528337,9.7331936,1.9685200,41.4964900
-0.3102740,0.6748159,9.7285259,2.0254904,41.5549240
-0.3230793,0.6963259,9.7212438,2.0814284,41.6134390
-0.3634632,0.7159865,9.7123800,2.1368053,41.6709250
-0.4264258,0.7321566,9.7028579,2.1919216,41.7365820
-0.5046882,0.7433563,9.6936125,2.2468325,41.8061430
-0.5892838,0.7485911,9.6856818,2.3013054,41.8671570
-0.6705725,0.7474371,9.6800056,2.3548125,41.9283200
-0.7392504,0.7404576,9.6772328,2.4065879,41.9864920
-0.7872849,0.7289092,9.6776862,2.4557087,42.0463310
-0.8087339,0.7144691,9.6814163,2.5012014,42.1081190
-0.8003526,0.6992471,9.6881886,2.5421760,42.1765680
-0.7619928,0.6853732,9.6978778,2.5779701,42.2402970
-0.6964895,0.6750322,9.7102367,2.6082775,42.2985120
-0.6094111,0.6704771,9.7246442,2.6332069,42.3559640
-0.5084900,0.6736390,9.7403077,2.6533476,42.4214360
-0.4027209,0.6859295,9.7558260,2.6697866,42.4914170
-0.3015945,0.7080008,9.7697063,2.6840366,42.5505980
-0.2142251,0.7394961,9.7808701,2.6979531,42.6094400
-0.1484042,0.7790937,9.7884616,2.7135951,42.6679560
-0.1098040,0.8247095,9.7923383,2.7330570,42.7264940
-0.1014432,0.8735512,9.7926286,2.7583056,42.7880860
-0.1234218,0.9222809,9.7892467,2.7910203,42.8621500
-0.1729158,0.9672071,9.7821644,2.8324498,42.9207920
-0.2445774,1.0048052,9.7711354,2.8832953,42.9826740
-0.3310426,1.0315695,9.7560021,2.9436390,43.0404820
-0.4235372,1.0450495,9.7371373,3.0129696,43.1012940
-0.5128282,1.0438170,9.7152163,3.0901921,43.1597710
-0.5901182,1.0279121,9.6912397,3.1737257,43.2294460
-0.6479396,0.9986430,9.6664568,3.2616180,43.2867850
-0.6809188,0.9582581,9.6420763,3.3516349,43.3458500
-0.6862777,0.9099581,9.6193453,3.4414464,43.4037060
-0.6641611,0.8574717,9.5997005,3.5287794,43.4644530
-0.6174969,0.8048811,9.5844899,3.6115780,43.5344890
-0.5516859,0.7566002,9.5748656,3.6881728,43.5941650
-0.4740659,0.7168083,9.5716897,3.7573721,43.6561610
-0.3930462,0.6891113,9.5750595,3.8185568,43.7138190
-0.3173517,0.6762389,9.5846149,3.8716775,43.7747060
-0.2552850,0.6795483,9.5997763,3.9172199,43.8336440
-0.2138177,0.6990279,9.6196236,3.9561641,43.9031900
-0.1978912,0.7333706,9.6433770,3.9898687,43.9613730
-0.2099343,0.7799728,9.6700729,4.0199908,44.0195310
-0.2495580,0.8352868,9.6982263,4.0483866,44.0814380
-0.3136243,0.8950743,9.7261844,4.0769603,44.1423050
-0.3965277,0.9544675,9.7519122,4.1075378,44.2038670
-0.4907467,1.0087589,9.7734245,4.1417432,44.2725710
-0.5876010,1.0537028,9.7894262,4.1808952,44.3339580
-0.6780901,1.0859424,9.7991194,4.2259470,44.3949580
-0.7537196,1.1036408,9.8023929,4.2774701,44.4562350
-0.8073697,1.1063667,9.7997368,4.3356617,44.5164790
-0.8340187,1.0949549,9.7917508,4.4003620,44.5749370
-0.8312569,1.0715606,9.7793259,4.4711318,44.6440970
-0.7996644,1.0391862,9.7636907,4.5473269,44.7023670
-0.7426245,1.0016345,9.7461281,4.6282105,44.7639730
-0.6659993,0.9634663,9.7280636,4.7130766,44.8245100
-0.5775740,0.9293815,9.7108157,4.8013412,44.8864790
-0.4861063,0.9038778,9.6951073,4.8926483,44.9553840
-0.4006570,0.8907442,9.6813323,4.9868791,45.0163280
-0.3297859,0.8924319,9.6696303,5.0841561,45.0779290
-0.2806472,0.9099578,9.6598074,5.1848284,45.1389220
-0.2583875,0.9428485,9.6518021,5.2893835,45.1997090
-0.2655080,0.9891201,9.6453564,5.3983962,45.2583140
-0.3015438,1.0455823,9.6396748,5.5124454,45.3286040
-0.3631231,1.1080486,9.6337509,5.6319819,45.3913430
-0.4442546,1.1715100,9.6261585,5.7572219,45.4492720
-0.5369694,1.2308185,9.6154283,5.8880445,45.5101060
-0.6319222,1.2811947,9.6007088,6.0239048,45.5731350
-0.7195402,1.3186845,9.5815549,6.1638150,45.6309960
-0.7906315,1.3409108,9.5580455,6.3063645,45.6995140
-0.8373568,1.3470082,9.5308033,6.4497841,45.7578250
-0.8538867,1.3374893,9.5005199,6.5920634,45.8195870
-0.8369252,1.3143938,9.4681801,6.7310875,45.8770020
-0.7860356,1.2808464,9.4352786,6.8647924,45.9375090
-0.7035935,1.2409405,9.4034052,6.9913489,46.0072600
-0.5945202,1.1997492,9.3743100,7.1093156,46.0685050
-0.4658616,1.1625617,9.3496633,7.2177762,46.1274360
-0.3260742,1.1343637,9.3303783,7.3164573,46.1903740
-0.1842888,1.1193282,9.3170311,7.4057374,46.2521670
-0.0497093,1.1200142,9.3099850,7.4866111,46.3107140
0.0692734,1.1371957,9.3092233,7.5606172,46.3824430
0.1658027,1.1697704,9.3149059,7.6296888,46.4429420
0.2350000,1.2147134,9.3268499,7.6959894,46.5006210
0.2744637,1.2674282,9.3440706,7.7617349,46.5636200
0.2843288,1.3221046,9.3651173,7.8289710,46.6221940
0.2670907,1.3721443,9.3877452,7.8993694,46.6796830
0.2273526,1.4109346,9.4094776,7.9740609,46.7538700
0.1713374,1.4326402,9.4283167,8.0535082,46.8119760
0.1062779,1.4328128,9.4426606,8.1374401,46.8723250
0.0397684,1.4091287,9.4517524,8.2248472,46.9318530
-0.0209759,1.3616245,9.4554957,8.3140541,46.9940220
-0.0697450,1.2926288,9.4541300,8.4028415,47.0518900
-0.1019209,1.2067545,9.4484151,8.4886207,47.1252270
-0.1150294,1.1103273,9.4394357,8.5686430,47.1826950
-0.1087076,1.0110177,9.4286555,8.6402293,47.2457740
-0.0846880,0.9174083,9.4179060,8.7009823,47.3079460
-0.0465262,0.8380634,9.4090864,8.7489964,47.3655450
0.0011225,0.7808674,9.4038633,8.7830521,47.4391800
0.0527741,0.7521243,9.4034737,8.8026834,47.4976800
0.1026327,0.7558030,9.4086300,8.8082126,47.5608270
0.1453338,0.7932282,9.4194152,8.8007286,47.6224410
0.1764088,0.8628549,9.4355591,8.7819509,47.6800120
0.1929149,0.9605202,9.4562533,8.7541215,47.7399130
0.1938652,1.0798469,9.4800117,8.7198596,47.8096490
0.1802555,1.2127838,9.5049291,8.6819245,47.8677460
0.1549437,1.3503241,9.5284366,8.6430166,47.9304600
0.1222570,1.4832647,9.5479378,8.6055575,47.9889870
0.0874693,1.6030420,9.5613614,8.5714811,48.0469060
0.0561654,1.7024330,9.5671980,8.5421280,48.1087620
0.0335184,1.7762565,9.5650906,8.5181755,48.2101150
0.0236827,1.8216939,9.5554230,8.4996485,48.2695630
0.0293091,1.8383020,9.5390151,8.4859980,48.3282530
0.0511303,1.8280179,9.5172057,8.4762064,48.3856330
0.0877293,1.7946345,9.4914093,8.4689452,48.4452020
0.1357274,1.7434791,9.4633701,8.4627575,48.5032550
0.1900570,1.6811763,9.4351424,8.4562286,48.5752690
0.2445298,1.6146750,9.4088245,8.4481711,48.6341060
0.2927808,1.5509691,9.3864953,8.4377976,48.6919360
0.3287766,1.4962067,9.3698126,8.4247861,48.7508420
0.3474072,1.4549919,9.3599613,8.4093136,48.8126510
0.3452136,1.4301487,9.3575544,8.3920432,48.8860940
0.3206427,1.4223742,9.3626965,8.3740046,48.9489110
0.2744928,1.4305525,9.3750662,8.3565057,49.0066370
0.2101200,1.4520797,9.3937391,8.3410219,49.0642600
0.1330355,1.4831963,9.4174103,8.3289984,49.1225810
0.0504890,1.5196231,9.4443086,8.3216974,49.1845700
-0.0293894,1.5568419,9.4724774,8.3200192,49.2555730
-0.0985865,1.5905750,9.5002063,8.3243475,49.3172750
-0.1499975,1.6172532,9.5260239,8.3344850,49.3753080
-0.1783175,1.6344074,9.5490778,8.3496127,49.4327560
-0.1805588,1.6409199,9.5688717,8.3683645,49.4954720
-0.1563009,1.6369321,9.5850831,8.3889253,49.5530280
-0.1079307,1.6238126,9.5975893,8.4091743,49.6241540
-0.0403366,1.6037172,9.6061056,8.4268886,49.6832660
0.0393297,1.5793767,9.6105696,8.4399049,49.7417690
0.1227235,1.5540156,9.6110348,8.4462968,49.7997000
0.2009698,1.5308145,9.6077025,8.4445546,49.8624030
0.2655773,1.5127037,9.6011592,8.4337254,49.9202270
0.3094012,1.5018774,9.5918511,8.4134864,49.9939310
0.3273717,1.4994355,9.5804156,8.3841571,50.0555530
0.3170374,1.5053317,9.5674745,8.3466605,50.1132990
0.2788313,1.5182997,9.5534921,8.3023973,50.1731020
0.2160458,1.5363149,9.5391833,8.2531159,50.2316480
0.1344806,1.5563349,9.5248829,8.2007655,50.3044060
0.0418649,1.5756716,9.5108906,8.1472878,50.3668860
-0.0529442,1.5915660,9.4975891,8.0944302,50.4244820
-0.1409163,1.6017259,9.4850664,8.0435849,50.4818030
-0.2136061,1.6045914,9.4736041,7.9956700,50.5411950
-0.2640964,1.5995310,9.4633941,7.9510610,50.6025940
-0.2878294,1.5868133,9.4545477,7.9095709,50.6729080
-0.2828240,1.5678303,9.4471749,7.8705392,50.7364080
-0.2499238,1.5448998,9.4410155,7.8329247,50.7940900
-0.1925754,1.5210825,9.4356782,7.7954785,50.8517540
-0.1162083,1.4999213,9.4305196,7.7569807,50.9112310
-0.0278625,1.4849280,9.4248828,7.7163603,50.9697250
0.0646311,1.4793427,9.4184502,7.6728597,51.0404000
0.1534354,1.4856213,9.4111902,7.6261651,51.1027940
0.2314597,1.5050567,9.4036960,7.5764496,51.1609080
0.2932027,1.5377028,9.3968421,7.5244354,51.2202360
0.3349993,1.5820565,9.3916127,7.4713431,51.2790900
0.3554161,1.6352466,9.3890775,7.4187833,51.3524730
0.3552632,1.6932977,9.3899949,7.3685946,51.4153620
0.3372260,1.7514065,9.3951649,7.3226241,51.4732910
0.3057472,1.8045546,9.4052550,7.2825647,51.5311120
0.2662655,1.8479901,9.4207830,7.2497262,51.5952380
0.2244655,1.8778775,9.4422939,7.2248517,51.6531360
0.1856660,1.8916313,9.4698068,7.2080338,51.7273660
0.1540886,1.8881499,9.5030811,7.1986226,51.7861640
0.1324143,1.8680193,9.5413927,7.1952704,51.8438190
0.1214362,1.8333263,9.5834101,7.1960471,51.9037570
0.1200830,1.7876759,9.6276647,7.1985814,51.9658530
0.1255649,1.7358127,9.6718834,7.2002734,52.0237540
0.1337460,1.6831040,9.7139131,7.1985366,52.0946160
0.1398297,1.6350720,9.7513241,7.1910607,52.1541380
0.1387875,1.5965541,9.7816081,7.1760020,52.2127670
0.1259896,1.5712826,9.8028182,7.1521495,52.2707170
0.0978191,1.5613429,9.8134441,7.1190267,52.3335700
0.0521133,1.5667590,9.8126024,7.0768868,52.3916510
-0.0113522,1.5857451,9.8001567,7.0267044,52.4657550
-0.0908577,1.6146408,9.7763664,6.9700446,52.5270980
-0.1827396,1.6484347,9.7420843,6.9088853,52.5846840
-0.2816732,1.6816326,9.6985609,6.8454092,52.6423620
-0.3813121,1.7084430,9.6475659,6.7817303,52.7016240
-0.4746085,1.7238543,9.5914437,6.7197194,52.7745520
-0.5546763,1.7241269,9.5329333,6.6607874,52.8327390
-0.6155912,1.7073161,9.4752667,6.6057206,52.8921450
-0.6528131,1.6736856,9.4215839,6.5546871,52.9535610
-0.6638643,1.6255202,9.3748556,6.5072089,53.0113280
-0.6484996,1.5670543,9.3375888,6.4622901,53.0729500
-0.6087323,1.5039133,9.3113194,6.4186260,53.1452700
-0.5487004,1.4425755,9.2970637,6.3747394,53.2030290
-0.4740903,1.3898462,9.2949132,6.3292174,53.2618950
-0.3916743,1.3519604,9.3042404,6.2809157,53.3203260
-0.3086099,1.3339171,9.3241057,6.2291343,53.3778880
-0.2317060,1.3386962,9.3527277,6.1737485,53.4363030
-0.1668553,1.3668754,9.3880312,6.1152281,53.5124940
-0.1184137,1.4164294,9.4275692,6.0546175,53.5701470
-0.0887633,1.4827254,9.4686099,5.9934065,53.6319890
-0.0780836,1.5592243,9.5086710,5.9333799,53.6897090
-0.0845153,1.6378790,9.5449012,5.8764417,53.7473890
-0.1044085,1.7101204,9.5747979,5.8243675,53.8088450
-0.1325952,1.7679846,9.5966142,5.7785815,53.8785660
-0.1631406,1.8046259,9.6089605,5.7399611,53.9374580
-0.1900401,1.8153789,9.6113280,5.7087330,53.9959950
-0.2079585,1.7981605,9.6039025,5.6844119,54.0537450
-0.2129778,1.7536426,9.5875691,5.6658190,54.1115820
-0.2028446,1.6854893,9.5638486,5.6512373,54.1846400
-0.1773331,1.5997377,9.5345059,5.6385588,54.2429780
-0.1381936,1.5045515,9.5015635,5.6255473,54.3074450
-0.0887246,1.4087626,9.4668695,5.6101503,54.3654760
-0.0336356,1.3218486,9.4322550,5.5906883,54.4229360
0.0215924,1.2524747,9.3995955,5.5660779,54.4885810
0.0713374,1.2076724,9.3706478,5.5359760,54.5571340
0.1104771,1.1919878,9.3472149,5.5008290,54.6173870
0.1351664,1.2071638,9.3306658,5.4618924,54.6782590
0.1431083,1.2517574,9.3220187,5.4210897,54.7359500
0.1339531,1.3213929,9.3218233,5.3808374,54.7962170
0.1093353,1.4092255,9.3299017,5.3437798,54.8580300
0.0726142,1.5066473,9.3458874,5.3124883,54.9270950
0.0287546,1.6043336,9.3689221,5.2892454,54.9891600
-0.0163801,1.6930913,9.3979728,5.2757439,55.0470270
-0.0567081,1.7648474,9.4322013,5.2728775,55.1050000
-0.0866176,1.8134388,9.4704865,5.2806273,55.1667040
-0.1017467,1.8351324,9.5119704,5.2979752,55.2252220
-0.0994684,1.8289543,9.5557912,5.3229924,55.2937340
-0.0793373,1.7965725,9.6009075,5.3529984,55.3530640
-0.0430565,1.7421761,9.6465026,5.3847877,55.4117670
0.0057027,1.6719524,9.6912500,5.4149216,55.4690020
0.0616797,1.5933625,9.7338591,5.4400273,55.5339340
0.1187771,1.5143285,9.7729283,5.4571243,55.6034100
0.1705232,1.4421848,9.8067765,5.4638468,55.6647650
0.2108126,1.3831643,9.8339333,5.4586161,55.7264780
0.2346080,1.3415870,9.8529622,5.4407546,55.7843930
0.2384508,1.3192967,9.8626082,5.4104691,55.8461810
0.2210622,1.3158650,9.8619087,5.3688192,55.9047030
0.1833661,1.3283817,9.8500103,5.3175797,55.9743820
0.1285041,1.3520862,9.8265548,5.2590260,56.0318200
0.0615625,1.3812563,9.7913126,5.1956902,56.0903160
-0.0111299,1.4095965,9.7450672,5.1300761,56.1486580
-0.0824459,1.4312594,9.6892687,5.0644629,56.2092810
-0.1453631,1.4414880,9.6262004,5.0006863,56.2714130
-0.1938119,1.4371905,9.5591089,4.9399957,56.3405800
-0.2232021,1.4174704,9.4916970,4.8830297,56.4008080
-0.2310729,1.3835158,9.4280761,4.8297755,56.4594940
-0.2172914,1.3385676,9.3723506,4.7796867,56.5209010
-0.1840832,1.2873890,9.3280618,4.7318463,56.5798910
-0.1358147,1.2357028,9.2983220,4.6851129,56.6379350
-0.0784105,1.1897022,9.2851529,4.6383445,56.7063240
-0.0187704,1.1551129,9.2894848,4.5905608,56.7641680
0.0360767,1.1364644,9.3111866,4.5411114,56.8225380
0.0796754,1.1363528,9.3486020,4.4897686,56.8835010
0.1067080,1.1550390,9.3991428,4.4367123,56.9423050
0.1136379,1.1902585,9.4591578,4.3825324,57.0035600
0.0990575,1.2372717,9.5241333,4.3281127,57.0718730
0.0639313,1.2895464,9.5893456,4.2745241,57.1354510
0.0114644,1.3391657,9.6496351,4.2229429,57.1964750
-0.0531972,1.3778562,9.7001565,4.1744494,57.2540770
-0.1233378,1.3981602,9.7367388,4.1298665,57.3158890
-0.1915479,1.3939491,9.7560960,4.0896401,57.3844150
-0.2503733,1.3614645,9.7566715,4.0537525,57.4455090
-0.2931405,1.2997058,9.7385062,4.0217138,57.5064720
-0.3148278,1.2105414,9.7033284,3.9926290,57.5671690
-0.3123030,1.0989253,9.6542884,3.9652853,57.6271050
-0.2847331,0.9721717,9.5955052,3.9382564,57.6857360
-0.2336214,0.8394350,9.5318442,3.9100841,57.7544720
-0.1624945,0.7108022,9.4679200,3.8794461,57.8137330
-0.0767729,0.5961238,9.4080736,3.8453090,57.8755230
0.0168220,0.5043561,9.3563567,3.8070722,57.9331720
0.1108833,0.4424259,9.3160424,3.7646274,57.9948670
0.1980504,0.4144695,9.2895170,3.7183842,58.0527590
0.2717879,0.4214449,9.2777738,3.6692355,58.1237830
0.3267561,0.4608632,9.2805768,3.6184308,58.1856810
0.3594037,0.5270972,9.2964469,3.5674607,58.2466410
0.3681895,0.6117440,9.3226918,3.5178713,58.3066090
0.3536187,0.7047193,9.3561395,3.4711036,58.3651020
0.3183827,0.7955562,9.3930543,3.4283965,58.4229810
0.2668977,0.8742478,9.4297577,3.3906334,58.4961070
0.2048491,0.9323577,9.4631362,3.3582806,58.5570720
0.1385463,0.9638192,9.4905247,3.3313287,58.6156780
0.0742114,0.9655028,9.5104174,3.3092693,58.6738940
0.0173646,0.9375028,9.5222762,3.2911776,58.7354160
-0.0278876,0.8829410,9.5264531,3.2757949,58.8050160
-0.0589817,0.8078054,9.5243060,3.2616909,58.8674830
-0.0751397,0.7202104,9.5175205,3.2474213,58.9282010
-0.0773280,0.6294974,9.5081045,3.2316535,58.9858190
-0.0678006,0.5453973,9.4979754,3.2132933,59.0439530
-0.0500858,0.4767650,9.4887290,3.1915652,59.1031400
-0.0284632,0.4307016,9.4818704,3.1660634,59.1753990
-0.0074284,0.4117300,9.4784526,3.1367684,59.2380360
0.0087644,0.4212549,9.4792632,3.1040246,59.2962510
0.0168287,0.4576114,9.4845069,3.0684970,59.3579760
0.0146573,0.5160384,9.4936133,3.0310881,59.4159530
0.0016321,0.5893094,9.5055030,2.9928625,59.4735410
-0.0213454,0.6685722,9.5181612,2.9549590,59.5450930
-0.0521325,0.7441743,9.5295830,2.9184857,59.6057050
-0.0874130,0.8068477,9.5379130,2.8844772,59.6658400
-0.1232913,0.8486176,9.5416677,2.8538179,59.7269980
-0.1558285,0.8638073,9.5401969,2.8272126,59.7845160
-0.1815449,0.8495827,9.5332713,2.8051509,59.8460530
-0.1980342,0.8059778,9.5212374,2.7878367,59.9149860
-0.2042728,0.7360540,9.5049194,2.7752032,59.9783150
-0.2009536,0.6453885,9.4853266,2.7668970,60.0394750
-0.1903060,0.5416060,9.4639321,2.7622816,60.0973850
-0.1758193,0.4339271,9.4422845,2.7605023,60.1547190
-0.1618616,0.3320581,9.4219870,2.7604713,60.2135790
-0.1528825,0.2452598,9.4045626,2.7607977,60.2890450
-0.1531187,0.1813351,9.3911286,2.7600166,60.3464620
-0.1660728,0.1458278,9.3826758,2.7564543,60.4046760
-0.1939391,0.1414963,9.3797904,2.7483884,60.4632100
-0.2373739,0.1679945,9.3827371,2.7341165,60.5212180
-0.2950298,0.2221617,9.3914925,2.7120855,60.5942520
-0.3636325,0.2981968,9.4053633,2.6810299,60.6567820
-0.4382100,0.3884003,9.4233057,2.6401116,60.7172830
-0.5122500,0.4841681,9.4438776,2.5890778,60.7785960
-0.5789723,0.5766073,9.4655056,2.5283121,60.8372360
-0.6315119,0.6576120,9.4869677,2.4589018,60.8979570
-0.6639921,0.7205842,9.5073561,2.3826492,60.9716110
-0.6723587,0.7610436,9.5263985,2.3020132,61.0295250
-0.6547031,0.7771568,9.5442166,2.2200132,61.0880140
-0.6117033,0.7695851,9.5611173,2.1400254,61.1475240
-0.5466450,0.7414510,9.5775982,2.0655495,61.2069590
-0.4651959,0.6977832,9.5940024,1.9999241,61.2687510
-0.3750210,0.6448496,9.6107495,1.9460567,61.3402440
-0.2849256,0.5897825,9.6282012,1.9061700,61.3977030
-0.2040838,0.5395241,9.6465728,1.8815703,61.4564480
-0.1409845,0.5000576,9.6659938,1.8724885,61.5148760
-0.1025893,0.4757544,9.6861110,1.8780179,61.5726520
-0.0938612,0.4686662,9.7063322,1.8961801,61.6320760
-0.1170440,0.4784281,9.7256905,1.9240590,61.7037230
-0.1714451,0.5022823,9.7428290,1.9580043,61.7629530
-0.2533979,0.5355337,9.7564135,1.9939916,61.8208730
-0.3563527,0.5721146,9.7648317,2.0280218,61.8786050
-0.4715733,0.6053443,9.7666172,2.0564553,61.9364360
-0.5889110,0.6290555,9.7606782,2.0763594,62.0091010
-0.6978572,0.6378733,9.7462173,2.0857911,62.0675700
-0.7885755,0.6281949,9.7233111,2.0839895,62.1259510
-0.8528723,0.5985052,9.6927170,2.0714395,62.1871540
-0.8851516,0.5495595,9.6558933,2.0498029,62.2446990
-0.8827623,0.4846223,9.6149971,2.0217666,62.3061030
-0.8463043,0.4088290,9.5723280,1.9907645,62.3782370
-0.7795379,0.3287310,9.5303430,1.9606125,62.4383180
-0.6888808,0.2518635,9.4912914,1.9350833,62.5002640
-0.5829647,0.1856723,9.4570878,1.9175224,62.5588100
-0.4716809,0.1367192,9.4294359,1.9105217,62.6163590
-0.3652574,0.1098806,9.4094976,1.9156268,62.6751140
-0.2732187,0.1078581,9.3979211,1.9331980,62.7477950
-0.2033696,0.1308695,9.3946082,1.9623492,62.8053420
-0.1613447,0.1763756,9.3985806,2.0009942,62.8689420
-0.1499494,0.2394280,9.4081484,2.0460783,62.9266550
-0.1690355,0.3130941,9.4210281,2.0938854,62.9846240
-0.2156351,0.3892457,9.4347473,2.1404171,63.0495860
-0.2839937,0.4595305,9.4467899,2.1818012,63.1185750
-0.3663775,0.5161881,9.4549287,2.2146624,63.1791320
-0.4538246,0.5530719,9.4574029,2.2364521,63.2402470
-0.5371278,0.5661106,9.4529819,2.2456725,63.2983840
-0.6079179,0.5535666,9.4414410,2.2419747,63.3588570
-0.6594236,0.5162959,9.4233938,2.2261741,63.4334370
-0.6872839,0.4574810,9.4004006,2.2001342,63.4911170
-0.6897333,0.3824416,9.3748115,2.1665246,63.5555430
-0.6676827,0.2981644,9.3490310,2.1285607,63.6151710
-0.6245930,0.2124895,9.3255183,2.0896359,63.6730510
-0.5658996,0.1332920,9.3062539,2.0529240,63.7382100
-0.4986194,0.0675712,9.2926502,2.0211090,63.8070870
-0.4305994,0.0208098,9.2858954,1.9961367,63.8655780
-0.3696835,-0.0035867,9.2865461,1.9790460,63.9238520
-0.3228833,-0.0045447,9.2947121,1.9699366,63.9822270
-0.2955808,0.0166403,9.3098789,1.9679878,64.0408140
-0.2912059,0.0563866,9.3306086,1.9715856,64.1022890
-0.3108146,0.1092904,9.3549507,1.9785504,64.1747650
-0.3531280,0.1685955,9.3805772,1.9864318,64.2325560
-0.4147765,0.2270325,9.4051983,1.9928375,64.2915730
-0.4903454,0.2775839,9.4269836,1.9955737,64.3495930
0.0000000,0.0000000,0.0000000,0.0000000,64.4116680
0.0000000,0.0000000,0.0000000,0.0000000,64.4804870
0.0000000,0.0000000,0.0000000,0.0000000,64.5391780
0.0000000,0.0000000,0.0000000,0.0000000,64.5967690
0.0000000,0.0000000,0.0000000,0.0000000,64.6554250
0.0000000,0.0000000,0.0000000,0.0000000,64.7129840
0.0000000,0.0000000,0.0000000,0.0000000,64.7743750
0.0000000,0.0000000,0.0000000,0.0000000,64.8466990
0.0000000,0.0000000,0.0000000,0.0000000,64.9044920
0.0000000,0.0000000,0.0000000,0.0000000,64.9659770
0.0000000,0.0000000,0.0000000,0.0000000,65.0241660
0.0000000,0.0000000,0.0000000,0.0000000,65.0846170
0.0000000,0.0000000,0.0000000,0.0000000,65.1466710
0.0000000,0.0000000,0.0000000,0.0000000,65.2152760
0.0000000,0.0000000,0.0000000,0.0000000,65.2728860
0.0000000,0.0000000,0.0000000,0.0000000,65.3312160
0.0000000,0.0000000,0.0000000,0.0000000,65.3897390
0.0000000,0.0000000,0.0000000,0.0000000,65.4503320
0.0000000,0.0000000,0.0000000,0.0000000,65.5248180
0.0000000,0.0000000,0.0000000,0.0000000,65.5834380
0.0000000,0.0000000,0.0000000,0.0000000,65.6434970
0.0000000,0.0000000,0.0000000,0.0000000,65.7044790
0.0000000,0.0000000,0.0000000,0.0000000,65.7655400
0.0000000,0.0000000,0.0000000,0.0000000,65.8231040
0.0000000,0.0000000,0.0000000,0.0000000,65.8963230
0.0000000,0.0000000,0.0000000,0.0000000,65.9538710
0.0000000,0.0000000,0.0000000,0.0000000,66.0141780
0.0000000,0.0000000,0.0000000,0.0000000,66.0755870
0.0000000,0.0000000,0.0000000,0.0000000,66.1366360
0.0000000,0.0000000,0.0000000,0.0000000,66.1950350
0.0000000,0.0000000,0.0000000,0.0000000,66.2672560
0.0000000,0.0000000,0.0000000,0.0000000,66.3257260
