0.0000179,-0.0000071,0.0029473,0.0001079,2.5560810
0.0000440,-0.0000124,0.0081506,0.0002884,2.6144610
0.0000753,-0.0000102,0.0158167,0.0005402,2.6745160
0.0001115,0.0000037,0.0261771,0.0008609,2.7359890
0.0001507,0.0000338,0.0392935,0.0012406,2.7968750
0.0001895,0.0000863,0.0548263,0.0016554,2.9441620
0.0002213,0.0001668,0.0718126,0.0020602,3.0020200
0.0002328,0.0002760,0.0885007,0.0023856,3.0674890
0.0002080,0.0004115,0.1022900,0.0025400,3.1251890
0.0001318,0.0005631,0.1098203,0.0024129,3.1830870
-0.0000102,0.0007137,0.1072236,0.0018919,3.2413890
-0.0002295,0.0008428,0.0905441,0.0008893,3.3931400
-0.0005291,0.0009194,0.0563123,-0.0006455,3.4549800
-0.0009079,0.0009134,0.0022082,-0.0027047,3.5127620
-0.0013492,0.0007893,-0.0722441,-0.0052015,3.5731270
-0.0018029,0.0004911,-0.1650326,-0.0079605,3.6316750
-0.0022039,-0.0000267,-0.2711754,-0.0107107,3.6904640
-0.0024649,-0.0008000,-0.3824564,-0.0130894,3.8398890
-0.0024894,-0.0018387,-0.4874570,-0.0146671,3.8975400
-0.0022030,-0.0030873,-0.5719268,-0.0149869,3.9576400
-0.0015360,-0.0044525,-0.6194809,-0.0135996,4.0158670
-0.0004426,-0.0057995,-0.6126135,-0.0101127,4.0733470
0.0010905,-0.0069474,-0.5339539,-0.0042396,4.1825350
0.0030531,-0.0076822,-0.3676609,0.0041617,4.2427360
0.0053742,-0.0077561,-0.1008447,0.0150508,4.3023190
0.0079300,-0.0069058,0.2751285,0.0281860,4.3634180
0.0105347,-0.0048783,0.7635768,0.0431295,4.4262310
0.0129148,-0.0014594,1.3617981,0.0592718,4.4842490
0.0147718,0.0034827,2.0608168,0.0758729,4.5744730
0.0157930,0.0099698,2.8456156,0.0921231,4.6329910
0.0156926,0.0178727,3.6958556,0.1072115,4.6907470
0.0142917,0.0268689,4.5870413,0.1203962,4.7531920
0.0114930,0.0364590,5.4920301,0.1310797,4.8108000
0.0073036,0.0459796,6.3827700,0.1388678,4.8862160
0.0018563,0.0546319,7.2321178,0.1436122,4.9494190
-0.0046046,0.0615440,8.0155831,0.1454356,5.0069010
-0.0117106,0.0658333,8.7128400,0.1447227,5.0645200
-0.0189966,0.0666883,9.3088891,0.1420865,5.1244770
-0.0259421,0.0634671,9.7947839,0.1383235,5.1862100
-0.0320173,0.0557957,10.1678640,0.1343532,5.2667330
-0.0367603,0.0436421,10.4314952,0.1311321,5.3292810
-0.0398381,0.0273742,10.5943764,0.1295826,5.3868670
-0.0411090,0.0077878,10.6694653,0.1305101,5.4474730
-0.0406852,-0.0139057,10.6726474,0.1345189,5.5058370
-0.0389341,-0.0361297,10.6213372,0.1419945,5.5679640
-0.0364483,-0.0570414,10.5330666,0.1530802,5.6765050
-0.0340274,-0.0746569,10.4242335,0.1676823,5.7353520
-0.0326403,-0.0869993,10.3091143,0.1855132,5.7929180
-0.0332869,-0.0922825,10.1991348,0.2061241,5.8517730
-0.0368777,-0.0890808,10.1025170,0.2289672,5.9104370
-0.0441049,-0.0764849,10.0242624,0.2534755,5.9678500
-0.0552837,-0.0542382,9.9664141,0.2791378,6.0433130
-0.0702611,-0.0228006,9.9285826,0.3055691,6.1008870
-0.0883667,0.0166378,9.9085873,0.3325686,6.1608860
-0.1083326,0.0621866,9.9031557,0.3601473,6.2220520
-0.1282418,0.1113444,9.9085990,0.3885257,6.2794640
-0.1456775,0.1611674,9.9213427,0.4181225,6.3398110
-0.1578594,0.2084560,9.9383248,0.4495061,6.4161110
-0.1618493,0.2499959,9.9572110,0.4833291,6.4736460
-0.1548574,0.2828258,9.9764217,0.5202570,6.5336170
-0.1344860,0.3044360,9.9950495,0.5608733,6.5915360
-0.0990116,0.3129792,10.0126597,0.6055948,6.6507320
-0.0477038,0.3074200,10.0290361,0.6546075,6.7245720
0.0189064,0.2875981,10.0439434,0.7078201,6.7845970
0.0988890,0.2542876,10.0569367,0.7648374,6.8458020
0.1888339,0.2091473,10.0665096,0.8249345,6.9043830
0.2839584,0.1545880,10.0746822,0.8872567,6.9647620
0.3783006,0.0936379,10.0804887,0.9506153,7.0261750
0.4650244,0.0296848,10.0829984,1.0136684,7.1326150
0.5368801,-0.0337759,10.0814062,1.0749995,7.1942530
0.5867223,-0.0933861,10.0751154,1.1331920,7.2520560
0.6080402,-0.1461570,10.0638015,1.1868976,7.3173610
0.5955722,-0.1896596,10.0474750,1.2349198,7.3756150
0.5457965,-0.2221717,10.0265114,1.2762780,7.4332320
0.4573385,-0.2427572,10.0016440,1.3102560,7.5056260
0.3312653,-0.2512858,9.9739311,1.3364360,7.5633150
0.1711038,-0.2483928,9.9446911,1.3547172,7.6206750
-0.0172773,-0.2353739,9.9154039,1.3653297,7.6826870
-0.2259772,-0.2140564,9.8876110,1.3688263,7.7445290
-0.4455853,-0.1866296,9.8628050,1.3660652,7.8142280
-0.6657496,-0.1554611,9.8423145,1.3581742,7.8769330
-0.8758501,-0.1229506,9.8272188,1.3465031,7.9346850
-1.0657341,-0.0913543,9.8182694,1.3325737,7.9980850
-1.2263760,-0.0626559,9.8158454,1.3180231,8.0596990
-1.3505038,-0.0384731,9.8199402,1.3045363,8.1175360
-1.4330968,-0.0199518,9.8301699,1.2937703,8.1893630
-1.4716541,-0.0077567,9.8458217,1.2872790,8.2505830
-1.4663006,-0.0020797,9.8659257,1.2864280,8.3085260
-1.4196693,-0.0026707,9.8893335,1.2923356,8.3739940
-1.3365835,-0.0089186,9.9148029,1.3058306,8.4319540
-1.2236311,-0.0199049,9.9410928,1.3273902,8.4899230
-1.0885864,-0.0344659,9.9670534,1.3570900,8.5955960
-0.9398191,-0.0513033,9.9916702,1.3946177,8.6564350
-0.7857320,-0.0690485,10.0141357,1.4392834,8.7159530
-0.6341688,-0.0863595,10.0338410,1.4900595,8.7744190
-0.4919696,-0.1020232,10.0503150,1.5456761,8.8320180
-0.3646106,-0.1149713,10.0632904,1.6046688,8.9068220
-0.2559168,-0.1243427,10.0726495,1.6654222,8.9685780
-0.1680477,-0.1295187,10.0784269,1.7263140,9.0285230
-0.1015999,-0.1301390,10.0808792,1.7858755,9.0868340
-0.0557647,-0.1260985,10.0803479,1.8427897,9.1444590
-0.0286430,-0.1175241,10.0772901,1.8959747,9.2035020
-0.0175362,-0.1047368,10.0722449,1.9445969,9.2769480
-0.0192331,-0.0881826,10.0657056,1.9879792,9.3362720
-0.0303738,-0.0683886,10.0582699,2.0256561,9.3970070
-0.0476998,-0.0459185,10.0506341,2.0573451,9.4544110
-0.0682625,-0.0212769,10.0435583,2.0828389,9.5143480
-0.0895876,0.0051721,10.0379344,2.1019418,9.5727630
-0.1097073,0.0331759,10.0346380,2.1144202,9.6455230
-0.1271624,0.0626726,10.0343325,2.1199505,9.7076700
-0.1410106,0.0936645,10.0375082,2.1181825,9.7651190
-0.1507985,0.1259497,10.0445328,2.1088638,9.8225880
-0.1564453,0.1592394,10.0554000,2.0919784,9.8811270
-0.1582873,0.1929664,10.0697587,2.0679782,9.9424640
-0.1569660,0.2262109,10.0867764,2.0380246,10.0531710
-0.1532605,0.2578612,10.1048520,2.0042155,10.1150830
-0.1482193,0.2862308,10.1218348,1.9698068,10.1725980
-0.1431105,0.3089521,10.1350956,1.9393881,10.2378780
-0.1393913,0.3230775,10.1414596,1.9188888,10.2964900
-0.1387902,0.3251262,10.1372298,1.9154411,10.3566640
-0.1431962,0.3112437,10.1184239,1.9372311,10.4299730
-0.1545125,0.2774397,10.0809118,1.9931051,10.4877180
-0.1746766,0.2196693,10.0208167,2.0921241,10.5502280
-0.2056250,0.1338476,9.9351680,2.2430814,10.6112930
-0.2492381,0.0162085,9.8220188,2.4537983,10.6693130
-0.3073532,-0.1367653,9.6808348,2.7305465,10.7315690
-0.3817035,-0.3277496,9.5129227,3.0774793,10.8015120
-0.4738414,-0.5588307,9.3215962,3.4961045,10.8618110
-0.5850626,-0.8312785,9.1124268,3.9850613,10.9261310
-0.7163590,-1.1455098,8.8932315,4.5399606,10.9837350
-0.8682859,-1.5008822,8.6736934,5.1534387,11.0437760
-1.0408335,-1.8955461,8.4647440,5.8154682,11.1024110
-1.2333069,-2.3262169,8.2778817,6.5136471,11.1719390
-1.4441195,-2.7879196,8.1242602,7.2336819,11.2332660
-1.6707063,-3.2738963,8.0137168,7.9600566,11.2919560
-1.9094462,-3.7756019,7.9538831,8.6767478,11.3497870
-2.1555880,-4.2826474,7.9492932,9.3678666,11.4124010
-2.4033601,-4.7829913,8.0007896,10.0183251,11.5193410
-2.6460333,-5.2632129,8.1052144,10.6143724,11.5807380
-2.8760876,-5.7088699,8.2554068,11.1439504,11.6385820
-3.0855741,-6.1052028,8.4406876,11.5971355,11.6978470
-3.2663977,-6.4378235,8.6475814,11.9663742,11.7566660
-3.4108120,-6.6935045,8.8608708,12.2465512,11.8167370
-3.5119868,-6.8610681,9.0649450,12.4350041,11.8933030
-3.5643513,-6.9320533,9.2449704,12.5314661,11.9515010
-3.5640392,-6.9013487,9.3879831,12.5379615,12.0121190
-3.5092342,-6.7677456,9.4840950,12.4587370,12.0703830
-3.4004137,-6.5342532,9.5275560,12.3002203,12.1285770
-3.2404447,-6.2081191,9.5168528,12.0708825,12.1900420
-3.0344093,-5.8007161,9.4545394,11.7811681,12.2642090
-2.7894981,-5.3269785,9.3470308,11.4433787,12.3234900
-2.5146931,-4.8044785,9.2036939,11.0714684,12.3864610
-2.2202594,-4.2527989,9.0359650,10.6808799,12.4440880
-1.9171555,-3.6924769,8.8560544,10.2882081,12.5056800
-1.6165077,-3.1439858,8.6758113,9.9107470,12.5681120
-1.3291621,-2.6269704,8.5059198,9.5659575,12.6376840
-1.0650888,-2.1591224,8.3547538,9.2707861,12.6981440
-0.8329664,-1.7554040,8.2277944,9.0409021,12.7592500
-0.6399452,-1.4276696,8.1276585,8.8899605,12.8170010
-0.4914773,-1.1844211,8.0545166,8.8288726,12.8800380
-0.3913182,-1.0308040,8.0066008,8.8651649,12.9386160
-0.3416236,-0.9688958,7.9810087,9.0025429,13.0431640
-0.3430565,-0.9979423,7.9746094,9.2405884,13.1046760
-0.3949127,-1.1146048,7.9846569,9.5746312,13.1628900
-0.4952822,-1.3134518,8.0096323,9.9959603,13.2255300
-0.6411855,-1.5872713,8.0497442,10.4923290,13.2833720
-0.8286420,-1.9273152,8.1067815,11.0485409,13.3411720
-1.0527456,-2.3235474,8.1837919,11.6473021,13.4176730
-1.3076417,-2.7646327,8.2843652,12.2700837,13.4784420
-1.5864666,-3.2379361,8.4115483,12.8978984,13.5359790
-1.8813824,-3.7295980,8.5669906,13.5122979,13.5942900
-2.1836147,-4.2246746,8.7501073,14.0962850,13.6529480
-2.4836071,-4.7073535,8.9573881,14.6348729,13.7225590
-2.7712870,-5.1612475,9.1822136,15.1155888,13.7879200
-3.0363903,-5.5699592,9.4149641,15.5287299,13.8453080
-3.2688599,-5.9176275,9.6434564,15.8673240,13.9026930
-3.4593257,-6.1896808,9.8539302,16.1271541,13.9619130
-3.5997076,-6.3739261,10.0325125,16.3065786,14.0233030
-3.6836799,-6.4611404,10.1664843,16.4061568,14.0928600
-3.7071651,-6.4457748,10.2457269,16.4282752,14.1562590
-3.6686927,-6.3265343,10.2639461,16.3768006,14.2137090
-3.5693993,-6.1061716,10.2190846,16.2567469,14.2724030
-3.4131358,-5.7917285,10.1139575,16.0740857,14.3320480
-3.2063327,-5.3945149,9.9564187,15.8357369,14.3902210
-2.9575911,-4.9292441,9.7583666,15.5495045,14.4995000
-2.6772951,-4.4134479,9.5350923,15.2240811,14.5614170
-2.3769100,-3.8663727,9.3029436,14.8692169,14.6200580
-2.0682081,-3.3074014,9.0779489,14.4957637,14.6774970
-1.7626886,-2.7555694,8.8743465,14.1157893,14.7367810
-1.4709378,-2.2287982,8.7036172,13.7426773,14.7982500
-1.2021250,-1.7429582,8.5732120,13.3908555,14.8680220
-0.9636981,-1.3119987,8.4861879,13.0754352,14.9299370
-0.7610672,-0.9467349,8.4409048,12.8117469,14.9874980
-0.5975838,-0.6549783,8.4311953,12.6145808,15.0447480
-0.4746383,-0.4417074,8.4475933,12.4975156,15.1117590
-0.3918518,-0.3093779,8.4789858,12.4721674,15.1703260
-0.3474754,-0.2584386,8.5139271,12.5473740,15.2410400
-0.3387405,-0.2878987,8.5422286,12.7286760,15.3021330
-0.3622569,-0.3957152,8.5563387,13.0177727,15.3598520
-0.4143878,-0.5790222,8.5520788,13.4121492,15.4201870
-0.4914529,-0.8343253,8.5295136,13.9051088,15.4853680
-0.5899130,-1.1575437,8.4930392,14.4859877,15.5430260
-0.7064218,-1.5437581,8.4506900,15.1406082,15.6151880
-0.8378035,-1.9869483,8.4131359,15.8520810,15.6769130
-0.9809579,-2.4795317,8.3921217,16.6014587,15.7347360
-1.1326804,-3.0118233,8.3987354,17.3684570,15.7953290
-1.2895237,-3.5718219,8.4418602,18.1324193,15.8548130
-1.4475858,-4.1450744,8.5267527,18.8731583,15.9595720
-1.6025113,-4.7147857,8.6540976,19.5717389,16.0204070
-1.7496194,-5.2623666,8.8197495,20.2111334,16.0821320
-1.8839851,-5.7680250,9.0148904,20.7766647,16.1400220
-2.0006979,-6.2115931,9.2266580,21.2562430,16.2028380
-2.0950382,-6.5737248,9.4393630,21.6405813,16.2609470
-2.1627964,-6.8370004,9.6363391,21.9233049,16.3325250
-2.2006205,-6.9872045,9.8016817,22.1008793,16.3990480
-2.2062790,-7.0147565,9.9218615,22.1725711,16.4567810
-2.1787208,-6.9152188,9.9870320,22.1403070,16.5142060
-2.1186124,-6.6897078,9.9920638,22.0084949,16.5734450
-2.0281852,-6.3450334,9.9369601,21.7839824,16.6320040
-1.9110660,-5.8928973,9.8260779,21.4759859,16.7019680
-1.7721408,-5.3498813,9.6680551,21.0960349,16.7647180
-1.6173806,-4.7367900,9.4752613,20.6579219,16.8224050
-1.4534382,-4.0773574,9.2619844,20.1775185,16.8814790
-1.2872957,-3.3972166,9.0427693,19.6724840,16.9395780
-1.1257973,-2.7222387,8.8309317,19.1619653,16.9988310
-0.9752504,-2.0772310,8.6372908,18.6661109,17.0712330
-0.8411216,-1.4850051,8.4694406,18.2054460,17.1307110
-0.7277651,-0.9656524,8.3317905,17.8001674,17.1900410
-0.6383280,-0.5360221,8.2253868,17.4692942,17.2518720
-0.5746674,-0.2093786,8.1483423,17.2297952,17.3095150
-0.5373931,0.0046318,8.0968584,17.0957632,17.3710450
-0.5260027,0.0999974,8.0661164,17.0776458,17.4793900
-0.5389727,0.0740527,8.0517128,17.1816521,17.5426140
-0.5739683,-0.0727990,8.0506839,17.4093599,17.6003500
-0.6280257,-0.3372093,8.0620723,17.7575789,17.6603220
-0.6977197,-0.7130676,8.0872014,18.2184798,17.7254660
-0.7793547,-1.1913936,8.1293443,18.7798239,17.7829740
-0.8690874,-1.7602697,8.1931044,19.4256052,17.8532370
-0.9630209,-2.4048381,8.2834379,20.1367625,17.9142530
-1.0572372,-3.1072748,8.4044473,20.8920516,17.9717310
-1.1478905,-3.8469469,8.5582976,21.6690087,18.0320130
-1.2312789,-4.6007750,8.7442526,22.4447821,18.0936110
-1.3038906,-5.3436766,8.9579960,23.1970297,18.1509940
-1.3625268,-6.0492760,9.1914445,23.9046638,18.2256780
-1.4043593,-6.6909939,9.4330215,24.5485903,18.2832000
-1.4270152,-7.2431032,9.6683840,25.1122599,18.3407800
-1.4287746,-7.6821993,9.8817687,25.5820626,18.4023900
-1.4087435,-7.9886704,10.0574422,25.9476210,18.4611020
-1.3669530,-8.1477780,10.1812867,26.2020055,18.5185710
-1.3045362,-8.1510548,10.2429002,26.3419066,18.5943500
-1.2236870,-7.9968926,10.2362444,26.3677481,18.6522130
-1.1275534,-7.6908967,10.1608301,26.2838230,18.7129480
-1.0202185,-7.2459983,10.0214603,26.0981768,18.7721110
-0.9063475,-6.6813725,9.8279101,25.8224817,18.8306960
-0.7909841,-6.0215841,9.5939536,25.4718097,18.8886640
-0.6793165,-5.2950572,9.3359534,25.0641821,19.0008350
-0.5761858,-4.5324634,9.0710689,24.6202122,19.0583530
-0.4859029,-3.7653211,8.8157019,24.1623967,19.1163260
-0.4118991,-3.0241343,8.5838609,23.7142934,19.1748260
-0.3564264,-2.3369378,8.3859702,23.2996069,19.2324210
-0.3206003,-1.7278423,8.2279477,22.9410579,19.2925470
-0.3043199,-1.2163837,8.1113447,22.6593413,19.3655530
-0.3064294,-0.8164858,8.0338010,22.4720797,19.4245590
-0.3249999,-0.5370016,7.9901543,22.3929164,19.4827230
-0.3574670,-0.3817668,7.9738006,22.4307800,19.5414870
-0.4009779,-0.3501277,7.9778236,22.5893831,19.6040590
-0.4526557,-0.4376061,7.9964961,22.8670505,19.6661010
-0.5097951,-0.6366149,8.0262863,23.2567440,19.7377680
-0.5701166,-0.9370507,8.0665577,23.7465474,19.7953980
-0.6318746,-1.3269027,8.1197616,24.3204924,19.8536210
-0.6938749,-1.7926086,8.1908376,24.9594396,19.9121140
-0.7554584,-2.3192682,8.2862049,25.6422325,19.9735940
-0.8163402,-2.8908189,8.4124396,26.3467329,20.0462940
-0.8763585,-3.4900514,8.5747624,27.0508685,20.1094870
-0.9352900,-4.0987284,8.7756478,27.7336912,20.1668590
-0.9925751,-4.6978664,9.0136854,28.3762505,20.2241140
-1.0472235,-5.2678692,9.2828988,28.9622434,20.2837110
-1.0978482,-5.7889744,9.5727411,29.4783658,20.3422740
-1.1426411,-6.2418868,9.8686433,29.9145018,20.4498700
-1.1795301,-6.6082394,10.1530031,30.2636259,20.5089410
-1.2062473,-6.8717260,10.4068393,30.5216380,20.5660770
-1.2206720,-7.0193195,10.6119019,30.6870854,20.6250580
-1.2208367,-7.0419712,10.7525211,30.7607785,20.6866040
-1.2054811,-6.9357899,10.8177607,30.7454777,20.7439440
-1.1741667,-6.7022402,10.8026106,30.6455753,20.8182680
-1.1274037,-6.3475825,10.7080919,30.4668625,20.8767020
-1.0666864,-5.8830885,10.5415256,30.2164740,20.9339460
-0.9943220,-5.3243967,10.3160592,29.9029493,20.9984890
-0.9133583,-4.6908297,10.0493580,29.5362789,21.0593990
-0.8274185,-4.0049193,9.7615274,29.1279522,21.1171430
-0.7403446,-3.2909087,9.4733266,28.6910196,21.1913520
-0.6559349,-2.5732484,9.2040894,28.2400022,21.2496230
-0.5775586,-1.8755866,8.9694898,27.7907841,21.3100460
-0.5078173,-1.2196183,8.7803331,27.3603351,21.3751570
-0.4484213,-0.6243211,8.6416237,26.9661833,21.4327330
-0.4000944,-0.1057152,8.5526364,26.6257717,21.4900310
-0.3626322,0.3237179,8.5073804,26.3557146,21.5638040
-0.3351176,0.6551963,8.4953824,26.1709485,21.6231180
-0.3161099,0.8832913,8.5036858,26.0839827,21.6835190
-0.3039168,1.0056598,8.5189516,26.1041769,21.7428870
-0.2968755,1.0224300,8.5293593,26.2371034,21.8014840
-0.2935703,0.9355197,8.5265066,26.4843357,21.8594680
-0.2930396,0.7483280,8.5065587,26.8432209,21.9660540
-0.2949197,0.4654949,8.4707296,27.3068780,22.0239060
-0.2994366,0.0928118,8.4253364,27.8646203,22.0820400
-0.3072559,-0.3626471,8.3809173,28.5024244,22.1399130
-0.3193336,-0.8922822,8.3508186,29.2036375,22.1976510
-0.3366591,-1.4857112,8.3493991,29.9499169,22.2604200
-0.3599865,-2.1304342,8.3898861,30.7219189,22.3321060
-0.3896811,-2.8114236,8.4823978,31.4999271,22.3906490
-0.4254592,-3.5111849,8.6322569,32.2646637,22.4521870
-0.4661600,-4.2099375,8.8387101,32.9979513,22.5096260
-0.5098218,-4.8859538,9.0945902,33.6831480,22.5715800
-0.5537721,-5.5166070,9.3867283,34.3055390,22.6295740
-0.5948279,-6.0791959,9.6968935,34.8525299,22.7047370
-0.6297582,-6.5520158,10.0038928,35.3135962,22.7668910
-0.6554656,-6.9157570,10.2854814,35.6804242,22.8245610
-0.6691985,-7.1545093,10.5201600,35.9470336,22.8819960
-0.6689625,-7.2568593,10.6895672,36.1096404,22.9416300
-0.6536670,-7.2168368,10.7803823,36.1666906,23.0031080
-0.6233959,-7.0343953,10.7857564,36.1188633,23.0723710
-0.5796369,-6.7152541,10.7057696,35.9688926,23.1316870
-0.5250775,-6.2708562,10.5476054,35.7217762,23.1902510
-0.4634013,-5.7178973,10.3249620,35.3849639,23.2481870
-0.3989639,-5.0771531,10.0561994,34.9683614,23.3096540
-0.3362247,-4.3727666,9.7631986,34.4844592,23.3709520
-0.2793990,-3.6306334,9.4688409,33.9482649,23.4815520
-0.2320674,-2.8771414,9.1935057,33.3770684,23.5394900
-0.1967737,-2.1376593,8.9548112,32.7901555,23.6002520
-0.1748797,-1.4358325,8.7657683,32.2083680,23.6622120
-0.1664173,-0.7924714,8.6335752,31.6533581,23.7198670
-0.1701278,-0.2250356,8.5592721,31.1466927,23.7773190
-0.1836091,0.2529923,8.5379749,30.7090129,23.8532930
-0.2035406,0.6323038,8.5594803,30.3589655,23.9138730
-0.2260299,0.9076065,8.6099229,30.1123000,23.9745230
-0.2471205,1.0770709,8.6738818,29.9810617,24.0330470
-0.2628440,1.1419221,8.7361269,29.9728412,24.0904640
-0.2699636,1.1064817,8.7836197,30.0905015,24.1531110
-0.2659842,0.9762482,8.8071312,30.3320064,24.2261710
-0.2493643,0.7583954,8.8021869,30.6905555,24.2865720
-0.2195387,0.4608265,8.7698653,31.1550700,24.3482430
-0.1767614,0.0917983,8.7166823,31.7108913,24.4060120
-0.1220496,-0.3401116,8.6537210,32.3406322,24.4636840
-0.0570508,-0.8259686,8.5952639,33.0251262,24.5347550
0.0162298,-1.3563742,8.5569025,33.7444493,24.5965210
0.0954685,-1.9209354,8.5535453,34.4787039,24.6551220
0.1782394,-2.5081588,8.5974391,35.2089038,24.7153500
0.2622536,-3.1052506,8.6962966,35.9177397,24.7736600
0.3452808,-3.6979039,8.8521648,36.5898128,24.8322250
0.4251571,-4.2706949,9.0610475,37.2119078,24.9438290
0.4997994,-4.8072265,9.3128872,37.7730079,25.0025580
0.5670919,-5.2906021,9.5925361,38.2640429,25.0600130
0.6249104,-5.7041195,9.8810041,38.6777738,25.1191060
0.6712576,-6.0318848,10.1571095,39.0085840,25.1807230
0.7041997,-6.2596858,10.3997173,39.2521232,25.2388680
0.7218876,-6.3758156,10.5893893,39.4050495,25.3136840
0.7226676,-6.3719693,10.7104640,39.4649558,25.3715100
0.7050968,-6.2436685,10.7529196,39.4302724,25.4312200
0.6680785,-5.9908426,10.7132615,39.3004292,25.4958270
0.6109878,-5.6180675,10.5946801,39.0761921,25.5537600
0.5337888,-5.1343550,10.4066072,38.7599680,25.6118040
0.4371146,-4.5534666,10.1644198,38.3561842,25.6863710
0.3223646,-3.8930553,9.8874119,37.8717629,25.7435530
0.1918192,-3.1735742,9.5961569,37.3164867,25.8035780
0.0485395,-2.4178840,9.3112682,36.7031808,25.8677970
-0.1036597,-1.6502219,9.0515367,36.0478527,25.9253070
-0.2603389,-0.8951432,8.8320010,35.3694194,25.9852300
-0.4166934,-0.1765537,8.6628594,34.6891664,26.0556120
-0.5676050,0.4833028,8.5485038,34.0301222,26.1129650
-0.7078883,1.0647410,8.4871162,33.4160649,26.1742460
-0.8325222,1.5512619,8.4714268,32.8704209,26.2328960
-0.9367983,1.9298948,8.4900490,32.4150176,26.2908760
-1.0166671,2.1915623,8.5289529,32.0689147,26.3532620
-1.0689280,2.3310913,8.5734690,31.8474475,26.4573410
-1.0913664,2.3470022,8.6102310,31.7613146,26.5220410
-1.0829410,2.2413048,8.6288986,31.8159776,26.5800340
-1.0437513,2.0189820,8.6236531,32.0113401,26.6377250
-0.9749069,1.6873927,8.5939490,32.3418370,26.7002980
-0.8785252,1.2559318,8.5446930,32.7968136,26.7712070
-0.7575669,0.7356363,8.4856732,33.3612252,26.8322970
-0.6156850,0.1389319,8.4303375,34.0165642,26.8937400
-0.4572378,-0.5203692,8.3942527,34.7417697,26.9514150
-0.2870173,-1.2272370,8.3930026,35.5143689,27.0089250
-0.1100509,-1.9655911,8.4400805,36.3115950,27.0682670
0.0685578,-2.7182703,8.5450876,37.1112850,27.1402120
0.2439089,-3.4670894,8.7121134,37.8926051,27.1974390
0.4114450,-4.1931121,8.9389842,38.6366892,27.2568020
0.5671106,-4.8768357,9.2169556,39.3270672,27.3145700
0.7074195,-5.4987091,9.5311882,39.9496876,27.3775170
0.8295497,-6.0400846,9.8624755,40.4930172,27.4363060
0.9313646,-6.4837245,10.1886089,40.9478154,27.5096080
1.0113558,-6.8146611,10.4867305,41.3067307,27.5717000
1.0686654,-7.0209849,10.7358110,41.5642200,27.6290750
1.1029467,-7.0940340,10.9170214,41.7163153,27.6891880
1.1142558,-7.0291657,11.0167012,41.7604194,27.7510870
1.1029912,-6.8261937,11.0277521,41.6953253,27.8088150
1.0697249,-6.4895003,10.9499932,41.5212725,27.9187600
1.0150750,-6.0281337,10.7900013,41.2399969,27.9761300
0.9396744,-5.4554901,10.5604642,40.8551155,28.0363170
0.8441540,-4.7887746,10.2787929,40.3725319,28.0985670
0.7293041,-4.0482109,9.9653800,39.8007713,28.1595310
0.5959998,-3.2565584,9.6421341,39.1513969,28.2197110
0.4457665,-2.4382662,9.3302138,38.4392069,28.2933880
0.2806295,-1.6173726,9.0478886,37.6822682,28.3507270
0.1033506,-0.8180815,8.8094775,36.9016911,28.4105090
-0.0824210,-0.0630532,8.6240221,36.1211784,28.4757230
-0.2721494,0.6271076,8.4948707,35.3662637,28.5338460
-0.4605091,1.2343463,8.4200232,34.6632723,28.5911930
-0.6413757,1.7438008,8.3925261,34.0382258,28.6661430
-0.8082132,2.1442223,8.4015912,33.5155431,28.7234860
-0.9541764,2.4279934,8.4341279,33.1167414,28.7837690
-1.0724285,2.5911062,8.4764879,32.8591311,28.8475360
-1.1566377,2.6329643,8.5161441,32.7548129,28.9050310
-1.2011842,2.5559248,8.5431684,32.8101207,28.9650220
-1.2015652,2.3650107,8.5514570,33.0251537,29.0354440
-1.1548109,2.0676317,8.5393740,33.3938259,29.0930140
-1.0595186,1.6731501,8.5099566,33.9042004,29.1545610
-0.9160189,1.1925779,8.4706203,34.5390771,29.2133600
-0.7263863,0.6383526,8.4321543,35.2770883,29.2706610
-0.4942795,0.0240095,8.4073721,36.0940027,29.3337100
-0.2249157,-0.6358864,8.4095178,36.9640213,29.4391490
0.0750770,-1.3256516,8.4505144,37.8610248,29.4988370
0.3979231,-2.0287614,8.5394506,38.7598117,29.5575060
0.7349778,-2.7280009,8.6812227,39.6370972,29.6152910
1.0770666,-3.4057683,8.8757375,40.4722957,29.6751170
1.4147939,-4.0446612,9.1177190,41.2480707,29.7464220
1.7388889,-4.6277702,9.3967418,41.9505179,29.8057030
2.0404909,-5.1394475,9.6985348,42.5690697,29.8646640
2.3114134,-5.5658587,10.0060566,43.0962376,29.9234850
2.5444958,-5.8950477,10.3000572,43.5272542,29.9851500
2.7337444,-6.1176697,10.5611716,43.8595496,30.0436570
2.8745206,-6.2275779,10.7717881,44.0922881,30.1182780
2.9636357,-6.2220564,10.9174365,44.2259405,30.1796080
2.9992416,-6.1019903,10.9882272,44.2618445,30.2371020
2.9808959,-5.8718539,10.9795723,44.2020597,30.2972550
2.9094712,-5.5394520,10.8923651,44.0493695,30.3559490
2.7870921,-5.1155894,10.7328831,43.8073633,30.4135310
2.6171609,-4.6137273,10.5123910,43.4805912,30.4900050
2.4041457,-4.0493302,10.2460546,43.0748241,30.5474650
2.1534164,-3.4392184,9.9516422,42.5972693,30.6052650
1.8711124,-2.8008095,9.6481006,42.0567395,30.6645780
1.5639093,-2.1513181,9.3539471,41.4637926,30.7258440
1.2389005,-1.5070829,9.0859387,40.8306171,30.8358070
0.9034853,-0.8828827,8.8579379,40.1707795,30.8952190
0.5651650,-0.2915032,8.6800409,39.4988029,30.9527000
0.2313783,0.2566152,8.5581102,38.8295838,31.0148970
-0.0906728,0.7536191,8.4936760,38.1777473,31.0755960
-0.3942184,1.1942984,8.4842812,37.5569331,31.1337480
-0.6730733,1.5760552,8.5240694,36.9791103,31.2075810
-0.9218175,1.8986436,8.6045402,36.4540301,31.2651700
-1.1359445,2.1638340,8.7155819,35.9887583,31.3255800
-1.3120119,2.3749904,8.8464333,35.5872982,31.3870710
-1.4478258,2.5366231,8.9866645,35.2505823,31.4477700
-1.5424761,2.6539132,9.1270721,34.9767837,31.5078830
-1.5964483,2.7323030,9.2601959,34.7615849,31.5786060
-1.6116628,2.7771847,9.3806955,34.5987521,31.6360570
-1.5914277,2.7935492,9.4853783,34.4807326,31.6945000
-1.5404250,2.7858335,9.5729545,34.3990982,31.7599510
-1.4645493,2.7578284,9.6437553,34.3452885,31.8176910
-1.3707298,2.7126133,9.6992067,34.3112576,31.8800900
-1.2666232,2.6527035,9.7414167,34.2898901,31.9499700
-1.1602477,2.5801723,9.7728571,34.2753168,32.0100240
-1.0596243,2.4967863,9.7959527,34.2630713,32.0754420
-0.9723252,2.4042485,9.8128307,34.2500587,32.1333760
-0.9050989,2.3042348,9.8251162,34.2344460,32.1906700
-0.8635110,2.1984312,9.8339288,34.2154943,32.2976390
-0.8515560,2.0886114,9.8399251,34.1932400,32.3602510
-0.8714066,1.9764153,9.8437619,34.1681273,32.4180910
-0.9232253,1.8635333,9.8461058,34.1407314,32.4772670
-1.0050331,1.7519272,9.8469719,34.1115392,32.5350460
-1.1128584,1.6436844,9.8463567,34.0807353,32.5944000
-1.2409469,1.5411623,9.8445607,34.0481478,32.6674640
-1.3820758,1.4467628,9.8418651,34.0132138,32.7291740
-1.5281513,1.3626498,9.8386468,33.9749269,32.7881250
-1.6706480,1.2908536,9.8352786,33.9320135,32.8455360
-1.8012573,1.2332638,9.8320396,33.8831459,32.9049500
-1.9123359,1.1915728,9.8290485,33.8271269,32.9635100
-1.9973487,1.1672956,9.8261983,33.7630543,33.0361570
-2.0512639,1.1616002,9.8232786,33.6905069,33.0956710
-2.0706707,1.1750194,9.8203055,33.6096432,33.1542720
-2.0540900,1.2075079,9.8173476,33.5212401,33.2117270
-2.0021076,1.2583257,9.8142954,33.4267833,33.2751560
-1.9172190,1.3259315,9.8112003,33.3283495,33.3362100
-1.8038038,1.4081036,9.8083640,33.2284191,33.4059300
-1.6676503,1.5017099,9.8062667,33.1297236,33.4704440
-1.5154694,1.6026737,9.8053103,33.0350450,33.5282610
-1.3546426,1.7061642,9.8059002,32.9469812,33.5858750
-1.1928488,1.8067366,9.8086528,32.8677429,33.6476770
-1.0377099,1.8987091,9.8139197,32.7989748,33.7095440
-0.8965654,1.9766173,9.8218076,32.7416088,33.8185310
-0.7760492,2.0354924,9.8320695,32.6958099,33.8762910
-0.6816583,2.0710711,9.8437942,32.6609858,33.9370130
-0.6176481,2.0802945,9.8558910,32.6358860,33.9954720
-0.5866887,2.0616206,9.8669056,32.6187467,34.0541540
-0.5897684,2.0151442,9.8757471,32.6074998,34.1245210
-0.6263187,1.9427698,9.8813741,32.6000271,34.1874010
-0.6939062,1.8480233,9.8830180,32.5943547,34.2448260
-0.7883279,1.7358644,9.8801420,32.5888702,34.3059280
-0.9037576,1.6124093,9.8726564,32.5824729,34.3642390
-1.0327751,1.4844713,9.8610469,32.5746426,34.4228780
-1.1669782,1.3591622,9.8463099,32.5655002,34.4925840
-1.2975562,1.2434709,9.8301090,32.5557221,34.5570140
-1.4156955,1.1436559,9.8145356,32.5464294,34.6181490
-1.5130567,1.0646741,9.8014953,32.5390502,34.6756220
-1.5823556,1.0099356,9.7930095,32.5350420,34.7385070
-1.6178710,0.9808839,9.7912494,32.5356614,34.7963580
-1.6158471,0.9769864,9.7979620,32.5417550,34.8663910
-1.5749170,0.9959678,9.8142285,32.5535511,34.9265050
-1.4961879,1.0337621,9.8402920,32.5705710,34.9870020
-1.3832859,1.0850875,9.8754239,32.5916321,35.0462550
-1.2421964,1.1438190,9.9179533,32.6148498,35.1047870
-1.0808112,1.2032890,9.9654328,32.6377101,35.1641510
-0.9086054,1.2572245,10.0147016,32.6572948,35.2704230
-0.7360141,1.3001712,10.0623707,32.6704811,35.3315440
-0.5737016,1.3280369,10.1044792,32.6742078,35.3927940
-0.4319205,1.3387370,10.1379000,32.6658050,35.4502180
-0.3195934,1.3320148,10.1600632,32.6431836,35.5101720
-0.2435725,1.3093882,10.1691033,32.6050050,35.5686640
-0.2080984,1.2740139,10.1642141,32.5508633,35.6414630
-0.2143227,1.2301794,10.1459173,32.4813528,35.6999820
-0.2602885,1.1830113,10.1158019,32.3980959,35.7585570
-0.3411242,1.1381179,10.0765256,32.3037183,35.8161200
-0.4493256,1.1009012,10.0314958,32.2016891,35.8752770
-0.5752380,1.0759558,9.9843421,32.0961014,35.9514750
-0.7078863,1.0666849,9.9388460,31.9914058,36.0100200
-0.8358768,1.0747905,9.8984881,31.8921242,36.0733760
-0.9483072,1.1001746,9.8661210,31.8025412,36.1311610
-1.0357921,1.1410643,9.8437778,31.7264154,36.1886890
-1.0911142,1.1939509,9.8323268,31.6667123,36.2544920
-1.1098043,1.2540242,9.8314206,31.6253822,36.3244160
-1.0905357,1.3155341,9.8396192,31.6032178,36.3847970
-1.0351447,1.3722316,9.8545998,31.5997851,36.4467880
-0.9485671,1.4181299,9.8732665,31.6134781,36.5043280
-0.8384038,1.4479425,9.8924523,31.6416170,36.5620900
-0.7142225,1.4577212,9.9091468,31.6806517,36.6233200
-0.5867173,1.4445836,9.9200862,31.7264271,36.7277680
-0.4666966,1.4083482,9.9226398,31.7744807,36.7879890
-0.3641339,1.3502348,9.9152497,31.8204013,36.8531180
-0.2873289,1.2734858,9.8974811,31.8601500,36.9107710
-0.2420641,1.1829714,9.8702902,31.8903621,36.9731640
-0.2311794,1.0847470,9.8355071,31.9086022,37.0308220
-0.2543970,0.9855871,9.7957615,31.9135241,37.1032300
-0.3083016,0.8923633,9.7541941,31.9049747,37.1677100
-0.3866915,0.8113910,9.7141394,31.8839977,37.2252800
-0.4812811,0.7480918,9.6784004,31.8527081,37.2827520
-0.5822112,0.7062749,9.6499750,31.8141178,37.3409610
-0.6791497,0.6879664,9.6317095,31.7718592,37.4116450
-0.7624117,0.6934038,9.6254090,31.7298615,37.4726770
-0.8236403,0.7208047,9.6319907,31.6920172,37.5340240
-0.8568508,0.7668207,9.6513485,31.6618339,37.5924630
-0.8589220,0.8267959,9.6825207,31.6421258,37.6512930
-0.8297371,0.8950962,9.7237416,31.6347528,37.7101020
-0.7723538,0.9658260,9.7724553,31.6404763,37.7801910
-0.6927275,1.0333546,9.8262443,31.6588823,37.8436320
-0.5990623,1.0927647,9.8826710,31.6884115,37.9022920
-0.5010538,1.1402356,9.9389617,31.7265176,37.9652010
-0.4089097,1.1734121,9.9929186,31.7698589,38.0228940
-0.3320702,1.1913769,10.0430076,31.8145615,38.0804890
-0.2783851,1.1945844,10.0882745,31.8565659,38.1926640
-0.2533084,1.1847738,10.1278591,31.8919540,38.2501370
-0.2592038,1.1645808,10.1615807,31.9172774,38.3126560
-0.2954616,1.1374119,10.1895740,31.9298859,38.3701460
-0.3583556,1.1069479,10.2121868,31.9281048,38.4309460
-0.4412980,1.0766186,10.2296820,31.9113503,38.4903900
-0.5357443,1.0494929,10.2422854,31.8801642,38.5606990
-0.6317360,1.0279575,10.2501674,31.8360853,38.6185140
-0.7190254,1.0135308,10.2534307,31.7815167,38.6769240
-0.7883279,1.0069404,10.2524461,31.7194963,38.7353960
-0.8320048,1.0080147,10.2477994,31.6533968,38.7965920
-0.8447421,1.0155409,10.2396766,31.5866942,38.8591080
-0.8240683,1.0275636,10.2281510,31.5226543,38.9287630
-0.7705054,1.0415452,10.2136249,31.4640653,38.9890320
-0.6875924,1.0545981,10.1966558,31.4130607,39.0509900
-0.5816441,1.0640999,10.1779021,31.3709681,39.1129580
-0.4611078,1.0677702,10.1581232,31.3382582,39.1730670
-0.3359275,1.0639156,10.1381068,31.3145932,39.2345280
-0.2165568,1.0516881,10.1186208,31.2989174,39.3038400
-0.1128565,1.0308122,10.1004819,31.2895394,39.3632380
-0.0333326,1.0017921,10.0843378,31.2843538,39.4246570
0.0156714,0.9658192,10.0709135,31.2810578,39.4822280
0.0304576,0.9245804,10.0601112,31.2773366,39.5418540
0.0100948,0.8804394,10.0519560,31.2711232,39.6488430
-0.0434335,0.8360515,10.0462938,31.2607390,39.7099070
-0.1254579,0.7941275,10.0426487,31.2449998,39.7723100
-0.2290543,0.7572329,10.0403184,31.2233035,39.8297620
-0.3454862,0.7273909,10.0387339,31.1956399,39.8873470
-0.4649908,0.7060207,10.0373850,31.1625544,39.9469360
-0.5776388,0.6939498,10.0359549,31.1250470,40.0204170
-0.6740822,0.6912728,10.0343953,31.0844833,40.0787460
-0.7461888,0.6972643,10.0326072,31.0424693,40.1373080
-0.7876473,0.7104334,10.0306036,31.0007120,40.1953910
-0.7943405,0.7284243,10.0285274,30.9609064,40.2533850
-0.7646174,0.7482472,10.0265375,30.9246080,40.3137670
-0.6994835,0.7666607,10.0249334,30.8931586,40.3874780
-0.6024217,0.7802452,10.0240164,30.8676440,40.4495700
-0.4792059,0.7857320,10.0238446,30.8488985,40.5074660
-0.3373780,0.7801338,10.0243210,30.8375161,40.5661990
-0.1855909,0.7607288,10.0253105,30.8338469,40.6284470
-0.0330774,0.7253375,10.0265745,30.8380507,40.6892190
0.1110311,0.6725159,10.0281209,30.8501328,40.7614820
0.2382210,0.6019948,10.0300348,30.8699661,40.8228080
0.3410376,0.5139451,10.0320479,30.8973134,40.8813630
0.4135921,0.4105768,10.0337894,30.9318054,40.9389210
0.4519539,0.2945570,10.0345410,30.9729028,41.0012270
0.4542482,0.1696234,10.0334714,31.0198668,41.1075810
0.4208765,0.0407045,10.0301884,31.0717226,41.1689810
0.3543363,-0.0865065,10.0244819,31.1272282,41.2275830
0.2587698,-0.2057281,10.0164417,31.1848504,41.2896340
0.1398328,-0.3104145,10.0062314,31.2427780,41.3523570
0.0043596,-0.3942901,9.9941770,31.2989851,41.4105920
-0.1401712,-0.4516506,9.9802452,31.3512956,41.4821940
-0.2858624,-0.4779441,9.9646093,31.3974869,41.5453090
-0.4250963,-0.4699711,9.9477694,31.4354079,41.6060630
-0.5513359,-0.4259181,9.9303399,31.4630963,41.6635800
-0.6592533,-0.3457752,9.9131098,31.4789111,41.7225540
-0.7448115,-0.2314671,9.8966735,31.4816635,41.7812210
-0.8055881,-0.0869261,9.8817011,31.4706895,41.8506140
-0.8408647,0.0817947,9.8691307,31.4458599,41.9163120
-0.8514170,0.2668434,9.8598847,31.4075935,41.9740550
-0.8393823,0.4590949,9.8551516,31.3567984,42.0315370
-0.8080844,0.6485504,9.8561717,31.2947750,42.0911900
-0.7618052,0.8247966,9.8631818,31.2231283,42.1496890
-0.7054837,0.9776481,9.8757251,31.1435869,42.2221710
-0.6442826,1.0977840,9.8933037,31.0578043,42.2816930
-0.5834129,1.1774701,9.9149775,30.9672457,42.3402560
-0.5279926,1.2110963,9.9395810,30.8730503,42.3982700
-0.4826724,1.1955507,9.9658040,30.7759433,42.4598610
-0.4514728,1.1306773,9.9909922,30.6762273,42.5666820
-0.4375129,1.0191381,10.0140954,30.5737574,42.6299450
-0.4425616,0.8660238,10.0331644,30.4679693,42.6879200
-0.4670437,0.6786470,10.0468617,30.3580043,42.7455820
-0.5099576,0.4660301,10.0546057,30.2428517,42.8040850
-0.5688343,0.2383078,10.0562705,30.1214819,42.8656390
-0.6401117,0.0061940,10.0522266,29.9930125,42.9374210
-0.7191430,-0.2198330,10.0433573,29.8568257,42.9958500
-0.8003196,-0.4303562,10.0310111,29.7126475,43.0540890
-0.8776275,-0.6174499,10.0168821,29.5605892,43.1119640
-0.9448836,-0.7751750,10.0025077,29.4011355,43.1735450
-0.9963089,-0.8998212,9.9894740,29.2350618,43.2322240
-1.0271764,-0.9897778,9.9796061,29.0632978,43.3053350
-1.0340105,-1.0457134,9.9743486,28.8868182,43.3627750
-1.0150542,-1.0703819,9.9745883,28.7064875,43.4204370
-0.9705004,-1.0682304,9.9806792,28.5229299,43.4788250
-0.9025412,-1.0451025,9.9925893,28.3364372,43.5436820
-0.8154145,-1.0074996,10.0097296,28.1469131,43.6015450
-0.7151486,-0.9619981,10.0311396,27.9539156,43.6773230
-0.6091574,-0.9148167,10.0555116,27.7567366,43.7351450
-0.5056607,-0.8713857,10.0811858,27.5545500,43.7950190
-0.4130623,-0.8361052,10.1064808,27.3465969,43.8600890
-0.3391883,-0.8122001,10.1296567,27.1323748,43.9182210
-0.2906060,-0.8015904,10.1497305,26.9118452,44.0252480
-0.2720963,-0.8048444,10.1660187,26.6856293,44.0843820
-0.2860191,-0.8214492,10.1782514,26.4550910,44.1475610
-0.3320715,-0.8499049,10.1864325,26.2223308,44.2095220
-0.4071769,-0.8880617,10.1908724,25.9901374,44.2671810
-0.5055185,-0.9335515,10.1920716,25.7618197,44.3244330
-0.6191803,-0.9838246,10.1906809,25.5409894,44.3992390
-0.7387479,-1.0365446,10.1875821,25.3313123,44.4599690
-0.8541291,-1.0897352,10.1836479,25.1361748,44.5202310
-0.9554070,-1.1418143,10.1793510,24.9583578,44.5817200
-1.0336092,-1.1918537,10.1750066,24.7997752,44.6391780
-1.0820701,-1.2395124,10.1708642,24.6612713,44.6993260
-1.0960854,-1.2850008,10.1666034,24.5425114,44.7699940
-1.0743579,-1.3289730,10.1619113,24.4419874,44.8305830
-1.0186897,-1.3723586,10.1560516,24.3571168,44.8898570
-0.9338910,-1.4162268,10.1480958,24.2844579,44.9481780
-0.8274211,-1.4616676,10.1369608,24.2200002,45.0060300
-0.7087294,-1.5096569,10.1217954,24.1595035,45.0690380
-0.5885150,-1.5607984,10.1019838,24.0988980,45.1422890
-0.4777389,-1.6155897,10.0763614,24.0346264,45.2022710
-0.3866970,-1.6742603,10.0440826,23.9639680,45.2643010
-0.3241108,-1.7363628,10.0052444,23.8853062,45.3220320
-0.2962408,-1.8011788,9.9602838,23.7982188,45.3798060
-0.3065493,-1.8677365,9.9099928,23.7034847,45.4879380
-0.3552910,-1.9349644,9.8556200,23.6029910,45.5468060
-0.4394388,-2.0019024,9.7987492,23.4995170,45.6057440
-0.5530653,-2.0675551,9.7412213,23.3964507,45.6642620
-0.6877542,-2.1311971,9.6852703,23.2974635,45.7250850
-0.8332732,-2.1923741,9.6332587,23.2061304,45.7841920
-0.9781912,-2.2508259,9.5874450,23.1255557,45.8545630
-1.1111638,-2.3066652,9.5500296,23.0580824,45.9197260
-1.2220660,-2.3603734,9.5226271,23.0050726,45.9776520
-1.3024068,-2.4127091,9.5062377,22.9667608,46.0352300
-1.3460938,-2.4646186,9.5012737,22.9422204,46.1009270
-1.3500202,-2.5171848,9.5072149,22.9294474,46.1586740
-1.3143113,-2.5713082,9.5227140,22.9255294,46.2309400
-1.2422459,-2.6277135,9.5456432,22.9269014,46.2922060
-1.1399931,-2.6869884,9.5731012,22.9296844,46.3501470
-1.0161607,-2.7492341,9.6017208,22.9300018,46.4131780
-0.8809475,-2.8143065,9.6281956,22.9242582,46.4715890
-0.7453089,-2.8816712,9.6493381,22.9094487,46.5293010
-0.6200479,-2.9502283,9.6624525,22.8833773,46.6031910
-0.5148475,-3.0187276,9.6662072,22.8447941,46.6609310
-0.4374619,-3.0856886,9.6585445,22.7934813,46.7212780
-0.3930613,-3.1495733,9.6397815,22.7301972,46.7859930
-0.3837964,-3.2090512,9.6106792,22.6565338,46.8440350
-0.4086150,-3.2629431,9.5727187,22.5747154,46.9504970
-0.4634583,-3.3102685,9.5283708,22.4873696,47.0128970
-0.5415601,-3.3504073,9.4806978,22.3972434,47.0701850
-0.6340278,-3.3831788,9.4328699,22.3069154,47.1286560
-0.7307497,-3.4087804,9.3880259,22.2185563,47.1905050
-0.8210468,-3.4280708,9.3488465,22.1337250,47.2479660
-0.8947116,-3.4423876,9.3176210,22.0532219,47.3228570
-0.9429295,-3.4533583,9.2958455,21.9770400,47.3832980
-0.9588894,-3.4630777,9.2839094,21.9043789,47.4430930
-0.9385906,-3.4736294,9.2814163,21.8336913,47.5040560
-0.8811087,-3.4870910,9.2870964,21.7628576,47.5615460
-0.7886574,-3.5055216,9.2989313,21.6894010,47.6189550
-0.6664623,-3.5305138,9.3142592,21.6107180,47.6954380
-0.5223025,-3.5632765,9.3304308,21.5243434,47.7530670
-0.3659038,-3.6044357,9.3448754,21.4281780,47.8131280
-0.2081685,-3.6538496,9.3552195,21.3206798,47.8752200
-0.0603285,-3.7107399,9.3598002,21.2010239,47.9329610
0.0670569,-3.7737715,9.3575000,21.0691935,47.9903210
0.1648919,-3.8411040,9.3479597,20.9260055,48.0660700
0.2262688,-3.9105512,9.3313948,20.7730672,48.1232550
0.2470822,-3.9798309,9.3089484,20.6126425,48.1825860
0.2261337,-4.0464688,9.2821601,20.4474973,48.2406860
0.1653098,-4.1081353,9.2529149,20.2806900,48.2985760
0.0694269,-4.1629251,9.2230899,20.1153453,48.4077080
-0.0543366,-4.2092464,9.1945065,19.9544274,48.4678500
-0.1968401,-4.2462607,9.1688635,19.8005307,48.5290770
-0.3478298,-4.2737934,9.1474935,19.6556972,48.5869250
-0.4967816,-4.2921531,9.1312908,19.5212663,48.6521230
-0.6337548,-4.3023641,9.1208630,19.3978470,48.7101340
-0.7502764,-4.3060200,9.1159599,19.2853070,48.7929830
-0.8397397,-4.3049802,9.1156714,19.1828361,48.8549710
-0.8985173,-4.3015957,9.1191637,19.0890828,48.9127620
-0.9252123,-4.2982357,9.1248728,19.0022941,48.9754050
-0.9215951,-4.2970236,9.1312262,18.9205150,49.0335830
-0.8920739,-4.2997171,9.1366111,18.8417974,49.0914050
-0.8432681,-4.3075047,9.1395267,18.7644185,49.1638000
-0.7834836,-4.3208746,9.1386787,18.6870551,49.2243490
-0.7218401,-4.3398434,9.1327970,18.6088922,49.2843430
-0.6675267,-4.3638171,9.1213487,18.5297280,49.3428580
-0.6290109,-4.3916125,9.1043438,18.4499888,49.4007800
-0.6132169,-4.4217705,9.0819364,18.3706836,49.4749930
-0.6250581,-4.4523899,9.0550143,18.2933436,49.5364970
-0.6669406,-4.4814793,9.0249532,18.2198492,49.5939720
-0.7385152,-4.5072417,8.9931831,18.1522279,49.6590850
-0.8367954,-4.5280539,8.9612604,18.0924435,49.7169470
-0.9563387,-4.5428582,8.9308972,18.0421764,49.7746170
-1.0897049,-4.5511793,8.9037642,18.0026255,49.8854740
-1.2282799,-4.5531437,8.8814225,17.9743497,49.9429840
-1.3630656,-4.5495421,8.8652606,17.9571748,50.0056110
-1.4849592,-4.5417385,8.8561056,17.9501312,50.0634410
-1.5856446,-4.5315473,8.8542581,17.9514953,50.1210810
-1.6588875,-4.5210473,8.8594649,17.9589114,50.1829930
-1.7008201,-4.5125108,8.8707838,17.9695446,50.2533950
-1.7099711,-4.5080171,8.8867649,17.9802992,50.3108990
-1.6875273,-4.5093643,8.9054924,17.9880716,50.3690550
-1.6374124,-4.5179569,8.9246761,17.9899966,50.4275740
-1.5658837,-4.5344584,8.9417911,17.9837139,50.4887650
-1.4809319,-4.5590426,8.9544913,17.9676041,50.5751590
-1.3916531,-4.5912238,8.9606117,17.9409405,50.6368840
-1.3074664,-4.6298532,8.9578629,17.9039795,50.6953300
-1.2373707,-4.6733906,8.9446201,17.8579712,50.7529170
-1.1892000,-4.7197635,8.9203236,17.8050865,50.8145590
-1.1689804,-4.7666261,8.8851535,17.7482744,50.8725220
-1.1804507,-4.8115311,8.8397117,17.6910543,50.9454900
-1.2247146,-4.8521056,8.7852083,17.6372568,51.0050130
-1.3002347,-4.8862168,8.7238481,17.5907395,51.0625240
-1.4029067,-4.9121481,8.6584629,17.5551124,51.1225850
-1.5263726,-4.9288074,8.5922300,17.5334972,51.1834830
-1.6626418,-4.9355606,8.5286055,17.5282801,51.2412380
-1.8025826,-4.9325239,8.4710982,17.5409520,51.3489700
-1.9367166,-4.9204101,8.4230750,17.5719968,51.4077540
-2.0559968,-4.9003069,8.3871582,17.6208216,51.4655170
-2.1524542,-4.8739197,8.3651669,17.6858442,51.5278620
-2.2199001,-4.8431179,8.3582102,17.7645950,51.5892120
-2.2543987,-4.8099219,8.3665228,17.8538683,51.6610720
-2.2546026,-4.7764686,8.3894257,17.9499398,51.7231440
-2.2217902,-4.7446018,8.4251748,18.0487655,51.7808560
-2.1598094,-4.7159353,8.4713426,18.1462023,51.8384570
-2.0747507,-4.6916745,8.5248095,18.2382481,51.8997580
-1.9744058,-4.6725072,8.5819456,18.3212712,51.9585020
-1.8677362,-4.6586699,8.6391369,18.3921705,52.0280170
-1.7640812,-4.6500282,8.6921141,18.4485074,52.0863720
-1.6724220,-4.6461346,8.7371942,18.4886057,52.1447340
-1.6006553,-4.6463132,8.7713764,18.5115770,52.2051600
-1.5548960,-4.6499598,8.7918874,18.5173155,52.2635770
-1.5390564,-4.6564232,8.7970125,18.5064623,52.3250880
-1.5544827,-4.6652833,8.7858973,18.4802908,52.3944040
-1.5998737,-4.6766057,8.7585404,18.4405547,52.4529750
-1.6714405,-4.6906375,8.7158561,18.3893312,52.5142000
-1.7631445,-4.7081356,8.6597920,18.3288654,52.5751240
-1.8672643,-4.7301134,8.5930811,18.2613803,52.6369650
-1.9750810,-4.7574922,8.5186275,18.1889175,52.6947070
-2.0776835,-4.7913304,8.4401900,18.1132481,52.8075780
-2.1666773,-4.8323910,8.3612440,18.0357386,52.8651510
-2.2349404,-4.8810566,8.2851366,17.9573436,52.9224840
-2.2774228,-4.9375387,8.2150271,17.8786550,52.9809560
-2.2914457,-5.0012536,8.1532377,17.7999330,53.0394590
-2.2768804,-5.0710052,8.1015648,17.7212300,53.1124750
-2.2361925,-5.1449191,8.0610071,17.6425294,53.1732940
-2.1743571,-5.2204868,8.0313897,17.5638924,53.2310790
-2.0983315,-5.2947074,8.0118549,17.4855928,53.2899630
-2.0161138,-5.3643038,8.0009551,17.4082471,53.3481760
-1.9362951,-5.4260094,7.9970465,17.3328775,53.4056880
-1.8674564,-5.4769053,7.9985925,17.2609067,53.4831240
-1.8171709,-5.5146956,8.0031731,17.1941279,53.5410340
-1.7913723,-5.5376219,8.0093749,17.1345844,53.6010020
-1.7938342,-5.5448184,8.0162081,17.0844098,53.6627830
-1.8258025,-5.5365891,8.0230248,17.0456427,53.7201750
-1.8859965,-5.5141675,8.0296701,17.0199738,53.7809940
-1.9707222,-5.4798341,8.0366883,17.0085557,53.8563110
-2.0742761,-5.4367238,8.0450257,17.0118022,53.9147690
-2.1895750,-5.3884544,8.0553084,17.0292219,53.9722440
-2.3087828,-5.3390181,8.0682992,17.0594300,54.0306040
-2.4240063,-5.2925454,8.0850976,17.1001669,54.0891870
-2.5280283,-5.2528866,8.1064128,17.1484350,54.1989830
-2.6149221,-5.2232954,8.1322812,17.2007448,54.2584380
-2.6805664,-5.2061888,8.1620659,17.2533394,54.3160400
-2.7229637,-5.2026639,8.1945661,17.3025020,54.3742810
-2.7423687,-5.2124852,8.2280326,17.3448857,54.4359350
-2.7412084,-5.2341160,8.2602925,17.3778247,54.4940690
-2.7237051,-5.2646589,8.2890083,17.3995722,54.5693710
-2.6955127,-5.3003541,8.3118876,17.4094545,54.6268250
-2.6630658,-5.3367991,8.3267394,17.4079418,54.6869670
-2.6328452,-5.3692802,8.3326753,17.3965913,54.7509460
-2.6108698,-5.3933859,8.3297389,17.3779110,54.8088920
-2.6020187,-5.4053258,8.3181335,17.3551291,54.8663290
-2.6096365,-5.4023908,8.2985019,17.3318625,54.9424890
-2.6353376,-5.3833976,8.2725396,17.3117409,55.0007270
-2.6787465,-5.3487600,8.2425853,17.2980716,55.0580390
-2.7376559,-5.3003961,8.2111007,17.2935246,55.1198550
-2.8082180,-5.2416649,8.1805323,17.2998803,55.1784150
-2.8852754,-5.1769545,8.1532393,17.3178667,55.2481430
-2.9629910,-5.1113021,8.1312303,17.3471022,55.3121270
-3.0352749,-5.0502505,8.1158693,17.3861879,55.3699500
-3.0964084,-4.9991644,8.1078193,17.4328542,55.4307590
-3.1416329,-4.9628048,8.1071056,17.4842233,55.4926650
-3.1674789,-4.9449144,8.1131073,17.5371082,55.5504040
-3.1721105,-4.9475126,8.1245494,17.5882583,55.6553650
-3.1554589,-4.9708656,8.1397334,17.6346866,55.7160400
-3.1191270,-5.0134306,8.1566153,17.6739374,55.7735650
-3.0663077,-5.0719461,8.1730124,17.7042218,55.8318820
-3.0015914,-5.1419160,8.1871021,17.7244984,55.8904620
-2.9305864,-5.2179015,8.1974030,17.7344448,55.9493500
-2.8596154,-5.2939442,8.2029121,17.7343275,56.0226510
-2.7951207,-5.3641414,8.2031390,17.7247795,56.0806630
-2.7430847,-5.4231976,8.1978338,17.7065830,56.1422240
-2.7086395,-5.4668887,8.1872128,17.6803633,56.1997580
-2.6956053,-5.4925386,8.1711574,17.6462729,56.2598020
-2.7062810,-5.4992745,8.1497522,17.6038188,56.3211620
-2.7413288,-5.4879092,8.1234532,17.5517084,56.3929180
-2.7996242,-5.4609973,8.0924650,17.4877923,56.4506840
-2.8782575,-5.4225223,8.0570485,17.4091333,56.5099360
-2.9727179,-5.3775394,8.0174089,17.3121527,56.5685080
-3.0771033,-5.3320421,7.9737780,17.1928837,56.6258940
-3.1845068,-5.2923268,7.9264334,17.0473071,56.6878970
-3.2875568,-5.2646489,7.8759661,16.8717522,56.7590260
-3.3788260,-5.2546028,7.8234612,16.6632849,56.8164930
-3.4513086,-5.2663717,7.7697418,16.4200221,56.8810140
-3.4989546,-5.3025142,7.7161393,16.1414504,56.9390560
-3.5170210,-5.3635437,7.6638924,15.8286242,56.9964590
-3.5025535,-5.4479982,7.6142778,15.4842233,57.1077190
-3.4547962,-5.5526955,7.5688740,15.1125323,57.1666690
-3.3752900,-5.6727599,7.5292908,14.7192230,57.2248300
-3.2678682,-5.8019017,7.4973509,14.3110036,57.2836850
-3.1383807,-5.9327011,7.4747549,13.8952346,57.3440480
-2.9944303,-6.0570953,7.4625885,13.4794602,57.4026520
-2.8449475,-6.1669352,7.4615562,13.0709159,57.4735290
-2.6993177,-6.2544504,7.4717415,12.6760936,57.5309430
-2.5667791,-6.3128185,7.4925402,12.3002901,57.5956430
-2.4560832,-6.3367122,7.5235053,11.9472654,57.6574880
-2.3746586,-6.3227024,7.5634155,11.6190579,57.7150980
-2.3278420,-6.2693431,7.6114292,11.3158924,57.7772170
-2.3186331,-6.1774887,7.6664683,11.0362731,57.8478130
-2.3473285,-6.0505445,7.7271100,10.7772069,57.9081100
-2.4115014,-5.8942338,7.7917201,10.5344892,57.9701270
-2.5062620,-5.7164303,7.8588528,10.3031181,58.0310650
-2.6244621,-5.5265594,7.9272471,10.0776846,58.0885440
-2.7572814,-5.3348695,7.9952276,9.8527604,58.1478580
-2.8948948,-5.1518501,8.0608348,9.6232983,58.2182020
-3.0271937,-4.9875561,8.1221008,9.3848984,58.2759270
-3.1446621,-4.8509368,8.1773116,9.1341614,58.3373160
-3.2391151,-4.7491416,8.2250942,8.8689091,58.3957770
-3.3043648,-4.6869748,8.2642563,8.5882654,58.4531910
-3.3366887,-4.6663842,8.2940110,8.2927156,58.5614370
-3.3350635,-4.6863538,8.3139066,7.9839540,58.6200430
-3.3012463,-4.7430240,8.3238768,7.6647431,58.6783820
-3.2395257,-4.8299003,8.3243477,7.3387391,58.7369010
-3.1563549,-4.9384511,8.3162344,7.0102627,58.7990710
-3.0596759,-5.0585598,8.3005367,6.6840680,58.8570860
-2.9580967,-5.1792354,8.2791096,6.3650760,58.9319270
-2.8601570,-5.2894395,8.2538737,6.0581096,58.9944180
-2.7732917,-5.3787051,8.2277029,5.7676418,59.0520810
-2.7035936,-5.4381474,8.2035781,5.4975759,59.1095440
-2.6551551,-5.4611716,8.1842732,5.2509972,59.1688340
-2.6298264,-5.4438908,8.1723231,5.0300135,59.2274590
-2.6271959,-5.3855049,8.1699201,4.8356505,59.3001870
-2.6446812,-5.2882024,8.1786396,4.6677409,59.3587030
-2.6776995,-5.1568540,8.1993864,4.5249206,59.4171850
-2.7203288,-4.9987650,8.2322758,4.4046804,59.4746620
-2.7660053,-4.8232779,8.2764757,4.3034740,59.5364340
-2.8081405,-4.6409213,8.3303913,4.2169295,59.5974100
-2.8409248,-4.4628013,8.3917895,4.1401184,59.6676970
-2.8597884,-4.2997082,8.4579057,4.0678545,59.7291300
-2.8617349,-4.1610523,8.5256649,3.9950098,59.7868650
-2.8456309,-4.0545625,8.5918481,3.9168839,59.8466400
-2.8122644,-3.9856267,8.6532159,3.8295660,59.9088850
-2.7642145,-3.9569267,8.7068291,3.7302319,59.9695710
-2.7057010,-3.9684917,8.7503691,3.6173816,60.0949960
-2.6418513,-4.0173684,8.7821508,3.4909973,60.1523770
-2.5783689,-4.0978418,8.8014842,3.3526303,60.2121920
-2.5208579,-4.2018665,8.8085821,3.2053555,60.2706740
-2.4740862,-4.3195312,8.8038392,3.0536544,60.3287610
-2.4418159,-4.4399845,8.7884398,2.9031664,60.3901810
-2.4263652,-4.5522904,8.7653687,2.7603005,60.4606130
-2.4284663,-4.6462219,8.7373251,2.6318767,60.5182310
-2.4474059,-4.7130504,8.7076437,2.5247142,60.5817910
-2.4810121,-4.7462135,8.6795797,2.4451966,60.6403040
-2.5258502,-4.7417149,8.6562800,2.3988961,60.7006900
-2.5776597,-4.6985132,8.6404849,2.3902223,60.7631040
-2.6317748,-4.6186660,8.6344213,2.4221494,60.8329660
-2.6835913,-4.5069335,8.6396130,2.4960711,60.8932850
-2.7291582,-4.3706071,8.6565647,2.6117613,60.9553740
-2.7654640,-4.2187498,8.6848941,2.7674319,61.0130290
-2.7906417,-4.0612868,8.7235139,2.9598872,61.0736010
-2.8042280,-3.9084056,8.7705961,3.1847831,61.1457000
-2.8070128,-3.7694121,8.8234497,3.4369474,61.2048370
-2.8009809,-3.6520152,8.8789269,3.7107288,61.2637840
-2.7891831,-3.5617505,8.9337529,4.0003810,61.3226680
-2.7752404,-3.5013451,8.9845534,4.3003967,61.3846000
-2.7629778,-3.4705523,9.0285604,4.6057870,61.4431580
-2.7560774,-3.4661748,9.0636249,4.9123508,61.5480990
-2.7578492,-3.4823537,9.0882360,5.2168399,61.6092920
-2.7707871,-3.5111079,9.1020065,5.5170512,61.6710510
-2.7961262,-3.5432079,9.1048664,5.8118869,61.7284580
-2.8339874,-3.5689553,9.0987479,6.1012652,61.7910180
-2.8835857,-3.5789930,9.0855864,6.3859804,61.8483490
-2.9431159,-3.5653853,9.0677861,6.6675281,61.9209300
-3.0096142,-3.5221096,9.0483502,6.9478572,61.9817570
-3.0793650,-3.4457487,9.0304336,7.2291515,62.0424740
-3.1482475,-3.3360021,9.0168408,7.5135925,62.1024240
-3.2119303,-3.1953999,9.0099188,7.8031410,62.1610830
-3.2663702,-3.0292794,9.0115555,8.0993926,62.2184100
-3.3080591,-2.8452635,9.0228870,8.4034161,62.2937640
-3.3342391,-2.6524812,9.0442879,8.7157033,62.3542190
-3.3432248,-2.4609336,9.0755888,9.0361591,62.4141100
-3.3345013,-2.2806018,9.1153959,9.3640296,62.4730250
-3.3088077,-2.1206060,9.1614685,9.6980426,62.5305630
-3.2681206,-1.9884765,9.2114423,10.0365275,62.5892230
-3.2154987,-1.8895604,9.2625512,10.3775604,62.6657650
-3.1548540,-1.8263668,9.3119050,10.7192369,62.7234050
-3.0906808,-1.7985377,9.3567198,11.0598042,62.7828090
-3.0277400,-1.8030643,9.3944268,11.3978011,62.8415230
-2.9706255,-1.8343430,9.4229253,11.7321850,62.8990610
-2.9234880,-1.8849657,9.4411012,12.0624067,63.0108110
-2.8896523,-1.9462745,9.4480741,12.3884421,63.0698720
-2.8713461,-2.0090203,9.4445656,12.7107703,63.1317590
-2.8696389,-2.0644093,9.4313835,13.0303052,63.1896380
-2.8839910,-2.1045998,9.4104340,13.3482484,63.2472850
-2.9126471,-2.1233911,9.3842574,13.6659428,63.3090980
-2.9524984,-2.1166841,9.3556909,13.9846905,63.3795670
-2.9993427,-2.0826655,9.3276745,14.3055863,63.4369430
-3.0482612,-2.0218938,9.3031856,14.6293962,63.4965670
-3.0939516,-1.9371595,9.2849551,14.9564333,63.5552530
-3.1310622,-1.8331825,9.2752635,15.2865039,63.6163390
-3.1546410,-1.7159771,9.2758456,15.6188772,63.6766340
-3.1606148,-1.5925567,9.2876128,15.9522916,63.7464580
-3.1460889,-1.4702314,9.3106122,16.2850532,63.8057970
-3.1096897,-1.3560527,9.3440121,16.6151790,63.8644660
-3.0516858,-1.2564415,9.3861083,16.9405169,63.9265110
-2.9739104,-1.1763222,9.4344266,17.2588844,63.9880420
-2.8796361,-1.1189624,9.4859031,17.5682066,64.0462800
-2.7734005,-1.0856978,9.5370437,17.8666005,64.1195080
-2.6606792,-1.0758049,9.5841461,18.1525124,64.1804420
-2.5477805,-1.0869348,9.6237790,18.4248024,64.2413610
-2.4412837,-1.1150898,9.6528900,18.6827668,64.3020560
-2.3477102,-1.1548802,9.6692572,18.9261508,64.3606610
-2.2730061,-1.2000531,9.6718745,19.1551188,64.4181600
-2.2218692,-1.2437764,9.6601424,19.3702278,64.5229610
-2.1975576,-1.2793264,9.6339931,19.5723966,64.5835550
-2.2015981,-1.3008372,9.5956073,19.7628743,64.6418410
-2.2337125,-1.3036841,9.5474883,19.9432001,64.7002770
-2.2919830,-1.2849052,9.4931013,20.1151797,64.7582790
-2.3728443,-1.2435808,9.4363531,20.2808552,64.8326950
-2.4712089,-1.1808633,9.3813548,20.4424699,64.8943970
-2.5808524,-1.1000425,9.3320910,20.6024449,64.9545730
-2.6947865,-1.0066430,9.2922214,20.7633140,65.0165790
-2.8057335,-0.9079048,9.2647986,20.9276604,65.0740980
-2.9067685,-0.8122929,9.2518242,21.0980488,65.1342430
-2.9916815,-0.7288404,9.2541865,21.2769039,65.2102090
-3.0552949,-0.6660906,9.2717111,21.4663725,65.2677300
-3.0939159,-0.6314580,9.3031780,21.6682127,65.3279150
-3.1055315,-0.6305435,9.3462961,21.8836734,65.3889430
-3.0900162,-0.6664516,9.3979199,22.1133759,65.4469250
-3.0493259,-0.7394923,9.4545917,22.3572848,65.5044710
-2.9873211,-0.8468971,9.5126913,22.6146296,65.5815670
-2.9094071,-0.9827301,9.5688239,22.8838372,65.6393850
-2.8220900,-1.1383237,9.6200515,23.1626702,65.6992910
-2.7327408,-1.3029103,9.6638346,23.4483325,65.7601310
-2.6489731,-1.4643457,9.6986102,23.7376236,65.8174210
-2.5776072,-1.6101808,9.7227438,24.0271943,65.8750400
-2.5243351,-1.7285798,9.7362390,24.3137126,65.9852280
-2.4934702,-1.8090033,9.7395436,24.5940381,66.0423940
-2.4875359,-1.8432402,9.7337703,24.8655027,66.1006170
-2.5070290,-1.8260397,9.7204395,25.1261718,66.1623630
-2.5503606,-1.7555150,9.7013255,25.3749033,66.2198580
-2.6141463,-1.6336412,9.6782972,25.6114514,66.2801310
-2.6934953,-1.4659799,9.6531074,25.8364366,66.3503160
-2.7824428,-1.2612215,9.6273207,26.0511706,66.4094220
-2.8745449,-1.0304834,9.6022916,26.2575779,66.4683210
-2.9633902,-0.7863425,9.5788448,26.4579445,66.5303070
-3.0431592,-0.5418133,9.5574498,26.6546332,66.5895820
-3.1090954,-0.3091970,9.5383119,26.8498235,66.6483270
-3.1578429,-0.0992120,9.5213493,27.0452099,66.7185600
-3.1876250,0.0799423,9.5065942,27.2418198,66.7781650
-3.1982920,0.2231039,9.4941908,27.4398871,66.8400590
-3.1912014,0.3284404,9.4844446,27.6388047,66.8975410
-3.1689378,0.3975458,9.4778921,27.8373191,66.9602900
-3.1350374,0.4347866,9.4751658,28.0337637,67.0306460
-3.0935951,0.4467927,9.4768672,28.2264284,67.0917870
-3.0489152,0.4416311,9.4838778,28.4140653,67.1559770
-3.0050900,0.4277509,9.4960624,28.5962079,67.2135250
-2.9656950,0.4132026,9.5133006,28.7735638,67.2739060
-2.9335203,0.4046811,9.5347570,28.9483277,67.3349430
-2.9102610,0.4067926,9.5583642,29.1242914,67.4443100
-2.8967431,0.4215179,9.5809797,29.3069586,67.5042960
-2.8930150,0.4480477,9.5985084,29.5034081,67.5619010
-2.8985159,0.4828024,9.6059330,29.7219383,67.6201220
-2.9124686,0.5197805,9.5976317,29.9715576,67.6787680
-2.9340188,0.5511831,9.5677913,30.2613767,67.7362920
-2.9624668,0.5677895,9.5107092,30.5999604,67.8151450
-2.9976344,0.5598517,9.4215837,30.9946300,67.8728710
-3.0401636,0.5179460,9.2974749,31.4508173,67.9326340
-3.0915719,0.4335452,9.1375392,31.9715879,67.9947390
-3.1543250,0.2998086,8.9435665,32.5573231,68.0525960
-3.2316848,0.1119700,8.7202349,33.2055840,68.1134540
-3.3273545,-0.1324829,8.4747989,33.9112441,68.1882720
-3.4452370,-0.4335358,8.2172223,34.6667378,68.2457240
-3.5889216,-0.7886056,7.9597587,35.4624067,68.3061790
-3.7611776,-1.1926708,7.7160472,36.2871396,68.3674980
-3.9634411,-1.6385018,7.5002174,37.1290868,68.4280130
-4.1952524,-2.1170186,7.3255881,37.9761950,68.4854320
-4.4540162,-2.6175994,7.2033648,38.8168139,68.5599230
-4.7347262,-3.1285220,7.1416393,39.6401436,68.6175790
-5.0299322,-3.6373929,7.1445369,40.4364526,68.6773360
-5.3300029,-4.1314658,7.2117010,41.1973266,68.7390600
-5.6233941,-4.5980546,7.3381716,41.9157536,68.7964160
-5.8973316,-5.0248787,7.5146779,42.5859121,68.8557400
-6.1387418,-5.4005041,7.7284361,43.2028964,68.9602030
-6.3349733,-5.7144761,7.9640350,43.7625797,69.0218090
-6.4745325,-5.9574010,8.2045578,44.2612423,69.0795460
-6.5480091,-6.1212074,8.4330358,44.6955831,69.1378860
-6.5490012,-6.1999392,8.6341159,45.0630820,69.1963360
-6.4744464,-6.1894735,8.7949961,45.3617349,69.2548090
-6.3244595,-6.0860039,8.9056715,45.5902131,69.3316460
-6.1029826,-5.8880016,8.9602658,45.7483627,69.3895560
-5.8181365,-5.5979036,8.9577224,45.8377094,69.4494120
-5.4811717,-5.2206069,8.9010513,45.8616566,69.5080220
-5.1057416,-4.7634628,8.7969865,45.8260440,69.5658000
-4.7075680,-4.2370441,8.6551501,45.7382781,69.6282800
-4.3020291,-3.6540035,8.4864497,45.6091082,69.7004120
-3.9077821,-3.0321678,8.3028062,45.4521154,69.7606440
-3.5389805,-2.3911571,8.1169291,45.2824591,69.8223600
-3.2105426,-1.7536850,7.9407864,45.1168834,69.8800570
-2.9347734,-1.1445881,7.7847624,44.9730475,69.9375340
-2.7216999,-0.5898913,7.6575068,44.8689239,69.9958960
-2.5782059,-0.1155358,7.5658088,44.8223008,70.0705910
-2.5080023,0.2542297,7.5143979,44.8501919,70.1279780
-2.5114191,0.4986584,7.5058157,44.9682293,70.1862430
-2.5854637,0.6022905,7.5406249,45.1903068,70.2483680
-2.7240389,0.5566010,7.6174589,45.5283190,70.3057160
-2.9180978,0.3613741,7.7329051,45.9917550,70.4166740
-3.1559211,0.0256343,7.8814166,46.5873985,70.4748340
-3.4234993,-0.4320748,8.0551078,47.3190242,70.5341190
-3.7049466,-0.9841729,8.2434722,48.1869780,70.5960820
-3.9830489,-1.5951632,8.4333184,49.1879428,70.6568670
-4.2398982,-2.2235595,8.6087852,50.3147134,70.7187150
-4.4575704,-2.8243598,8.7515943,51.5560257,70.7885260
-4.6188572,-3.3517936,8.8417084,52.8965612,70.8488940
-4.7080582,-3.7625366,8.8581233,54.3170675,70.9104820
-4.7117526,-4.0187860,8.7799531,55.7947447,70.9685590
-4.6195558,-4.0910459,8.5878084,57.3038534,71.0317310
-4.4248005,-3.9605207,8.2652874,58.8165077,71.0903110
-4.1250693,-3.6205698,7.8004964,60.3038198,71.1595290
-3.7225157,-3.0773225,7.1873957,61.7371266,71.2179350
-3.2238706,-2.3492966,6.4267789,63.0893845,71.2767550
-2.6403415,-1.4660941,5.5270196,64.3367797,71.3378600
-1.9870241,-0.4662341,4.5040114,65.4598939,71.3980680
-1.2821218,0.6057026,3.3805381,66.4446804,71.4683590
-0.5459754,1.7022068,2.1853927,67.2834459,71.5283100
0.1999391,2.7761527,0.9516135,67.9750977,71.5872950
0.9339594,3.7839731,-0.2854044,68.5252454,71.6480460
1.6386398,4.6893574,-1.4905280,68.9459276,71.7089380
2.2948319,5.4633866,-2.6299973,69.2545252,71.7666210
2.8895585,6.0880540,-3.6746479,69.4727783,71.8714800
3.4130221,6.5555086,-4.6009625,69.6250080,71.9293810
3.8594347,6.8670174,-5.3923399,69.7361757,71.9925380
4.2269612,7.0325810,-6.0398907,69.8305183,72.0535780
4.5173369,7.0697978,-6.5420755,69.9299192,72.1112150
4.7350178,7.0010417,-6.9043414,70.0525505,72.1688770
4.8881903,6.8511347,-7.1383089,70.2118191,72.2437120
4.9841731,6.6452352,-7.2602554,70.4157054,72.3045970
5.0325888,6.4068982,-7.2899712,70.6665495,72.3645640
5.0427931,6.1566958,-7.2492591,70.9614064,72.4253570
5.0236756,5.9113239,-7.1606941,71.2928803,72.4830310
4.9834844,5.6833140,-7.0464119,71.6501469,72.5432160
4.9297311,5.4812843,-6.9264025,72.0205278,72.6171030
4.8692931,5.3103614,-6.8175932,72.3910816,72.6745120
4.8086384,5.1728245,-6.7374329,72.7501912,72.7330650
4.7540366,5.0689725,-6.6936680,73.0892026,72.7949480
4.7117796,4.9977315,-6.6945199,73.4036307,72.8525150
4.6882560,4.9571618,-6.7431813,73.6940124,72.9149410
4.6899585,4.9448456,-6.8387058,73.9663732,72.9865090
4.7232751,4.9578874,-6.9759162,74.2321329,73.0467840
