0.0000489,0.0000086,0.0029324,0.0000814,2.5638680
0.0001388,0.0000333,0.0081117,0.0002179,2.6214160
0.0002764,0.0000823,0.0157449,0.0004088,2.6816390
0.0004732,0.0001554,0.0260595,0.0006509,2.7440240
0.0007377,0.0002523,0.0391138,0.0009354,2.8018140
0.0010743,0.0003688,0.0545649,0.0012419,2.9534770
0.0014753,0.0004973,0.0714504,0.0015342,3.0150940
0.0019080,0.0006361,0.0880314,0.0017602,3.0733490
0.0023209,0.0007762,0.1017254,0.0018514,3.1312010
0.0026434,0.0009037,0.1091944,0.0017261,3.1941380
0.0027870,0.0009988,0.1065977,0.0013022,3.2521700
0.0026551,0.0010280,0.0900060,0.0005143,3.4060110
0.0021489,0.0009573,0.0559760,-0.0006726,3.4666230
0.0011801,0.0007574,0.0022125,-0.0022488,3.5293180
-0.0003112,0.0004051,-0.0717460,-0.0041433,3.5871830
-0.0023384,-0.0001110,-0.1638943,-0.0062152,3.6448050
-0.0048503,-0.0007884,-0.2692795,-0.0082523,3.7044160
-0.0077169,-0.0016095,-0.3797420,-0.0099747,3.8574150
-0.0107195,-0.0025362,-0.4839493,-0.0110554,3.9172130
-0.0135483,-0.0035035,-0.5677610,-0.0111511,3.9778490
-0.0158109,-0.0044210,-0.6149246,-0.0099288,4.0370420
-0.0170480,-0.0051723,-0.6080828,-0.0071045,4.0948970
-0.0167626,-0.0056158,-0.5300126,-0.0024790,4.2014980
-0.0144586,-0.0055890,-0.3649987,0.0040373,4.2640990
-0.0096769,-0.0049147,-0.1002434,0.0123909,4.3252450
-0.0020406,-0.0034037,0.2728463,0.0223741,4.3839240
0.0087058,-0.0008738,0.7576120,0.0336271,4.4424190
0.0226707,0.0028299,1.3514438,0.0456487,4.5050510
0.0397795,0.0078304,2.0455304,0.0578383,4.5782670
0.0597558,0.0141874,2.8250940,0.0695459,4.6383570
0.0821297,0.0219020,3.6700855,0.0801226,4.7001030
0.1062567,0.0309415,4.5563107,0.0889751,4.7579290
0.1313430,0.0411916,5.4569354,0.0956279,4.8156030
0.1565048,0.0524771,6.3441858,0.0997682,4.8739980
0.1808026,0.0645476,7.1911496,0.1012871,4.9460700
0.2032635,0.0770279,7.9735273,0.1003144,5.0041380
0.2229782,0.0895018,8.6710985,0.0972063,5.0641340
0.2391447,0.1015176,9.2688792,0.0925256,5.1239850
0.2511233,0.1126170,9.7578550,0.0870084,5.1816820
0.2585169,0.1224147,10.1352144,0.0815067,5.2696270
0.2611532,0.1305586,10.4041218,0.0769260,5.3293020
0.2590934,0.1367642,10.5730454,0.0741554,5.3900280
0.2526470,0.1408422,10.6546997,0.0739875,5.4512640
0.2423573,0.1426892,10.6647347,0.0770410,5.5117600
0.2289844,0.1423602,10.6203343,0.0837092,5.5719470
0.2134741,0.1400865,10.5388058,0.0941134,5.6746830
0.1969008,0.1362843,10.4363170,0.1080846,5.7355690
0.1803947,0.1315706,10.3268889,0.1251737,5.7972250
0.1650790,0.1267175,10.2216598,0.1446671,5.8551210
0.1519924,0.1226243,10.1285242,0.1656422,5.9175420
0.1420142,0.1202625,10.0521060,0.1870293,5.9752310
0.1357940,0.1205928,9.9940250,0.2076782,6.0458580
0.1336970,0.1245320,9.9534412,0.2264651,6.1073190
0.1357984,0.1328717,9.9277190,0.2423770,6.1660250
0.1418507,0.1462285,9.9131785,0.2545941,6.2235020
0.1512600,0.1650330,9.9058365,0.2625743,6.2827550
0.1631984,0.1894380,9.9019748,0.2660788,6.3558360
0.1766497,0.2192825,9.8986164,0.2651896,6.4138280
0.1905409,0.2540944,9.8937627,0.2603134,6.4756360
0.2039486,0.2930907,9.8864026,0.2521531,6.5346430
0.2161079,0.3352123,9.8764973,0.2416584,6.5937100
0.2265318,0.3791773,9.8647231,0.2299663,6.6530060
0.2350850,0.4235213,9.8522086,0.2183101,6.7235440
0.2419587,0.4666267,9.8403252,0.2079148,6.7896450
0.2477521,0.5068131,9.8302877,0.1999262,6.8481940
0.2533984,0.5424381,9.8222278,0.1952992,6.9059110
0.2601332,0.5719377,9.8196023,0.1948656,6.9652020
0.2692933,0.5938431,9.8225792,0.1991221,7.0236170
0.2821086,0.6069225,9.8311004,0.2082622,7.1294820
0.2994684,0.6101945,9.8442426,0.2221681,7.1885450
0.3217596,0.6030637,9.8616503,0.2404456,7.2456760
0.3487267,0.5855266,9.8821478,0.2624641,7.3048510
0.3793234,0.5580855,9.9045057,0.2874330,7.3632990
0.4117244,0.5218359,9.9273634,0.3145106,7.4206670
0.4433039,0.4784665,9.9493651,0.3428699,7.4989740
0.4706061,0.4301286,9.9693338,0.3717445,7.5576110
0.4897167,0.3795011,9.9862763,0.4005514,7.6175250
0.4965264,0.3296451,9.9994644,0.4289518,7.6793730
0.4870527,0.2838257,10.0084353,0.4568968,7.7373290
0.4579015,0.2453575,10.0131871,0.4846850,7.7980940
0.4065072,0.2172485,10.0135009,0.5129254,7.8727560
0.3314454,0.2019034,10.0101494,0.5425075,7.9302780
0.2327429,0.2008830,10.0035682,0.5745760,7.9877170
0.1120662,0.2146768,9.9947706,0.6104871,8.0459020
-0.0271807,0.2425573,9.9847285,0.6517327,8.1077120
-0.1798971,0.2825622,9.9742844,0.6998568,8.1652560
-0.3394796,0.3315042,9.9641630,0.7563660,8.2400940
-0.4981527,0.3850474,9.9550161,0.8226147,8.2977390
-0.6474294,0.4380447,9.9473158,0.8997204,8.3576470
-0.7786923,0.4848895,9.9414619,0.9884755,8.4192280
-0.8838037,0.5198934,9.9377439,1.0892486,8.4798370
-0.9557196,0.5377942,9.9361882,1.2019136,8.5399090
-0.9891179,0.5341942,9.9368060,1.3257885,8.6458990
-0.9809061,0.5056435,9.9395781,1.4595932,8.7060780
-0.9305763,0.4506128,9.9444446,1.6014662,8.7709200
-0.8404039,0.3692480,9.9514234,1.7490218,8.8289800
-0.7154462,0.2636378,9.9604153,1.8994266,8.8871590
-0.5632649,0.1378459,9.9710979,2.0495317,8.9498530
-0.3935697,-0.0023760,9.9829728,2.1960232,9.0195470
-0.2177203,-0.1500953,9.9953641,2.3355697,9.0825050
-0.0478683,-0.2974572,10.0074267,2.4650563,9.1422030
0.1037987,-0.4363753,10.0183583,2.5817970,9.1999270
0.2259298,-0.5590777,10.0273958,2.6837122,9.2588090
0.3089030,-0.6585553,10.0335592,2.7695081,9.3165880
0.3454497,-0.7293172,10.0363455,2.8387613,9.3904910
0.3312590,-0.7677747,10.0353271,2.8919614,9.4500190
0.2653754,-0.7725360,10.0304559,2.9305229,9.5075650
0.1503680,-0.7445798,10.0223071,2.9567354,9.5665820
-0.0077639,-0.6871010,10.0118192,2.9736199,9.6250750
-0.1999158,-0.6052277,10.0000838,2.9847391,9.6828880
-0.4144367,-0.5056695,9.9884013,2.9939693,9.7603040
-0.6379265,-0.3963090,9.9784559,3.0052204,9.8179650
-0.8560641,-0.2854880,9.9719311,3.0221863,9.8752010
-1.0546936,-0.1814524,9.9698263,3.0481028,9.9345730
-1.2207800,-0.0917351,9.9728949,3.0855069,9.9964360
-1.3433288,-0.0224437,9.9819316,3.1360633,10.1019210
-1.4142248,0.0219080,9.9972011,3.2004542,10.1611380
-1.4288023,0.0386632,10.0181544,3.2783266,10.2182930
-1.3862299,0.0271733,10.0436439,3.3683438,10.2775090
-1.2896267,-0.0113774,10.0721146,3.4682944,10.3360100
-1.1457494,-0.0739544,10.1015651,3.5752943,10.3964040
-0.9645411,-0.1558723,10.1298090,3.6860544,10.4719450
-0.7583628,-0.2512410,10.1545670,3.7971478,10.5297570
-0.5410779,-0.3534019,10.1739391,3.9052990,10.5898160
-0.3270257,-0.4554691,10.1858491,4.0076459,10.6517340
-0.1298470,-0.5508973,10.1892948,4.1019557,10.7097390
0.0385069,-0.6338874,10.1838627,4.1868037,10.7733780
0.1687240,-0.6996793,10.1698915,4.2616934,10.8474390
0.2547666,-0.7449272,10.1483324,4.3270422,10.9048810
0.2941923,-0.7678576,10.1207498,4.3840876,10.9651580
0.2883339,-0.7683373,10.0891281,4.4347434,11.0265420
0.2420949,-0.7478775,10.0557272,4.4813565,11.0871340
0.1634789,-0.7093080,10.0228146,4.5264668,11.1473040
0.0629297,-0.6565442,9.9925375,4.5725605,11.2175160
-0.0476157,-0.5942253,9.9669440,4.6217870,11.2751370
-0.1557938,-0.5273618,9.9465713,4.6757281,11.3334880
-0.2498768,-0.4609553,9.9322543,4.7351990,11.3950190
-0.3197274,-0.3994905,9.9241809,4.8001317,11.4529690
-0.3576909,-0.3466272,9.9220299,4.8695375,11.5599080
-0.3591747,-0.3048032,9.9248694,4.9415634,11.6184710
-0.3229983,-0.2751472,9.9313928,5.0136518,11.6813160
-0.2516446,-0.2575089,9.9402160,5.0827026,11.7394050
-0.1509486,-0.2504187,9.9499267,5.1453519,11.7972240
-0.0296168,-0.2513185,9.9592100,5.1982594,11.8561120
0.1015565,-0.2566839,9.9669103,5.2384095,11.9270630
0.2307600,-0.2622718,9.9724251,5.2634350,11.9926090
0.3461322,-0.2635337,9.9747973,5.2718515,12.0512140
0.4367952,-0.2559737,9.9740493,5.2632444,12.1098290
0.4937913,-0.2356819,9.9699725,5.2383543,12.1722320
0.5108505,-0.1996826,9.9629150,5.1990962,12.2300160
0.4849770,-0.1463051,9.9534442,5.1484787,12.3010940
0.4167605,-0.0755081,9.9422024,5.0904347,12.3646250
0.3103268,0.0111854,9.9298872,5.0295771,12.4221890
0.1729999,0.1105912,9.9173447,4.9708661,12.4821580
0.0147292,0.2180922,9.9054412,4.9192738,12.5407890
-0.1527194,0.3280928,9.8950911,4.8794374,12.5983510
-0.3167430,0.4342409,9.8872408,4.8553114,12.6746950
-0.4648725,0.5299644,9.8825416,4.8498940,12.7324270
-0.5857949,0.6091156,9.8814598,4.8650018,12.7901090
-0.6703146,0.6659902,9.8842940,4.9011156,12.8484510
-0.7120058,0.6965009,9.8910498,4.9573744,12.9105160
-0.7076524,0.6982428,9.9016221,5.0316654,12.9679530
-0.6575145,0.6707913,9.9157026,5.1207718,13.0745000
-0.5652260,0.6158436,9.9326508,5.2206288,13.1320330
-0.4374143,0.5370821,9.9516465,5.3266403,13.1942990
-0.2832968,0.4396005,9.9717754,5.4339732,13.2520670
-0.1138076,0.3296080,9.9920198,5.5379411,13.3095360
0.0593733,0.2138850,10.0114522,5.6343605,13.3870310
0.2246823,0.0991264,10.0293278,5.7198192,13.4460130
0.3717075,-0.0084173,10.0445816,5.7919481,13.5033340
0.4919745,-0.1035599,10.0565040,5.8495552,13.5617130
0.5795320,-0.1826502,10.0644945,5.8926523,13.6201220
0.6314158,-0.2437717,10.0680871,5.9224395,13.6808560
0.6478322,-0.2868339,10.0673555,5.9411786,13.7571430
0.6320338,-0.3135264,10.0627622,5.9519791,13.8146860
0.5899758,-0.3270777,10.0549160,5.9585538,13.8718170
0.5296817,-0.3317473,10.0447466,5.9648594,13.9366710
0.4603810,-0.3325440,10.0329511,5.9747237,13.9975780
0.3917259,-0.3345426,10.0216587,5.9915325,14.0552550
0.3328144,-0.3422415,10.0118431,6.0179352,14.1295390
0.2913618,-0.3592293,10.0041851,6.0556090,14.1867610
0.2730908,-0.3874895,9.9994159,6.1051254,14.2443420
0.2811366,-0.4272206,9.9980052,6.1658569,14.3059300
0.3156989,-0.4767508,9.9997435,6.2359651,14.3671610
0.3741763,-0.5324999,10.0039097,6.3125850,14.4258450
0.4512935,-0.5894279,10.0097128,6.3920160,14.5292650
0.5396601,-0.6413598,10.0162944,6.4700177,14.5904830
0.6306026,-0.6814747,10.0221103,6.5421861,14.6526380
0.7148555,-0.7030459,10.0266182,6.6042676,14.7110280
0.7834122,-0.7000983,10.0290449,6.6525270,14.7736230
0.8284438,-0.6680789,10.0283653,6.6840857,14.8311580
0.8440576,-0.6045191,10.0244856,6.6971759,14.9006980
0.8268323,-0.5094144,10.0176601,6.6913467,14.9639790
0.7763074,-0.3852383,10.0085753,6.6675837,15.0225600
0.6949629,-0.2370700,9.9982735,6.6282840,15.0801200
0.5878635,-0.0724374,9.9879053,6.5771410,15.1394320
0.4623576,0.0993357,9.9787757,6.5189031,15.2131360
0.3272869,0.2675265,9.9721732,6.4590227,15.2744800
0.1922123,0.4209535,9.9691639,6.4032870,15.3385490
0.0666858,0.5491250,9.9708981,6.3573928,15.3963580
-0.0408794,0.6428219,9.9778723,6.3265202,15.4540170
-0.1238928,0.6949527,9.9898004,6.3149882,15.5159500
-0.1782456,0.7012281,10.0055553,6.3259010,15.5878620
-0.2028917,0.6604064,10.0238103,6.3608912,15.6460810
-0.1996211,0.5747169,10.0427678,6.4200494,15.7055430
-0.1728839,0.4499518,10.0603210,6.5018908,15.7640330
-0.1293148,0.2950315,10.0741684,6.6035050,15.8214070
-0.0768678,0.1214844,10.0819004,6.7208500,15.8810230
-0.0241964,-0.0575097,10.0813241,6.8490438,15.9890770
0.0201623,-0.2282679,10.0710521,6.9827516,16.0492060
0.0486244,-0.3776363,10.0504630,7.1166349,16.1104890
0.0553565,-0.4941621,10.0201880,7.2457660,16.1680370
0.0368396,-0.5689617,9.9816920,7.3660152,16.2280290
-0.0077349,-0.5962450,9.9373097,7.4743968,16.2899590
-0.0763939,-0.5739428,9.8899964,7.5692543,16.3590970
-0.1645717,-0.5038987,9.8427583,7.6503284,16.4183840
-0.2655785,-0.3915567,9.7988439,7.7187261,16.4768270
-0.3712107,-0.2457162,9.7612025,7.7767456,16.5348310
-0.4725616,-0.0775768,9.7327064,7.8276179,16.6009510
-0.5609387,0.1004396,9.7155542,7.8751741,16.6586600
-0.6286685,0.2755717,9.7110844,7.9234455,16.7307950
-0.6697960,0.4360172,9.7195132,7.9762999,16.7929710
-0.6807018,0.5719117,9.7399937,8.0370687,16.8507210
-0.6604696,0.6760491,9.7706495,8.1082314,16.9114980
-0.6109420,0.7445711,9.8087632,8.1912665,16.9698270
-0.5366036,0.7772361,9.8512570,8.2865377,17.0399520
-0.4441470,0.7772377,9.8948684,8.3933327,17.0980060
-0.3417889,0.7505405,9.9360614,8.5100397,17.1559770
-0.2385044,0.7053353,9.9716565,8.6343343,17.2180980
-0.1432413,0.6513239,9.9999335,8.7634521,17.2759550
-0.0640179,0.5984063,10.0190393,8.8945203,17.3389810
-0.0071375,0.5555241,10.0285478,9.0248591,17.4451870
0.0233709,0.5298268,10.0287479,9.1522738,17.5046670
0.0262102,0.5261105,10.0207236,9.2752939,17.5652030
0.0029243,0.5462771,10.0061827,9.3932901,17.6277570
-0.0422451,0.5890556,9.9871806,9.5065169,17.6854220
-0.1027657,0.6504226,9.9659453,9.6160283,17.7434300
-0.1704537,0.7240859,9.9448408,9.7234848,17.8187500
-0.2362563,0.8021764,9.9260823,9.8309440,17.8810330
-0.2911744,0.8762769,9.9114058,9.9405869,17.9386080
-0.3271238,0.9382434,9.9023589,10.0544053,17.9968450
-0.3376927,0.9808831,9.8996159,10.1739819,18.0553780
-0.3188362,0.9988601,9.9035811,10.3002406,18.1127550
-0.2693492,0.9892783,9.9131783,10.4332466,18.1894830
-0.1910207,0.9519610,9.9277879,10.5721832,18.2468460
-0.0885514,0.8897424,9.9460048,10.7153868,18.3042660
0.0308099,0.8081530,9.9662001,10.8604437,18.3634610
0.1579760,0.7148781,9.9865936,11.0044115,18.4246970
0.2827511,0.6191508,10.0054773,11.1440858,18.4823830
0.3945761,0.5308447,10.0212369,11.2762169,18.5596800
0.4835229,0.4596167,10.0324554,11.3978678,18.6171230
0.5411109,0.4140541,10.0381787,11.5067384,18.6769960
0.5610789,0.4007991,10.0381412,11.6013891,18.7388400
0.5400776,0.4239539,10.0316049,11.6814935,18.7964960
0.4779165,0.4846157,10.0191654,11.7479334,18.8565910
0.3775525,0.5806389,10.0012009,11.8027974,18.9642450
0.2448737,0.7067934,9.9783899,11.8493300,19.0219440
0.0882899,0.8550831,9.9518851,11.8917593,19.0813020
-0.0819619,1.0153150,9.9231591,11.9350478,19.1458320
-0.2545368,1.1759834,9.8939974,11.9845742,19.2033410
-0.4178620,1.3250766,9.8663397,12.0457633,19.2650210
-0.5611604,1.4508319,9.8420333,12.1237197,19.3348900
-0.6751275,1.5427138,9.8228348,12.2228550,19.3949290
-0.7526588,1.5920520,9.8101646,12.3465538,19.4600200
-0.7892362,1.5928022,9.8049570,12.4969263,19.5177390
-0.7829157,1.5423171,9.8081200,12.6746298,19.5755400
-0.7344406,1.4414340,9.8196209,12.8788031,19.6474560
-0.6468662,1.2945525,9.8389970,13.1071463,19.7063970
-0.5252905,1.1093478,9.8650799,13.3560273,19.7651140
-0.3766875,0.8960835,9.8962993,13.6206647,19.8266060
-0.2091645,0.6671211,9.9305962,13.8954488,19.8850730
-0.0314391,0.4361870,9.9657261,14.1742586,19.9427540
0.1477506,0.2174866,9.9993463,14.4508575,20.0134500
0.3203840,0.0249500,10.0288194,14.7193187,20.0710340
0.4793624,-0.1286820,10.0513277,14.9743290,20.1393270
0.6187023,-0.2326114,10.0645997,15.2114518,20.1973020
0.7337076,-0.2786120,10.0667527,15.4273585,20.2548870
0.8210269,-0.2616231,10.0570504,15.6199468,20.3174140
0.8786505,-0.1800315,10.0356205,15.7884046,20.4208820
0.9059225,-0.0356942,10.0032933,15.9332158,20.4792430
0.9033424,0.1661377,9.9619156,16.0560183,20.5380510
0.8725039,0.4169814,9.9136101,16.1594301,20.5957060
0.8159870,0.7056747,9.8610297,16.2468456,20.6539840
0.7372448,1.0189224,9.8071650,16.3221683,20.7158820
0.6405883,1.3420689,9.7551728,16.3895891,20.7886150
0.5310361,1.6602145,9.7079996,16.4533613,20.8520260
0.4142404,1.9589273,9.6681480,16.5175567,20.9098640
0.2964352,2.2251229,9.6372646,16.5858916,20.9672930
0.1841267,2.4477007,9.6160714,16.6615530,21.0299080
0.0837536,2.6182357,9.6049907,16.7470205,21.1029830
0.0013773,2.7314187,9.6035217,16.8440216,21.1637880
-0.0577274,2.7856174,9.6112179,16.9535026,21.2250180
-0.0894617,2.7827650,9.6273605,17.0756284,21.2824200
-0.0912141,2.7279382,9.6505841,17.2098865,21.3424070
-0.0622552,2.6290178,9.6789476,17.3551363,21.4038570
-0.0041063,2.4963024,9.7113835,17.5096818,21.4735650
0.0795228,2.3418101,9.7461092,17.6714452,21.5341020
0.1828394,2.1783586,9.7820045,17.8380841,21.5962700
0.2982527,2.0187448,9.8182190,18.0071613,21.6545680
0.4169513,1.8746598,9.8536074,18.1763402,21.7168130
0.5293704,1.7567375,9.8880185,18.3434637,21.7778700
0.6259358,1.6726460,9.9208364,18.5066937,21.8833560
0.6978668,1.6272044,9.9516326,18.6646089,21.9406710
0.7379154,1.6219811,9.9802419,18.8162292,21.9981340
0.7411075,1.6553442,10.0065017,18.9610878,22.0604710
0.7052225,1.7227889,10.0300295,19.0992589,22.1220270
0.6310809,1.8173530,10.0507168,19.2312892,22.1794980
0.5225943,1.9302433,10.0674109,19.3581234,22.2520910
0.3864748,2.0516032,10.0798676,19.4809934,22.3098510
0.2316505,2.1713936,10.0873208,19.6012328,22.3712710
0.0685605,2.2802479,10.0892574,19.7201516,22.4304940
-0.0917260,2.3702971,10.0855288,19.8389274,22.4883000
-0.2385404,2.4357450,10.0761899,19.9584623,22.5599180
-0.3624310,2.4732555,10.0613799,20.0792842,22.6182590
-0.4560909,2.4821632,10.0414499,20.2015050,22.6777170
-0.5151490,2.4643555,10.0169511,20.3247947,22.7425400
-0.5383321,2.4240245,9.9885778,20.4484475,22.8001710
-0.5276232,2.3672618,9.9574213,20.5715032,22.8623640
-0.4879822,2.3013977,9.9248666,20.6928536,22.9320750
-0.4266653,2.2340384,9.8913836,20.8113949,22.9926450
-0.3526313,2.1728653,9.8588813,20.9261513,23.0579370
-0.2756261,2.1243176,9.8281643,21.0363853,23.1156820
-0.2051425,2.0933216,9.8001305,21.1417037,23.1730180
-0.1494478,2.0827582,9.7757472,21.2421040,23.2323790
-0.1147409,2.0933777,9.7556861,21.3380005,23.3388340
-0.1045150,2.1238276,9.7404850,21.4302103,23.3989020
-0.1192266,2.1708831,9.7304350,21.5198591,23.4607650
-0.1562720,2.2300166,9.7252800,21.6082590,23.5184280
-0.2103132,2.2957900,9.7246221,21.6968002,23.5756840
-0.2739269,2.3623047,9.7278740,21.7867869,23.6349990
-0.3384502,2.4239031,9.7342875,21.8793461,23.7086510
-0.3950906,2.4756838,9.7433357,21.9753770,23.7661590
-0.4358729,2.5139648,9.7542892,22.0754208,23.8245790
-0.4544217,2.5367196,9.7664355,22.1796741,23.8832760
-0.4468004,2.5436039,9.7791155,22.2879838,23.9411840
-0.4119981,2.5357619,9.7918235,22.3998587,24.0067270
-0.3520949,2.5156759,9.8042333,22.5145958,24.0765190
-0.2721354,2.4868466,9.8162153,22.6313142,24.1372630
-0.1796461,2.4532719,9.8279404,22.7490709,24.1993090
-0.0838732,2.4189199,9.8398467,22.8670130,24.2573380
0.0052700,2.3872999,9.8524893,22.9843780,24.3179530
0.0780663,2.3610008,9.8666724,23.1005336,24.3769280
0.1261541,2.3414889,9.8830280,23.2150321,24.4473680
0.1436320,2.3291594,9.9016167,23.3275869,24.5049720
0.1274552,2.3232145,9.9219864,23.4381251,24.5643770
0.0778969,2.3217843,9.9425858,23.5468992,24.6228380
-0.0014694,2.3222810,9.9608018,23.6544399,24.6834860
-0.1042241,2.3217658,9.9729380,23.7614965,24.7461690
-0.2216857,2.3172736,9.9742334,23.8691814,24.8482220
-0.3438926,2.3061515,9.9596355,23.9790136,24.9098110
-0.4607616,2.2861849,9.9241090,24.0929677,24.9692650
-0.5633760,2.2555310,9.8634189,24.2135619,25.0284160
-0.6451047,2.2127818,9.7747136,24.3439077,25.0873850
-0.7024525,2.1568475,9.6570031,24.4877073,25.1453600
-0.7357877,2.0865270,9.5114997,24.6493193,25.2192190
-0.7496377,2.0005056,9.3427403,24.8338335,25.2807280
-0.7524923,1.8969016,9.1580338,25.0468379,25.3408810
-0.7562492,1.7733794,8.9680205,25.2942291,25.4029030
-0.7751851,1.6270369,8.7857614,25.5819474,25.4602790
-0.8245038,1.4544721,8.6256285,25.9155870,25.5177070
-0.9188881,1.2523514,8.5023822,26.2999932,25.5955460
-1.0710715,1.0177198,8.4296175,26.7387275,25.6530820
-1.2903078,0.7486815,8.4184488,27.2335508,25.7131180
-1.5812738,0.4451951,8.4766235,27.7838880,25.7714240
-1.9431248,0.1096544,8.6073476,28.3864040,25.8295940
-2.3688977,-0.2532391,8.8075947,29.0347911,25.8887920
-2.8457359,-0.6351887,9.0694060,29.7195921,25.9621920
-3.3555157,-1.0251784,9.3789968,30.4282647,26.0197420
-3.8759531,-1.4094743,9.7179515,31.1455746,26.0787730
-4.3821692,-1.7723361,10.0647960,31.8541262,26.1406810
-4.8483481,-2.0968826,10.3963145,32.5352236,26.1981970
-5.2494844,-2.3662498,10.6893463,33.1699593,26.2636270
-5.5632400,-2.5647663,10.9228945,33.7402604,26.3654680
-5.7715498,-2.6791835,11.0782522,34.2300556,26.4302690
-5.8618527,-2.6998128,11.1422694,34.6263981,26.4884210
-5.8279619,-2.6214287,11.1071569,34.9203833,26.5490080
-5.6704928,-2.4439603,10.9712680,35.1079321,26.6115230
-5.3966810,-2.1726149,10.7392846,35.1902768,26.6691090
-5.0199506,-1.8177644,10.4217906,35.1739878,26.7410870
-4.5590220,-1.3944469,10.0345228,35.0706304,26.8025360
-4.0366064,-0.9212690,9.5972310,34.8961741,26.8634480
-3.4782439,-0.4192823,9.1323166,34.6699833,26.9213920
-2.9107116,0.0894921,8.6635354,34.4136435,26.9798890
-2.3605207,0.5837198,8.2150871,34.1496911,27.0388160
-1.8526058,1.0440435,7.8104510,33.9001535,27.1081640
-1.4089448,1.4538966,7.4694414,33.6852443,27.1665770
-1.0476306,1.8010497,7.2099478,33.5222514,27.2283540
-0.7821784,2.0776863,7.0450324,33.4246707,27.2859100
-0.6210578,2.2807337,6.9832403,33.4016197,27.3454170
-0.5674619,2.4115003,7.0285204,33.4575935,27.4185050
-0.6193728,2.4749737,7.1799656,33.5925289,27.4768050
-0.7699078,2.4795980,7.4321632,33.8021359,27.5391880
-1.0077826,2.4358285,7.7751363,34.0785507,27.5972740
-1.3179398,2.3551637,8.1943735,34.4110971,27.6569860
-1.6824575,2.2491847,8.6714234,34.7871491,27.7161200
-2.0815361,2.1287592,9.1850546,35.1929895,27.8247360
-2.4943573,2.0032677,9.7118801,35.6146522,27.8850860
-2.9002514,1.8802134,10.2277786,36.0387070,27.9443360
-3.2795563,1.7650045,10.7088077,36.4528671,28.0028610
-3.6142129,1.6608672,11.1319804,36.8465254,28.0616280
-3.8888250,1.5693085,11.4767453,37.2109716,28.1198660
-4.0912608,1.4903822,11.7261548,37.5395128,28.1980080
-4.2131118,1.4231416,11.8676865,37.8275278,28.2571770
-4.2500282,1.3662380,11.8939051,38.0723048,28.3149490
-4.2016848,1.3181845,11.8028892,38.2729880,28.3742690
-4.0717879,1.2776160,11.5984498,38.4304904,28.4353840
-3.8677557,1.2436014,11.2899434,38.5472159,28.4960040
-3.6004030,1.2157256,10.8920751,38.6268187,28.5704240
-3.2834121,1.1941316,10.4241194,38.6740043,28.6289780
-2.9323268,1.1796958,9.9084979,38.6942489,28.6892980
-2.5640060,1.1738427,9.3699845,38.6936083,28.7506940
-2.1959536,1.1783116,8.8347274,38.6786139,28.8084810
-1.8453805,1.1949950,8.3287324,38.6560058,28.8720380
-1.5285778,1.2257113,7.8768526,38.6323998,28.9453310
-1.2600633,1.2719783,7.5014526,38.6141315,29.0029180
-1.0516917,1.3349210,7.2209067,38.6070716,29.0648720
-0.9122875,1.4149950,7.0490753,38.6164360,29.1223290
-0.8472546,1.5116889,6.9947489,38.6466167,29.1829720
-0.8582994,1.6234285,7.0610771,38.7010630,29.2414660
-0.9434538,1.7473029,7.2454424,38.7821343,29.3445750
-1.0970301,1.8792991,7.5393390,38.8910092,29.4048380
-1.3098985,2.0145210,7.9286643,39.0278579,29.4665920
-1.5699813,2.1473246,8.3943823,39.1917786,29.5239800
-1.8628998,2.2718783,8.9135701,39.3807807,29.5875260
-2.1727823,2.3822369,9.4604899,39.5919766,29.6452780
-2.4830749,2.4725206,10.0076698,39.8216522,29.7175620
-2.7775051,2.5374930,10.5275627,40.0654377,29.7823220
-3.0409559,2.5728735,10.9940025,40.3185411,29.8401010
-3.2602657,2.5758389,11.3836204,40.5758677,29.8978310
-3.4251051,2.5455490,11.6776110,40.8321431,29.9561400
-3.5283826,2.4831910,11.8625455,41.0821491,30.0149740
-3.5664199,2.3919015,11.9307677,41.3209992,30.0875070
-3.5391753,2.2767087,11.8810180,41.5442606,30.1467320
-3.4499926,2.1442027,11.7183560,41.7481425,30.2045180
-3.3053054,2.0021033,11.4536040,41.9296602,30.2621900
-3.1142191,1.8588244,11.1025850,42.0866266,30.3234250
-2.8877080,1.7227919,10.6848610,42.2178905,30.3815280
-2.6378136,1.6017453,10.2222486,42.3235094,30.4583840
-2.3769002,1.5022634,9.7375297,42.4046583,30.5161540
-2.1168966,1.4293121,9.2530326,42.4635668,30.5735420
-1.8688168,1.3859512,8.7894651,42.5034055,30.6330590
-1.6422117,1.3732952,8.3651120,42.5280067,30.6916750
-1.4449205,1.3905116,7.9952912,42.5417329,30.7990700
-1.2830051,1.4350812,7.6920750,42.5494181,30.8583590
-1.1605762,1.5030937,7.4641838,42.5560166,30.9156040
-1.0800087,1.5895297,7.3174822,42.5663278,30.9739620
-1.0420614,1.6887811,7.2551817,42.5848541,31.0326800
-1.0459921,1.7949767,7.2777761,42.6155595,31.0932840
-1.0898359,1.9024398,7.3836510,42.6618073,31.1678440
-1.1705529,2.0062573,7.5695030,42.7263499,31.2263270
-1.2841260,2.1023622,7.8302813,42.8112021,31.2842630
-1.4256206,2.1875501,8.1591474,42.9175441,31.3487980
-1.5892271,2.2595256,8.5470819,43.0456254,31.4098290
-1.7682421,2.3168691,8.9826574,43.1948008,31.4673310
-1.9551191,2.3588828,9.4519474,43.3633829,31.5417390
-2.1415772,2.3852981,9.9378695,43.5484929,31.5993150
-2.3187851,2.3959220,10.4211517,43.7462265,31.6596390
-2.4776958,2.3916972,10.8821471,43.9516246,31.7210820
-2.6094964,2.3739557,11.3006882,44.1588203,31.7818300
-2.7060837,2.3438552,11.6567782,44.3613611,31.8397540
-2.7605808,2.3029183,11.9321254,44.5523698,31.9135630
-2.7680624,2.2534504,12.1120592,44.7248702,31.9709310
-2.7259165,2.1982130,12.1862198,44.8722775,32.0309360
-2.6341870,2.1402247,12.1492824,44.9888421,32.0952330
-2.4958487,2.0828820,12.0018187,45.0700957,32.1527400
-2.3163861,2.0294142,11.7499640,45.1134188,32.2128620
-2.1036430,1.9828288,11.4052063,45.1182578,32.3156960
-1.8674432,1.9458430,10.9838994,45.0862027,32.3790530
-1.6188065,1.9203093,10.5059099,45.0210840,32.4409650
-1.3690603,1.9078482,9.9933822,44.9286507,32.4988820
-1.1293168,1.9084160,9.4693617,44.8161945,32.5562940
-0.9096930,1.9214364,8.9564371,44.6920598,32.6148940
-0.7178330,1.9448596,8.4756289,44.5649172,32.6990330
-0.5621199,1.9801681,8.0455898,44.4430163,32.7565510
-0.4430539,2.0232420,7.6820648,44.3335357,32.8150550
-0.3617508,2.0727252,7.3971461,44.2420055,32.8733930
-0.3162260,2.1303806,7.2002234,44.1718679,32.9339890
-0.3036088,2.1938430,7.0958959,44.1243254,32.9924710
-0.3191238,2.2639154,7.0855258,44.0983174,33.0639770
-0.3576794,2.3412817,7.1683086,44.0907236,33.1248370
-0.4077881,2.4281445,7.3404256,44.0967809,33.1830710
-0.4698436,2.5258207,7.5940520,44.1105687,33.2436280
-0.5385538,2.6351315,7.9183912,44.1256430,33.3056130
-0.6113399,2.7564472,8.3001540,44.1356647,33.3630790
-0.6865821,2.8893262,8.7233773,44.1348877,33.4333480
-0.7650668,3.0321994,9.1699358,44.1186302,33.4930710
-0.8486754,3.1825647,9.6200708,44.0834968,33.5546800
-0.9419056,3.3370849,10.0529996,44.0274347,33.6122970
-1.0467475,3.4918911,10.4478966,43.9497059,33.6714430
-1.1663759,3.6432544,10.7850895,43.8505964,33.7772340
-1.3020732,3.7878812,11.0472280,43.7311173,33.8412000
-1.4530611,3.9233907,11.2204500,43.5926399,33.9000730
-1.6158242,4.0485420,11.2954204,43.4365424,33.9574600
-1.7839255,4.1632636,11.2681580,43.2639973,34.0164680
-1.9483584,4.2687732,11.1404658,43.0757969,34.0748860
-2.0976013,4.3674631,10.9200827,42.8722818,34.1477930
-2.2188955,4.4626187,10.6202726,42.6534790,34.2126780
-2.2991611,4.5579443,10.2586818,42.4194184,34.2705640
-2.3263681,4.6569997,9.8562139,42.1704111,34.3280020
-2.2909544,4.7625613,9.4355473,41.9074622,34.3909770
-2.1868222,4.8761940,9.0194581,41.6325785,34.4487710
-2.0123690,4.9978631,8.6291946,41.3488078,34.5200450
-1.7710141,5.1257765,8.2829859,41.0604275,34.5792660
-1.4713041,5.2567022,7.9949410,40.7729582,34.6379360
-1.1266316,5.3859264,7.7741222,40.4928637,34.6957470
-0.7543124,5.5073562,7.6241324,40.2271927,34.7582570
-0.3744184,5.6145478,7.5434655,39.9830499,34.8163380
-0.0081845,5.7017531,7.5261430,39.7668752,34.8894890
0.3236345,5.7641680,7.5625681,39.5839392,34.9517010
0.6023305,5.7988520,7.6408189,39.4379394,35.0108830
0.8128151,5.8051273,7.7479058,39.3305124,35.0681630
0.9447763,5.7847553,7.8711724,39.2610280,35.1277990
0.9935546,5.7420626,7.9993401,39.2264685,35.2337290
0.9605210,5.6838540,8.1230157,39.2214900,35.2957280
0.8527735,5.6185348,8.2353618,39.2388116,35.3542740
0.6823559,5.5554796,8.3321471,39.2696928,35.4117350
0.4650772,5.5036388,8.4116445,39.3046257,35.4749070
0.2190543,5.4715454,8.4744952,39.3340753,35.5324990
-0.0369149,5.4659606,8.5228823,39.3491376,35.6038060
-0.2849523,5.4914241,8.5600510,39.3422988,35.6626020
-0.5095742,5.5497308,8.5896573,39.3078939,35.7210730
-0.6988315,5.6395404,8.6143557,39.2422467,35.7796820
-0.8450782,5.7565023,8.6355428,39.1439240,35.8409710
-0.9452777,5.8942903,8.6541861,39.0136909,35.9146750
-1.0007894,6.0450824,8.6704628,38.8542694,35.9731740
-1.0168758,6.1997934,8.6831560,38.6700905,36.0336070
-1.0017416,6.3491212,8.6901864,38.4667550,36.0948160
-0.9653828,6.4846584,8.6894252,38.2504310,36.1560880
-0.9184192,6.5995512,8.6789430,38.0273224,36.2135260
-0.8708085,6.6887089,8.6569205,37.8032013,36.2885940
-0.8308884,6.7492837,8.6221586,37.5829531,36.3462130
-0.8046724,6.7807359,8.5742934,37.3703002,36.4046510
-0.7953438,6.7846700,8.5138148,37.1676388,36.4672570
-0.8032806,6.7647846,8.4422810,36.9758712,36.5258090
-0.8263336,6.7260231,8.3620367,36.7945581,36.5833050
-0.8599689,6.6749308,8.2759554,36.6221541,36.6901840
-0.8982709,6.6177282,8.1872067,36.4562781,36.7508380
-0.9350868,6.5607628,8.0989543,36.2941017,36.8127700
-0.9631116,6.5078941,8.0141041,36.1327023,36.8707260
-0.9800929,6.4668536,7.9350367,35.9693893,36.9284730
-0.9800671,6.4390910,7.8635581,35.8020098,37.0031460
-0.9607246,6.4249658,7.8003280,35.6292089,37.0655410
-0.9210394,6.4273004,7.7464227,35.4505504,37.1227220
-0.8627107,6.4430745,7.7010295,35.2665477,37.1822860
-0.7886530,6.4694918,7.6622860,35.0786076,37.2409050
-0.7049016,6.5022628,7.6287651,34.8888737,37.2984320
-0.6091534,6.5379796,7.5992708,34.7000235,37.3767660
-0.5102691,6.5727641,7.5720949,34.5149927,37.4344720
-0.4130185,6.6028488,7.5455970,34.3367141,37.4945450
-0.3222753,6.6252082,7.5188528,34.1679179,37.5564340
-0.2415805,6.6377114,7.4915891,34.0108845,37.6141840
-0.1741280,6.6392544,7.4641056,33.8672940,37.6720160
-0.1214987,6.6297682,7.4372852,33.7381262,37.7514080
-0.0865953,6.6100814,7.4124838,33.6235595,37.8092200
-0.0687861,6.5817432,7.3913876,33.5230315,37.8691110
-0.0678077,6.5466915,7.3758017,33.4353496,37.9314780
-0.0824718,6.5069898,7.3674409,33.3588087,37.9893710
-0.1110542,6.4647339,7.3677818,33.2913392,38.0955550
-0.1513464,6.4217562,7.3778713,33.2306698,38.1529560
-0.2007102,6.3794630,7.3981907,33.1744802,38.2117370
-0.2565667,6.3387696,7.4286051,33.1205476,38.2704240
-0.3159518,6.3000333,7.4683577,33.0668560,38.3292510
-0.3758911,6.2631418,7.5161291,33.0116815,38.3910970
-0.4335040,6.2276977,7.5701704,32.9536395,38.4618440
-0.4860545,6.1931498,7.6284448,32.8916813,38.5200970
-0.5312748,6.1588433,7.6887580,32.8251094,38.5786800
-0.5673173,6.1242417,7.7489630,32.7535315,38.6373180
-0.5927431,6.0889392,7.8070666,32.6767652,38.6985190
-0.6066190,6.0526686,7.8613299,32.5948156,38.7722560
-0.6084931,6.0157329,7.9105545,32.5078613,38.8308600
-0.5984266,5.9788863,7.9540785,32.4161755,38.8910560
-0.5770448,5.9427354,7.9914979,32.3201247,38.9529260
-0.5454703,5.9078120,8.0227443,32.2201283,39.0140680
-0.5051811,5.8749839,8.0481956,32.1165301,39.0719940
-0.4579760,5.8449386,8.0685411,32.0096519,39.1443560
-0.4058154,5.8182409,8.0846486,31.8998044,39.2018500
-0.3507130,5.7952802,8.0974611,31.7872649,39.2591830
-0.2947593,5.7760797,8.1079878,31.6723712,39.3176940
-0.2399593,5.7603178,8.1172019,31.5554831,39.3825590
-0.1880961,5.7477902,8.1259762,31.4369659,39.4406990
-0.1406867,5.7381637,8.1350968,31.3172073,39.5464390
-0.0989163,5.7311740,8.1451485,31.1965433,39.6037680
-0.0636019,5.7259236,8.1565494,31.0752573,39.6684220
-0.0351972,5.7217849,8.1695706,30.9535487,39.7294730
-0.0137895,5.7181579,8.1842927,30.8314885,39.7884810
0.0009282,5.7146399,8.2006804,30.7090352,39.8636380
0.0095942,5.7109863,8.2185524,30.5859921,39.9212210
0.0131359,5.7071095,8.2375766,30.4619904,39.9811610
0.0127191,5.7030546,8.2573213,30.3365258,40.0466040
0.0096101,5.6989521,8.2772297,30.2089874,40.1044740
0.0051275,5.6949793,8.2966808,30.0787314,40.1621220
0.0005587,5.6913239,8.3150383,29.9451751,40.2367490
-0.0029210,5.6881325,8.3316775,29.8078685,40.2941150
-0.0042651,5.6854135,8.3460765,29.6665840,40.3574760
-0.0026322,5.6830084,8.3578496,29.5213885,40.4188090
0.0025904,5.6805488,8.3667740,29.3726935,40.4765420
0.0117702,5.6774511,8.3728355,29.2212853,40.5487070
0.0249906,5.6729698,8.3762597,29.0682976,40.6072790
0.0421014,5.6662219,8.3775090,28.9151669,40.6649440
0.0627588,5.6562726,8.3772828,28.7635471,40.7266020
0.0864659,5.6421943,8.3764820,28.6151907,40.7848660
0.1126579,5.6231315,8.3761020,28.4718190,40.8424760
0.1407364,5.5984033,8.3771830,28.3349739,40.9497080
0.1701081,5.5675550,8.3807301,28.2058755,41.0079910
0.2002171,5.5304423,8.3876222,28.0853030,41.0676700
0.2305567,5.4872940,8.3985695,27.9735093,41.1251890
0.2606762,5.4386902,8.4140395,27.8701725,41.1881620
0.2901556,5.3855487,8.4342071,27.7743992,41.2621890
0.3186055,5.3290516,8.4589454,27.6847667,41.3230550
0.3456608,5.2705148,8.4878379,27.5994087,41.3849230
0.3709506,5.2113178,8.5202120,27.5161417,41.4426180
0.3941008,5.1528030,8.5551996,27.4326158,41.5002970
0.4147250,5.0961724,8.5918090,27.3464818,41.5586640
0.4324083,5.0424548,8.6289780,27.2555480,41.6304760
0.4467538,4.9924275,8.6656614,27.1579280,41.6885060
0.4574195,4.9465660,8.7009036,27.0521582,41.7466980
0.4641721,4.9050606,8.7338896,26.9372767,41.8055130
0.4669682,4.8678245,8.7640019,26.8128698,41.8629230
0.4659925,4.8345369,8.7908387,26.6790660,41.9213680
0.4617063,4.8047168,8.8142124,26.5364870,41.9971310
0.4548523,4.7777696,8.8341438,26.3861737,42.0547280
0.4464205,4.7530249,8.8508416,26.2294841,42.1131520
0.4376137,4.7298029,8.8646621,26.0679746,42.1716180
0.4297629,4.7074544,8.8760658,25.9032843,42.2292940
0.4242465,4.6853942,8.8855753,25.7370207,42.3380760
0.4223834,4.6631427,8.8937242,25.5706508,42.3957500
0.4253115,4.6403232,8.9010259,25.4054362,42.4539510
0.4338896,4.6166588,8.9079568,25.2423832,42.5127630
0.4485848,4.5919641,8.9149246,25.0822199,42.5701250
0.4694073,4.5661183,8.9222622,24.9254239,42.6316360
0.4958876,4.5390573,8.9302254,24.7722311,42.7023710
0.5270747,4.5107547,8.9389817,24.6226696,42.7601750
0.5616126,4.4812073,8.9486398,24.4766199,42.8248470
0.5978552,4.4504494,8.9592699,24.3338303,42.8826680
0.6339840,4.4185373,8.9709062,24.1939737,42.9434860
0.6681596,4.3855519,8.9835735,24.0566956,43.0180940
0.6986641,4.3516054,8.9972820,23.9216240,43.0765320
0.7240204,4.3168231,9.0119948,23.7883923,43.1366820
0.7431173,4.2813538,9.0276514,23.6566501,43.1984290
0.7553026,4.2453760,9.0441608,23.5260545,43.2593900
0.7604175,4.2091018,9.0613886,23.3962679,43.3171940
0.7587981,4.1727714,9.0792111,23.2669862,43.3887430
0.7512306,4.1366557,9.0974873,23.1379179,43.4464310
0.7388525,4.1010501,9.1160559,23.0087716,43.5055060
0.7230679,4.0662643,9.1347513,22.8792685,43.5673910
0.7054372,4.0326410,9.1533670,22.7491149,43.6298910
0.6875478,4.0005439,9.1716680,22.6180109,43.7334830
0.6709041,3.9703637,9.1893746,22.4856630,43.7962260
0.6568156,3.9425003,9.2061827,22.3517685,43.8577820
0.6463221,3.9173305,9.2217837,22.2160187,43.9156050
0.6401496,3.8951962,9.2358741,22.0780986,43.9746930
0.6387008,3.8763556,9.2482235,21.9376920,44.0334030
0.6420729,3.8609860,9.2586272,21.7945002,44.1028380
0.6500808,3.8491799,9.2669193,21.6482390,44.1642110
0.6623195,3.8409113,9.2729880,21.4986704,44.2228730
0.6782354,3.8360362,9.2767234,21.3456336,44.2809420
0.6971802,3.8342573,9.2781139,21.1890494,44.3426940
0.7184727,3.8351137,9.2772553,21.0289634,44.4003960
0.7414349,3.8379935,9.2743478,20.8655506,44.4725570
0.7654024,3.8421514,9.2697380,20.6991066,44.5379120
0.7897564,3.8467617,9.2638340,20.5300717,44.5959660
0.8139189,3.8509387,9.2570842,20.3590198,44.6538640
0.8373541,3.8538084,9.2499483,20.1866410,44.7125600
0.8595935,3.8545814,9.2428564,20.0137222,44.7829600
0.8801753,3.8525565,9.2362186,19.8411090,44.8436470
0.8986414,3.8472142,9.2303351,19.6696688,44.9020280
0.9145389,3.8381986,9.2254250,19.5002555,44.9608390
0.9273986,3.8252572,9.2218248,19.3336763,45.0181140
0.9367851,3.8082989,9.2197566,19.1706661,45.0803390
0.9423436,3.7873851,9.2190668,19.0118733,45.1839010
0.9438083,3.7627430,9.2196271,18.8578474,45.2422300
0.9410120,3.7342846,9.2209766,18.7090304,45.3007290
0.9339454,3.7025957,9.2234307,18.5657714,45.3594950
0.9227775,3.6677473,9.2266405,18.4283280,45.4226030
0.9078714,3.6298616,9.2303998,18.2968847,45.4960390
0.8898000,3.5890221,9.2345555,18.1715859,45.5585640
0.8693711,3.5452601,9.2390530,18.0525035,45.6205000
0.8476071,3.4985861,9.2439483,17.9396303,45.6783060
0.8257820,3.4490058,9.2494343,17.8328581,45.7360460
0.8054918,3.3964944,9.2558252,17.7319183,45.7974600
0.7885398,3.3410712,9.2635393,17.6363862,45.8680670
0.7769179,3.2828114,9.2730671,17.5456560,45.9257300
0.7727241,3.2218296,9.2849030,17.4589006,45.9860920
0.7779849,3.1582632,9.2994706,17.3750561,46.0438080
0.7946313,3.0922779,9.3170713,17.2928154,46.1027990
0.8243165,3.0240564,9.3378136,17.2106298,46.1640050
0.8682594,2.9538259,9.3615819,17.1267680,46.2346150
0.9272644,2.8819339,9.3880860,17.0394115,46.2934760
1.0013642,2.8088444,9.4168382,16.9467161,46.3508980
1.0893767,2.7352101,9.4470372,16.8469274,46.4093650
1.1891263,2.6619431,9.4777784,16.7384913,46.4743240
1.2976549,2.5902485,9.5084691,16.6201397,46.5783890
1.4110155,2.5217227,9.5383637,16.4910122,46.6380100
1.5244298,2.4583685,9.5670759,16.3507253,46.6958210
1.6325298,2.4025762,9.5944448,16.1994022,46.7601960
1.7295550,2.3570765,9.6205124,16.0376884,46.8180610
1.8098086,2.3247710,9.6456276,15.8666837,46.8755830
1.8680120,2.3085613,9.6703729,15.6878481,46.9504940
1.8996554,2.3111134,9.6954692,15.5028975,47.0087250
1.9013492,2.3345772,9.7216940,15.3136604,47.0689890
1.8710332,2.3803810,9.7496594,15.1219677,47.1292020
1.8081496,2.4489867,9.7796751,14.9295551,47.1879590
1.7137161,2.5397315,9.8116047,14.7379554,47.2466160
1.5902851,2.6507845,9.8447221,14.5484251,47.3170510
1.4418351,2.7790637,9.8777436,14.3619233,47.3756010
1.2735594,2.9203176,9.9088727,14.1791199,47.4368380
1.0915897,3.0693037,9.9359177,14.0004437,47.4984150
0.9026988,3.2200051,9.9565214,13.8261762,47.5563280
0.7139129,3.3660252,9.9683283,13.6565233,47.6278370
0.5321282,3.5009907,9.9692171,13.4916907,47.6892230
0.3637796,3.6189304,9.9575584,13.3319780,47.7471350
0.2145203,3.7146457,9.9324286,13.1778351,47.8109760
0.0889887,3.7840307,9.8937943,13.0298950,47.8728500
-0.0093608,3.8243200,9.8425844,12.8889791,47.9307050
-0.0783798,3.8342415,9.7806936,12.7560431,48.0386890
-0.1172642,3.8140917,9.7108438,12.6320976,48.1012500
-0.1265423,3.7656577,9.6364125,12.5180959,48.1624560
-0.1079865,3.6920255,9.5612414,12.4148029,48.2235000
-0.0644821,3.5973609,9.4892889,12.3226769,48.2812510
0.0001309,3.4865985,9.4243470,12.2417487,48.3573140
0.0812913,3.3651194,9.3697076,12.1715504,48.4195750
0.1739502,3.2384427,9.3278035,12.1111054,48.4776400
0.2728149,3.1118875,9.3000692,12.0589231,48.5382550
0.3726273,2.9902984,9.2868235,12.0130583,48.5960170
0.4683784,2.8778123,9.2872972,11.9712348,48.6551760
0.5555229,2.7776717,9.2998221,11.9309682,48.7288590
0.6301937,2.6921519,9.3219947,11.8897594,48.7870260
0.6893351,2.6225190,9.3509574,11.8453044,48.8490480
0.7308645,2.5690689,9.3836833,11.7956572,48.9068900
0.7538051,2.5312611,9.4172527,11.7393924,48.9651420
0.7582931,2.5078040,9.4491711,11.6757232,49.0235510
0.7455683,2.4968223,9.4775080,11.6045607,49.0954420
0.7178479,2.4960134,9.5010092,11.5265273,49.1539690
0.6781420,2.5027110,9.5194149,11.4429030,49.2125110
0.6300427,2.5140526,9.5333299,11.3555091,49.2712280
0.5774648,2.5271616,9.5436901,11.2665512,49.3289930
0.5244074,2.5394537,9.5519439,11.1784225,49.4366840
0.4746116,2.5480857,9.5592579,11.0934842,49.4957510
0.4313351,2.5512493,9.5676405,11.0138667,49.5556790
0.3972103,2.5472715,9.5784474,10.9412718,49.6144030
0.3739977,2.5350342,9.5926537,10.8768299,49.6724590
0.3625168,2.5140439,9.6107329,10.8210428,49.7339870
0.3626251,2.4844407,9.6326269,10.7737313,49.8044930
0.3731463,2.4469967,9.6577510,10.7340731,49.8618630
0.3921299,2.4030626,9.6850981,10.7006809,49.9253570
0.4171502,2.3543942,9.7133680,10.6716854,49.9834530
0.4454829,2.3030634,9.7411147,10.6449147,50.0440090
0.4744445,2.2513445,9.7669020,10.6180793,50.1067320
0.5015484,2.2015139,9.7894662,10.5889479,50.1948880
0.5245882,2.1556808,9.8078147,10.5555275,50.2548780
0.5418887,2.1156185,9.8213254,10.5161943,50.3136010
0.5523627,2.0825493,9.8298009,10.4697641,50.3710620
0.5555366,2.0571146,9.8334206,10.4155764,50.4294260
0.5517703,2.0393991,9.8327557,10.3535418,50.5017130
0.5421573,2.0288948,9.8287288,10.2841078,50.5602740
0.5280397,2.0245939,9.8223348,10.2082296,50.6229660
0.5109470,2.0250737,9.8145270,10.1272563,50.6809610
0.4928025,2.0285567,9.8066111,10.0427917,50.7383650
0.4755438,2.0331479,9.7996295,9.9565982,50.7980850
0.4608082,2.0370689,9.7945952,9.8704697,50.9018840
0.4499190,2.0387609,9.7923491,9.7861336,50.9628110
0.4436030,2.0370893,9.7934280,9.7051827,51.0212600
0.4420057,2.0314035,9.7980707,9.6289830,51.0785610
0.4448084,2.0215170,9.8061535,9.5586196,51.1389620
0.4511199,2.0077660,9.8172648,9.4948644,51.2002940
0.4596134,1.9908820,9.8308404,9.4381307,51.2716750
0.4686547,1.9718761,9.8461313,9.3884929,51.3306960
0.4764434,1.9518772,9.8622864,9.3457234,51.3890500
0.4812854,1.9319038,9.8784700,9.3093102,51.4473050
0.4816431,1.9127388,9.8937402,9.2785218,51.5089850
0.4765882,1.8947581,9.9073492,9.2524454,51.5666400
0.4656935,1.8778295,9.9191548,9.2300094,51.6394560
0.4491753,1.8612692,9.9293324,9.2101069,51.6967010
0.4279486,1.8439030,9.9384650,9.1916441,51.7540170
0.4034764,1.8241090,9.9475321,9.1736583,51.8123680
0.3775427,1.7997906,9.9576295,9.1555090,51.8774260
0.3521740,1.7688130,9.9699593,9.1368087,51.9349970
0.3293477,1.7292894,9.9857459,9.1175042,52.0072640
0.3110195,1.6797472,10.0057238,9.0978967,52.0647320
0.2984103,1.6194923,10.0294901,9.0785184,52.1218800
0.2928632,1.5486247,10.0555736,9.0602647,52.1802360
0.2956548,1.4679956,10.0811463,9.0443976,52.2453920
0.3054812,1.3795800,10.1020059,9.0324168,52.3030820
0.3215181,1.2858980,10.1130165,9.0259523,52.4078910
0.3420775,1.1901234,10.1081594,9.0266901,52.4652230
0.3647811,1.0957768,10.0810894,9.0362245,52.5306930
0.3875528,1.0063212,10.0260263,9.0560294,52.5882810
0.4066705,0.9247230,9.9387087,9.0875327,52.6458470
0.4183372,0.8530408,9.8173028,9.1319925,52.7198040
0.4186412,0.7920716,9.6632205,9.1905006,52.7789760
0.4035494,0.7410434,9.4816901,9.2640700,52.8396650
0.3690995,0.6974529,9.2818922,9.3536690,52.8978510
0.3115249,0.6571205,9.0768162,9.4602996,52.9566260
0.2274289,0.6143595,8.8826351,9.5850770,53.0139530
0.1141265,0.5624183,8.7174940,9.7291536,53.0887430
-0.0300412,0.4941278,8.5999606,9.8935679,53.1500290
-0.2053862,0.4024567,8.5473215,10.0791646,53.2075270
-0.4104545,0.2812837,8.5736196,10.2863620,53.2716360
-0.6418956,0.1260534,8.6880807,10.5149357,53.3294420
-0.8944833,-0.0657659,8.8939030,10.7638604,53.3870830
-1.1609784,-0.2940399,9.1870614,11.0310177,53.4621420
-1.4324287,-0.5557345,9.5563674,11.3130353,53.5237460
-1.6984846,-0.8449130,9.9834471,11.6052693,53.5837680
-1.9477974,-1.1528775,10.4430627,11.9018731,53.6454150
-2.1688838,-1.4687727,10.9055099,12.1960008,53.7031290
-2.3508004,-1.7803168,11.3388401,12.4801589,53.7607720
-2.4839542,-2.0745690,11.7111044,12.7466028,53.8657670
-2.5608765,-2.3387800,11.9930142,12.9877596,53.9245770
-2.5767513,-2.5613313,12.1601565,13.1968180,53.9840230
-2.5300007,-2.7325001,12.1949279,13.3682588,54.0427750
-2.4224683,-2.8451560,12.0882549,13.4982661,54.1015740
-2.2594023,-2.8953419,11.8407631,13.5850608,54.1640890
-2.0492682,-2.8824387,11.4628510,13.6291158,54.2338680
-1.8031435,-2.8091852,10.9742137,13.6331742,54.2925900
-1.5341349,-2.6815046,10.4027047,13.6021661,54.3510070
-1.2565535,-2.5080347,9.7824329,13.5430208,54.4088870
-0.9848667,-2.2996199,9.1515825,13.4642075,54.4736780
-0.7334266,-2.0686897,8.5498973,13.3752090,54.5316320
-0.5142053,-1.8284634,8.0158632,13.2859923,54.6035560
-0.3373178,-1.5921929,7.5839714,13.2064093,54.6651990
-0.2098958,-1.3723647,7.2824126,13.1456359,54.7227510
-0.1358124,-1.1799742,7.1311088,13.1116948,54.7861180
-0.1156223,-1.0239593,7.1404007,13.1109952,54.8464220
-0.1467605,-0.9107964,7.3105400,13.1479873,54.9040730
-0.2238013,-0.8442366,7.6316127,13.2249550,54.9760270
-0.3390638,-0.8250951,8.0841652,13.3419051,55.0347530
-0.4832568,-0.8513774,8.6407345,13.4966086,55.0921140
-0.6462783,-0.9185234,9.2679199,13.6847620,55.1538410
-0.8178662,-1.0196877,9.9284366,13.9002287,55.2126100
-0.9881565,-1.1463472,10.5836987,14.1353908,55.2704690
-1.1482436,-1.2887532,11.1960438,14.3815571,55.3788380
-1.2904339,-1.4363839,11.7304036,14.6293932,55.4363610
-1.4086680,-1.5787197,12.1569224,14.8694433,55.4945710
-1.4986861,-1.7057858,12.4526154,15.0926571,55.5565890
-1.5578883,-1.8087293,12.6023109,15.2908387,55.6146700
-1.5854641,-1.8804309,12.5992285,15.4570930,55.6762170
-1.5818604,-1.9157716,12.4448663,15.5862296,55.7494190
-1.5486798,-1.9119172,12.1490900,15.6750038,55.8097480
-1.4885094,-1.8685355,11.7292137,15.7223818,55.8709180
-1.4047793,-1.7876787,11.2088768,15.7296204,55.9286340
-1.3015560,-1.6737557,10.6168311,15.7002145,55.9886290
-1.1835937,-1.5336022,9.9852205,15.6399128,56.0618960
-1.0561564,-1.3759671,9.3479782,15.5563518,56.1204650
-0.9249338,-1.2109328,8.7393599,15.4586613,56.1788260
-0.7956629,-1.0493805,8.1921086,15.3569779,56.2377360
-0.6746311,-0.9020790,7.7353848,15.2616477,56.2950850
-0.5675210,-0.7790412,7.3933594,15.1826518,56.3562790
-0.4783080,-0.6891457,7.1836280,15.1290356,56.4298090
-0.4119696,-0.6390181,7.1163945,15.1082157,56.4886800
-0.3716050,-0.6330011,7.1943772,15.1254140,56.5471430
-0.3588956,-0.6726181,7.4123360,15.1832676,56.6056940
-0.3741679,-0.7563031,7.7570180,15.2815038,56.6675640
-0.4149331,-0.8795272,8.2081855,15.4169411,56.7294970
-0.4780160,-1.0350183,8.7401566,15.5838082,56.8362830
-0.5587609,-1.2132108,9.3230452,15.7740311,56.8935220
-0.6511865,-1.4029108,9.9246387,15.9777203,56.9507560
-0.7484892,-1.5918391,10.5123584,16.1838469,57.0178150
-0.8435488,-1.7673790,11.0553509,16.3809806,57.0758460
-0.9290652,-1.9172878,11.5261033,16.5580010,57.1334460
-0.9990555,-2.0304697,11.9017081,16.7048425,57.2069480
-1.0485753,-2.0976026,12.1654217,16.8131144,57.2643090
-1.0738041,-2.1112038,12.3066906,16.8765526,57.3242910
-1.0726610,-2.0664013,12.3219732,16.8913544,57.3893690
-1.0448737,-1.9614390,12.2151726,16.8562271,57.4485190
-0.9918811,-1.7973756,11.9960314,16.7724679,57.5059550
-0.9168617,-1.5782179,11.6793652,16.6439242,57.5812360
-0.8243017,-1.3106968,11.2837467,16.4766222,57.6386340
-0.7196024,-1.0038848,10.8304316,16.2783352,57.7016840
-0.6086884,-0.6689703,10.3423680,16.0581608,57.7631480
-0.4972545,-0.3186727,9.8420012,15.8260658,57.8205350
-0.3905615,0.0332131,9.3507489,15.5924253,57.8782890
-0.2933408,0.3722546,8.8886691,15.3676518,57.9530710
-0.2093944,0.6840675,8.4733584,15.1618719,58.0104060
-0.1416713,0.9549747,8.1197727,14.9845317,58.0737730
-0.0922910,1.1725858,7.8398664,14.8442588,58.1347450
-0.0625795,1.3264453,7.6419982,14.7488260,58.1923900
-0.0534575,1.4084438,7.5312993,14.7049263,58.2523740
-0.0656423,1.4131412,7.5101332,14.7180381,58.3567970
-0.0998551,1.3380665,7.5779034,14.7923582,58.4173370
-0.1569447,1.1837510,7.7308370,14.9306427,58.4761660
-0.2378398,0.9538724,7.9623006,15.1340564,58.5337850
-0.3434242,0.6551969,8.2631691,15.4021026,58.5961190
-0.4740178,0.2972652,8.6215099,15.7323674,58.6569370
-0.6299825,-0.1079561,9.0226604,16.1202625,58.7267830
-0.8099094,-0.5466279,9.4497960,16.5589414,58.7866870
-1.0112629,-1.0035919,9.8844365,17.0391991,58.8452240
-1.2298120,-1.4631455,10.3071195,17.5495237,58.9027010
-1.4595342,-1.9095158,10.6981414,18.0763435,58.9621590
-1.6926195,-2.3275553,11.0385704,18.6043150,59.0251250
-1.9198864,-2.7033349,11.3116120,19.1168372,59.0958180
-2.1311708,-3.0246575,11.5034022,19.5967764,59.1537990
-2.3158106,-3.2813878,11.6034061,20.0272889,59.2116460
-2.4634925,-3.4659176,11.6054941,20.3927636,59.2704760
-2.5651370,-3.5734914,11.5086715,20.6798445,59.3330920
-2.6135959,-3.6022908,11.3168673,20.8782728,59.3916280
-2.6044037,-3.5535692,11.0390429,20.9815691,59.4631760
-2.5362270,-3.4315448,10.6886811,20.9877287,59.5205040
-2.4108759,-3.2430587,10.2819943,20.8994987,59.5778170
-2.2334054,-2.9974354,9.8375730,20.7244085,59.6360990
-2.0118923,-2.7061632,9.3760063,20.4745848,59.7006480
-1.7568908,-2.3824959,8.9183590,20.1660838,59.7581370
-1.4808180,-2.0411177,8.4855871,19.8179798,59.8635860
-1.1971146,-1.6975779,8.0975640,19.4513896,59.9215270
-0.9192982,-1.3677394,7.7720610,19.0883417,59.9866590
-0.6601281,-1.0671398,7.5245301,18.7505100,60.0444840
-0.4309510,-0.8102756,7.3676558,18.4580999,60.1024470
-0.2410149,-0.6099752,7.3108388,18.2287386,60.1642320
-0.0970380,-0.4767578,7.3597882,18.0765014,60.2340600
-0.0029526,-0.4182444,7.5160761,18.0113038,60.2944930
0.0402724,-0.4386764,7.7767584,18.0384609,60.3539450
0.0344550,-0.5385398,8.1340761,18.1585240,60.4125060
-0.0160865,-0.7143209,8.5754805,18.3673891,60.4702640
-0.1049377,-0.9585322,9.0837197,18.6566047,60.5458340
-0.2241232,-1.2600175,9.6369361,19.0139535,60.6046450
-0.3646102,-1.6043689,10.2095370,19.4241565,60.6651000
-0.5168382,-1.9746257,10.7734897,19.8697188,60.7295260
-0.6712402,-2.3521374,11.2998072,20.3318600,60.7873430
-0.8186728,-2.7174663,11.7600261,20.7913950,60.8450300
-0.9508225,-3.0515372,12.1281829,21.2296753,60.9192270
-1.0605765,-3.3367054,12.3831655,21.6294614,60.9801640
-1.1422331,-3.5577168,12.5102294,21.9756372,61.0404340
-1.1916120,-3.7027473,12.5023506,22.2558141,61.1019740
-1.2061218,-3.7639511,12.3609707,22.4607609,61.1600650
-1.1849421,-3.7377615,12.0964013,22.5847026,61.2206520
-1.1283860,-3.6250120,11.7272032,22.6254230,61.3408950
-1.0387991,-3.4307100,11.2784068,22.5841619,61.4006290
-0.9200385,-3.1636440,10.7800280,22.4653529,61.4655290
-0.7767944,-2.8353112,10.2640432,22.2762890,61.5230350
-0.6145070,-2.4590960,9.7619938,22.0265750,61.5829800
-0.4391210,-2.0498401,9.3036487,21.7273761,61.6534300
-0.2567484,-1.6226225,8.9142239,21.3907997,61.7134230
-0.0733962,-1.1916774,8.6124462,21.0292517,61.7724210
0.1054433,-0.7698459,8.4094916,20.6547740,61.8342310
0.2750348,-0.3678272,8.3082706,20.2784544,61.8933450
0.4316249,0.0060232,8.3039608,19.9099554,61.9511850
0.5728298,0.3455955,8.3847978,19.5571909,62.0248240
0.6974563,0.6472067,8.5338561,19.2261207,62.0825480
0.8052334,0.9092529,8.7311256,18.9206835,62.1460720
0.8967747,1.1319146,8.9554178,18.6429154,62.2074150
0.9732237,1.3168973,9.1863883,18.3931290,62.2651530
1.0361588,1.4667879,9.4062319,18.1702049,62.3252700
1.0874850,1.5847476,9.6005503,17.9720765,62.3957600
1.1290936,1.6741577,9.7593003,17.7960480,62.4563100
1.1626981,1.7383717,9.8772642,17.6390890,62.5146960
1.1895574,1.7807012,9.9538192,17.4981994,62.5733970
1.2103440,1.8042098,9.9919566,17.3706457,62.6310360
1.2250991,1.8118266,9.9973831,17.2541206,62.6929270
1.2331373,1.8064814,9.9780476,17.1468788,62.7985850
1.2333771,1.7910763,9.9427731,17.0477039,62.8578600
1.2245456,1.7685497,9.8999507,16.9557797,62.9168940
1.2054278,1.7417920,9.8568261,16.8706391,62.9741270
1.1753079,1.7136471,9.8190281,16.7920355,63.0334850
1.1340890,1.6865935,9.7903688,16.7198417,63.1078670
1.0824432,1.6627407,9.7726215,16.6540564,63.1661010
1.0220964,1.6435505,9.7658186,16.5947079,63.2299620
0.9559633,1.6295225,9.7691431,16.5417934,63.2881000
0.8880807,1.6201854,9.7809908,16.4953221,63.3456060
0.8235589,1.6141379,9.7986962,16.4553185,63.4115640
0.7682786,1.6090904,9.8194210,16.4218405,63.4813220
0.7284414,1.6021665,9.8407482,16.3950812,63.5415950
0.7100884,1.5900453,9.8606973,16.3753397,63.6030960
0.7185482,1.5693000,9.8777024,16.3628507,63.6610850
0.7577622,1.5368479,9.8908264,16.3578105,63.7186580
0.8296194,1.4903156,9.8997205,16.3603158,63.7812440
0.9336284,1.4285339,9.9043016,16.3702803,63.8518260
1.0664802,1.3517915,9.9052461,16.3874517,63.9095670
1.2221122,1.2620395,9.9035539,16.4113336,63.9677710
1.3921635,1.1629258,9.9001815,16.4411170,64.0263380
1.5661867,1.0594028,9.8963790,16.4756608,64.0868240
1.7322145,0.9580097,9.8931058,16.5135902,64.1451130
1.8779489,0.8649168,9.8911896,16.5532948,64.2503890
1.9917578,0.7865929,9.8916707,16.5929673,64.3093050
2.0637528,0.7286513,9.8952804,16.6307289,64.3703820
2.0868394,0.6954252,9.9024695,16.6646230,64.4287010
2.0574621,0.6894381,9.9133056,16.6927247,64.4872110
1.9759317,0.7111034,9.9272013,16.7132387,64.5469510
1.8467425,0.7585930,9.9433161,16.7245327,64.6207560
1.6782790,0.8279692,9.9603813,16.7252106,64.6816170
1.4821655,0.9135420,9.9774049,16.7141644,64.7419270
1.2724004,1.0084957,9.9933952,16.6906400,64.8004820
1.0639476,1.1055051,10.0075528,16.6542550,64.8585370
0.8714351,1.1975386,10.0192667,16.6050419,64.9327570
0.7077873,1.2785683,10.0282636,16.5434753,64.9942220
0.5828983,1.3441133,10.0345868,16.4704440,65.0531310
0.5029656,1.3918078,10.0386417,16.3872949,65.1123190
0.4699705,1.4216043,10.0413493,16.2958247,65.1737220
0.4816174,1.4357494,10.0439540,16.1982219,65.2316060
0.5318136,1.4381669,10.0472706,16.0970285,65.3052370
0.6113172,1.4345652,10.0527011,15.9950026,65.3668400
0.7087911,1.4310032,10.0608635,15.8949780,65.4272840
0.8121292,1.4334584,10.0720360,15.7997425,65.4885360
0.9098296,1.4469969,10.0862310,15.7118690,65.5465260
0.9921890,1.4750754,10.1027891,15.6336455,65.6040030
1.0523312,1.5190516,10.1204258,15.5669933,65.7135040
1.0868481,1.5779161,10.1372874,15.5133904,65.7708700
1.0960402,1.6481213,10.1508887,15.4738658,65.8332800
1.0837620,1.7240582,10.1586901,15.4489765,65.8909390
1.0566994,1.7986840,10.1579209,15.4388249,65.9487200
1.0234751,1.8642049,10.1468868,15.4431603,66.0102460
0.9934053,1.9132176,10.1242508,15.4614974,66.0809730
0.9751992,1.9392854,10.0896232,15.4931930,66.1383490
0.9760094,1.9374740,10.0433188,15.5375825,66.1977060
1.0002817,1.9051070,9.9866582,15.5940376,66.2595950
1.0490779,1.8420135,9.9217115,15.6619445,66.3204270
1.1198743,1.7507865,9.8512391,15.7408020,66.3826620
1.2063272,1.6368656,9.7786189,15.8302065,66.4526490
1.2995239,1.5079763,9.7075576,15.9297863,66.5125920
1.3879143,1.3735026,9.6415579,16.0391797,66.5747390
1.4596762,1.2435700,9.5841755,16.1578868,66.6355880
1.5031789,1.1280475,9.5382770,16.2851290,66.6930790
1.5086595,1.0356643,9.5060965,16.4198138,66.7523760
1.4694286,0.9730996,9.4891142,16.5604985,66.8226610
1.3826346,0.9444787,9.4879022,16.7053962,66.8807130
1.2494765,0.9510664,9.5021475,16.8524556,66.9416390
1.0754215,0.9911506,9.5306951,16.9994469,67.0004400
0.8698290,1.0603098,9.5716720,17.1440920,67.0631580
0.6451670,1.1518047,9.6226772,17.2841850,67.1211600
0.4161231,1.2572274,9.6808783,17.4177295,67.2329830
0.1982560,1.3673360,9.7432928,17.5430468,67.2918340
0.0065324,1.4729867,9.8068594,17.6588351,67.3492910
-0.1459657,1.5659952,9.8685482,17.7642533,67.4121420
-0.2490103,1.6397248,9.9259510,17.8589112,67.4699090
-0.2962087,1.6897050,9.9772218,17.9428236,67.5445840
-0.2856928,1.7139138,10.0206574,18.0163269,67.6074860
-0.2200105,1.7127843,10.0549259,18.0800039,67.6650020
-0.1059475,1.6891525,10.0792455,18.1346008,67.7250030
0.0461692,1.6477482,10.0933251,18.1809622,67.7870890
0.2237448,1.5946164,10.0971535,18.2200272,67.8445480
0.4127718,1.5363695,10.0910235,18.2527769,67.9192100
0.5989055,1.4793619,10.0757601,18.2802587,67.9816780
0.7688497,1.4290508,10.0525909,18.3036534,68.0392390
0.9112196,1.3892725,10.0233540,18.3243093,68.0996530
1.0175637,1.3620060,9.9902983,18.3438450,68.1582250
1.0833281,1.3473898,9.9556845,18.3642312,68.2161790
1.1079554,1.3433635,9.9218467,18.3877771,68.2944080
1.0944995,1.3468112,9.8907206,18.4171154,68.3526960
1.0493509,1.3526390,9.8640073,18.4550765,68.4131060
0.9814018,1.3554958,9.8434823,18.5044556,68.4745870
0.9010480,1.3499698,9.8305458,18.5678392,68.5321150
0.8191924,1.3313172,9.8262865,18.6473790,68.5951930
0.7460419,1.2960979,9.8311858,18.7445329,68.7016450
0.6899195,1.2427606,9.8446429,18.8599056,68.7593990
0.6565171,1.1719227,9.8653386,18.9930523,68.8223640
0.6482037,1.0864123,9.8909366,19.1423121,68.8844110
0.6640035,0.9912146,9.9188210,19.3049058,68.9423090
0.6999379,0.8932055,9.9460391,19.4770712,69.0055290
0.7494377,0.8005325,9.9696383,19.6542801,69.0752670
0.8042343,0.7219866,9.9868056,19.8316329,69.1328180
0.8553307,0.6661087,9.9952447,20.0041415,69.1943170
0.8936103,0.6401871,9.9931672,20.1670767,69.2530440
0.9110958,0.6495409,9.9795771,20.3163902,69.3104720
0.9017995,0.6968831,9.9548460,20.4490165,69.3708910
0.8624243,0.7820449,9.9205004,20.5631804,69.4406610
0.7928938,0.9014696,9.8782267,20.6585919,69.4996520
0.6963333,1.0490073,9.8308432,20.7364426,69.5616490
0.5787151,1.2156287,9.7817540,20.7993303,69.6200110
0.4482814,1.3905109,9.7332871,20.8509871,69.6818380
0.3147720,1.5611247,9.6889753,20.8958753,69.7407030
0.1884280,1.7158095,9.6520012,20.9387986,69.8111980
0.0789886,1.8435159,9.6254277,20.9844350,69.8736230
-0.0052989,1.9352950,9.6116557,21.0369206,69.9312170
-0.0584906,1.9848473,9.6118718,21.0995233,69.9932010
-0.0775499,1.9892115,9.6263284,21.1743383,70.0513850
-0.0627507,1.9488323,9.6537897,21.2620932,70.1562740
-0.0174606,1.8677921,9.6927453,21.3621432,70.2187620
0.0521948,1.7537612,9.7396929,21.4726002,70.2768930
0.1380040,1.6172494,9.7915967,21.5905549,70.3361580
0.2307353,1.4709607,9.8448438,21.7124629,70.3951220
0.3208613,1.3285171,9.8959322,21.8344908,70.4528960
0.3995067,1.2031740,9.9415109,21.9528408,70.5286790
0.4594412,1.1067481,9.9787640,22.0641654,70.5887660
0.4953758,1.0483811,10.0057651,22.1658485,70.6471580
0.5052931,1.0339450,10.0215871,22.2562832,70.7057140
0.4894772,1.0656738,10.0260748,22.3350436,70.7646450
0.4515062,1.1418085,10.0202695,22.4028820,70.8222020
0.3970642,1.2567385,10.0056402,22.4616653,70.8988780
0.3334294,1.4015033,9.9842721,22.5141154,70.9562190
0.2687301,1.5644536,9.9587756,22.5635377,71.0136720
0.2109593,1.7323150,9.9316857,22.6135109,71.0729930
0.1669717,1.8914095,9.9056955,22.6675061,71.1316750
0.1417976,2.0287997,9.8829818,22.7286169,71.1893320
0.1380977,2.1336071,9.8649762,22.7993444,71.2678450
0.1558505,2.1978791,9.8522986,22.8813526,71.3256080
0.1923311,2.2171397,9.8446802,22.9753286,71.3854990
0.2424164,2.1909173,9.8411641,23.0809986,71.4466730
0.2991175,2.1226587,9.8400943,23.1971222,71.5043470
0.3542932,2.0193529,9.8394381,23.3216649,71.5649470
0.3996393,1.8910942,9.8377181,23.4520793,71.6695160
0.4275459,1.7498345,9.8330215,23.5854960,71.7268930
0.4316814,1.6083236,9.8241692,23.7189707,71.7857950
0.4078489,1.4789104,9.8104552,23.8497790,71.8441560
0.3544473,1.3722300,9.7918678,23.9756317,71.9049570
0.2726698,1.2964831,9.7691189,24.0948648,71.9642230
0.1667834,1.2568549,9.7436314,24.2066029,72.0358130
0.0436767,1.2550794,9.7174278,24.3107627,72.0956280
-0.0877381,1.2894927,9.6928274,24.4080023,72.1545000
-0.2172547,1.3553189,9.6722524,24.4995650,72.2159930
-0.3343887,1.4450804,9.6581739,24.5870370,72.2768240
-0.4292607,1.5495152,9.6526889,24.6721060,72.3346790
-0.4934691,1.6587443,9.6573619,24.7562652,72.4081700
-0.5208776,1.7631895,9.6730464,24.8405653,72.4692790
-0.5081811,1.8543243,9.6993219,24.9254420,72.5299350
-0.4552570,1.9255432,9.7346633,25.0105305,72.5899270
-0.3653030,1.9729243,9.7766150,25.0945477,72.6483310
-0.2445277,1.9954535,9.8218385,25.1753807,72.7186160
-0.1015623,1.9949340,9.8666474,25.2502260,72.7808090
0.0532151,1.9756520,9.9072047,25.3158079,72.8385520
0.2086752,1.9438404,9.9397309,25.3687542,72.8992460
0.3538443,1.9068401,9.9610064,25.4059017,72.9577730
0.4786262,1.8720760,9.9686789,25.4245486,73.0165340
0.5747631,1.8461900,9.9615707,25.4228669,73.1226020
0.6364834,1.8341903,9.9399292,25.4001921,73.1849570
0.6609634,1.8387857,9.9052926,25.3571846,73.2424110
0.6485930,1.8601543,9.8603331,25.2960194,73.3048800
0.6029746,1.8957325,9.8087259,25.2202796,73.3630160
0.5303965,1.9402861,9.7545366,25.1347367,73.4204940
0.4392959,1.9866099,9.7020301,25.0450750,73.4984630
0.3393947,2.0261677,9.6557538,24.9574281,73.5560440
0.2408917,2.0500532,9.6199298,24.8779150,73.6133040
0.1536125,2.0502620,9.5981246,24.8121317,73.6717860
0.0860966,2.0203791,9.5926011,24.7646577,73.7304630
0.0449243,1.9563000,9.6050233,24.7386724,73.7880560
0.0341171,1.8572411,9.6343358,24.7356376,73.8650690
0.0546636,1.7248912,9.6787270,24.7551545,73.9227950
0.1045916,1.5652033,9.7349605,24.7949719,73.9831860
0.1791807,1.3870959,9.7991347,24.8511344,74.0455670
0.2713089,1.2021202,9.8667886,24.9183442,74.1030270
0.3721949,1.0236113,9.9328011,24.9904519,74.1629790
0.4720805,0.8656177,9.9920073,25.0609925,74.2396480
0.5607847,0.7414162,10.0407282,25.1237784,74.2973010
0.6287543,0.6625287,10.0753533,25.1734584,74.3570640
0.6679246,0.6376656,10.0930923,25.2059507,74.4189020
0.6722556,0.6718090,10.0928798,25.2188669,74.4765410
0.6386021,0.7660379,10.0747478,25.2117834,74.5370470
0.5667997,0.9170966,10.0400510,25.1862637,74.6411910
0.4594704,1.1174078,9.9910991,25.1457754,74.7003340
0.3220980,1.3558501,9.9311757,25.0954047,74.7595440
0.1623739,1.6182851,9.8643899,25.0413784,74.8206980
-0.0103268,1.8888095,9.7952419,24.9906440,74.8786850
-0.1854801,2.1510445,9.7284053,24.9503650,74.9510900
-0.3525722,2.3897046,9.6684381,24.9273711,75.0096330
-0.5018432,2.5911503,9.6190367,24.9277984,75.0693670
-0.6250928,2.7448307,9.5829568,24.9566531,75.1311730
-0.7164637,2.8440859,9.5621210,25.0174719,75.1893590
-0.7726115,2.8866097,9.5568890,25.1122438,75.2519170
-0.7928799,2.8748366,9.5667135,25.2413101,75.3215330
-0.7792463,2.8154772,9.5898271,25.4034455,75.3819080
-0.7360578,2.7184797,9.6229288,25.5960936,75.4463260
-0.6695701,2.5965939,9.6618570,25.8155153,75.5041800
-0.5869490,2.4644222,9.7019547,26.0569796,75.5618780
-0.4964885,2.3368092,9.7382841,26.3150834,75.6202230
-0.4057109,2.2274295,9.7657643,26.5840156,75.6908880
-0.3213590,2.1476891,9.7793713,26.8578090,75.7483090
-0.2486909,2.1062609,9.7754096,27.1306472,75.8108890
-0.1910630,2.1082322,9.7506171,27.3970159,75.8692610
-0.1498137,2.1547911,9.7032742,27.6518146,75.9266390
-0.1241322,2.2435964,9.6330889,27.8905043,75.9897160
-0.1112649,2.3686826,9.5412833,28.1091671,76.0941340
-0.1069023,2.5212848,9.4304595,28.3045761,76.1523760
-0.1056470,2.6929394,9.3052361,28.4742552,76.2109720
-0.1018096,2.8722490,9.1702584,28.6164485,76.2686620
-0.0900229,3.0495222,9.0317498,28.7301734,76.3310710
-0.0659611,3.2161264,8.8961772,28.8151887,76.4041000
-0.0270756,3.3657258,8.7701961,28.8719197,76.4648480
0.0272530,3.4944413,8.6598591,28.9015321,76.5267900
0.0954988,3.6014313,8.5702939,28.9058952,76.5846650
0.1740475,3.6885568,8.5052231,28.8875376,76.6421030
0.2576495,3.7592476,8.4662578,28.8496310,76.7008050
0.3397323,3.8186867,8.4532255,28.7958982,76.7745940
0.4129548,3.8738870,8.4644538,28.7305205,76.8321540
0.4700130,3.9318838,8.4965445,28.6580037,76.8913950
0.5043810,3.9987346,8.5450028,28.5830082,76.9498110
0.5110782,4.0791317,8.6044065,28.5102616,77.0075470
0.4873303,4.1761124,8.6687471,28.4444755,77.0689370
0.4329583,4.2905044,8.7320489,28.3901632,77.1426520
0.3505532,4.4205690,8.7888605,28.3514558,77.2006410
0.2453502,4.5624541,8.8346819,28.3319508,77.2596120
0.1248984,4.7106705,8.8663642,28.3345825,77.3178600
-0.0016364,4.8584575,8.8824116,28.3614711,77.3796960
-0.1241778,4.9985429,8.8832240,28.4138195,77.4389710
-0.2326693,5.1237752,8.8708028,28.4918037,77.5459740
-0.3179656,5.2276058,8.8483171,28.5944962,77.6044710
-0.3726724,5.3047798,8.8197859,28.7198676,77.6684230
-0.3918589,5.3517277,8.7895149,28.8648177,77.7297840
-0.3735628,5.3669025,8.7616883,29.0253180,77.7877080
-0.3188994,5.3511035,8.7399306,29.1966047,77.8475990
-0.2320683,5.3073130,8.7268910,29.3733987,77.9182390
-0.1200916,5.2404680,8.7239492,29.5501679,77.9789050
0.0079051,5.1569534,8.7310436,29.7214706,78.0436910
0.1415836,5.0640039,8.7468618,29.8823098,78.1019080
0.2697645,4.9690783,8.7689639,30.0284593,78.1592430
0.3821942,4.8791139,8.7942072,30.1567652,78.2336830
0.4699608,4.8000363,8.8193184,30.2653847,78.2924050
0.5263985,4.7362385,8.8409216,30.3539469,78.3556550
0.5476788,4.6902028,8.8558596,30.4236181,78.4170410
0.5329987,4.6623326,8.8631012,30.4771032,78.4747630
0.4847407,4.6508575,8.8617907,30.5184524,78.5323050
0.4084189,4.6520684,8.8531420,30.5527095,78.6063290
0.3120712,4.6606516,8.8398241,30.5855945,78.6685330
0.2056496,4.6702698,8.8258636,30.6231040,78.7258580
0.1000988,4.6742011,8.8161391,30.6709921,78.7852560
0.0060668,4.6658870,8.8158925,30.7343290,78.8436250
-0.0668695,4.6396226,8.8302055,30.8170393,78.9012940
-0.1110897,4.5908305,8.8628542,30.9214529,79.0111140
-0.1216664,4.5169142,8.9166126,31.0480951,79.0704140
-0.0964969,4.4179620,8.9920604,31.1955919,79.1303450
-0.0366340,4.2965417,9.0876322,31.3606350,79.1888980
0.0538154,4.1578364,9.1995060,31.5381579,79.2462980
0.1680535,4.0091904,9.3215529,31.7216211,79.3113990
0.2969758,3.8597688,9.4458706,31.9033678,79.3812990
0.4299188,3.7198664,9.5632577,32.0751775,79.4413720
0.5554001,3.6002791,9.6640976,32.2288276,79.5036030
0.6621182,3.5116568,9.7392006,32.3567421,79.5615440
0.7396260,3.4631566,9.7802174,32.4526468,79.6220100
0.7789367,3.4618540,9.7805561,32.5120888,79.6817390
0.7738870,3.5121168,9.7361554,32.5328859,79.7521940
0.7202556,3.6160747,9.6460063,32.5153686,79.8097200
0.6170731,3.7718877,9.5122960,32.4624820,79.8681440
0.4663098,3.9744217,9.3403637,32.3797086,79.9293200
0.2726839,4.2156193,9.1385157,32.2748013,79.9872260
0.0435074,4.4848163,8.9172571,32.1573365,80.0474550
-0.2118419,4.7692744,8.6885792,32.0380819,80.1183830
-0.4824203,5.0552247,8.4651578,31.9283064,80.1800720
-0.7563909,5.3283956,8.2594428,31.8390004,80.2382290
-1.0217331,5.5744362,8.0824852,31.7801135,80.3000420
-1.2668266,5.7828079,7.9443209,31.7598989,80.3624090
-1.4812224,5.9432860,7.8512993,31.7843009,80.4638790
-1.6561499,6.0495665,7.8071727,31.8565643,80.5320100
-1.7850597,6.0985032,7.8124201,31.9769988,80.5902930
-1.8642499,6.0904610,7.8645931,32.1428883,80.6478040
-1.8929026,6.0294652,7.9583717,32.3487217,80.7105510
-1.8731052,5.9225356,8.0862471,32.5865726,80.7681740
-1.8096706,5.7796154,8.2390045,32.8467251,80.8410720
-1.7095402,5.6120643,8.4058880,33.1183901,80.9074980
-1.5814209,5.4318570,8.5754960,33.3904493,80.9650850
-1.4352910,5.2519375,8.7367784,33.6523245,81.0226760
-1.2815969,5.0850439,8.8796010,33.8946695,81.0819870
-1.1306529,4.9412436,8.9952321,34.1099144,81.1405680
-0.9919053,4.8300802,9.0776222,34.2927828,81.2140470
-0.8732055,4.7577768,9.1228003,34.4406253,81.2784130
-0.7805162,4.7280563,9.1294777,34.5534704,81.3368060
-0.7175517,4.7414330,9.0989507,34.6338877,81.3949140
-0.6856886,4.7954468,9.0351185,34.6866919,81.4569500
-0.6840516,4.8849975,8.9440656,34.7184754,81.5150570
-0.7096973,5.0028004,8.8334185,34.7369871,81.5882760
-0.7579469,5.1402527,8.7129295,34.7504918,81.6495350
-0.8228649,5.2878865,8.5927459,34.7670646,81.7072310
-0.8977238,5.4353576,8.4812899,34.7939218,81.7673930
-0.9757515,5.5727189,8.3890859,34.8368826,81.8289210
-1.0506733,5.6924903,8.3234016,34.8999057,81.8865740
-1.1172802,5.7876721,8.2898939,34.9848034,81.9960950
-1.1718977,5.8536835,8.2917781,35.0911359,82.0534410
-1.2125487,5.8879976,8.3294019,35.2163125,82.1132150
-1.2392227,5.8906523,8.4001226,35.3558192,82.1714470
-1.2538906,5.8639281,8.4984096,35.5036345,82.2318130
-1.2599286,5.8119865,8.6161683,35.6527713,82.2951100
-1.2624612,5.7406854,8.7433242,35.7958674,82.3647100
-1.2669926,5.6568495,8.8685465,35.9258265,82.4223230
-1.2795379,5.5678162,8.9801641,36.0364406,82.4808140
-1.3055592,5.4810777,9.0671257,36.1229306,82.5432100
-1.3496399,5.4034080,9.1199644,36.1823610,82.6020920
-1.4150549,5.3403639,9.1316480,36.2139608,82.6729080
-1.5032817,5.2959489,9.0982711,36.2192139,82.7335050
-1.6136796,5.2722708,9.0194144,36.2017397,82.7948330
-1.7434874,5.2695241,8.8982414,36.1670512,82.8528760
-1.8878621,5.2860147,8.7415024,36.1221634,82.9161790
-2.0402180,5.3183234,8.5589101,36.0750287,82.9749500
-2.1928066,5.3618134,8.3624766,36.0339419,83.0443560
-2.3372016,5.4110501,8.1656597,36.0068466,83.1060620
-2.4649413,5.4598140,7.9815202,36.0006360,83.1637070
-2.5682438,5.5017135,7.8224551,36.0206063,83.2245040
-2.6406471,5.5314907,7.6985500,36.0699948,83.2829880
-2.6776384,5.5445238,7.6169797,36.1497261,83.3416180
-2.6770670,5.5378975,7.5816033,36.2583223,83.4441330
-2.6394162,5.5103860,7.5926491,36.3919785,83.5056990
-2.5677612,5.4625211,7.6468109,36.5448669,83.5634330
-2.4675696,5.3966402,7.7375812,36.7095536,83.6216470
-2.3465311,5.3166105,7.8559810,36.8775020,83.6832430
-2.2138559,5.2275185,7.9914221,37.0397448,83.7410370
-2.0795934,5.1347465,8.1327552,37.1875471,83.8112620
-1.9538948,5.0448746,8.2693222,37.3130158,83.8764250
-1.8459577,4.9630196,8.3916133,37.4097207,83.9339080
-1.7634484,4.8943222,8.4921040,37.4730898,83.9964270
-1.7119909,4.8424572,8.5656952,37.5006422,84.0541970
-1.6946603,4.8096554,8.6098994,37.4921312,84.1243000
-1.7119035,4.7967280,8.6250397,37.4494693,84.1896690
-1.7615094,4.8030658,8.6138306,37.3765025,84.2472650
-1.8387684,4.8268112,8.5808172,37.2786640,84.3073270
-1.9369850,4.8652232,8.5317849,37.1625058,84.3692050
-2.0480808,4.9148902,8.4730659,37.0351931,84.4269990
-2.1632428,4.9722236,8.4108912,36.9039987,84.5010400
-2.2736436,5.0337371,8.3508982,36.7758234,84.5654690
-2.3710913,5.0963236,8.2976744,36.6568024,84.6229570
-2.4485057,5.1577385,8.2543536,36.5520211,84.6829680
-2.5003890,5.2166571,8.2225927,36.4653161,84.7416360
-2.5231415,5.2722903,8.2026101,36.3992291,84.8496420
-2.5151078,5.3248731,8.1934017,36.3550402,84.9091960
-2.4765636,5.3749111,8.1931981,36.3328204,84.9669990
-2.4095285,5.4231167,8.1997430,36.3316516,85.0269120
-2.3173783,5.4704277,8.2107078,36.3498674,85.0851870
-2.2045480,5.5175998,8.2239729,36.3852751,85.1440920
-2.0762749,5.5649080,8.2376977,36.4354038,85.2193910
-1.9381336,5.6125710,8.2506888,36.4976917,85.2770650
-1.7957379,5.6588686,8.2617950,36.5696175,85.3379880
-1.6544439,5.7031280,8.2708455,36.6488122,85.3962170
-1.5189109,5.7437363,8.2777774,36.7331539,85.4536450
-1.3930547,5.7790615,8.2827337,36.8207768,85.5166180
-1.2799694,5.8076831,8.2857547,36.9100374,85.5872330
-1.1818772,5.8286307,8.2866862,36.9994954,85.6446860
-1.1003161,5.8414197,8.2853056,37.0879098,85.7031520
-1.0361294,5.8461524,8.2808456,37.1741947,85.7618870
-0.9895838,5.8438393,8.2730481,37.2574066,85.8225040
-0.9604812,5.8364449,8.2619245,37.3367477,85.8971980
-0.9480904,5.8258506,8.2451060,37.4115509,85.9558250
-0.9513094,5.8135641,8.2229451,37.4813186,86.0131830
-0.9687168,5.8026740,8.1949052,37.5457834,86.0716440
-0.9986175,5.7952412,8.1609379,37.6049441,86.1305700
-1.0392123,5.7931718,8.1215671,37.6590545,86.1930600
-1.0885852,5.7976413,8.0778884,37.7086597,86.3008840
-1.1446972,5.8092340,8.0314568,37.7546062,86.3583140
-1.2054333,5.8278101,7.9842192,37.7979957,86.4205400
-1.2687272,5.8523212,7.9383851,37.8401524,86.4825140
-1.3326748,5.8810321,7.8962558,37.8825382,86.5403060
