0.0000776,-0.0000647,0.0029764,0.0005919,2.5034440
0.0002289,-0.0002472,0.0082066,0.0016018,2.5651520
0.0004669,-0.0006523,0.0158741,0.0030343,2.6224790
0.0007553,-0.0012097,0.0262241,0.0048892,2.6799330
0.0010469,-0.0019883,0.0393004,0.0071240,2.7391940
0.0012938,-0.0029869,0.0548157,0.0096172,2.8910940
0.0013508,-0.0043412,0.0719705,0.0121252,2.9510090
0.0012320,-0.0057641,0.0884799,0.0142435,3.0116390
0.0008505,-0.0070165,0.1023217,0.0154262,3.0736480
-0.0002291,-0.0081019,0.1098035,0.0150430,3.1311930
-0.0017675,-0.0085325,0.1071511,0.0124267,3.1890280
-0.0039563,-0.0081455,0.0904033,0.0069560,3.3436910
-0.0067360,-0.0065076,0.0561389,-0.0017814,3.4048880
-0.0100377,-0.0032616,0.0020033,-0.0139055,3.4635070
-0.0135977,0.0017267,-0.0724893,-0.0290502,3.5242290
-0.0169884,0.0087324,-0.1652886,-0.0461519,3.5827260
-0.0196738,0.0177362,-0.2713882,-0.0635314,3.6412450
-0.0209143,0.0289274,-0.3823802,-0.0787812,3.7913290
-0.0199109,0.0415652,-0.4871241,-0.0889842,3.8486910
-0.0159554,0.0549729,-0.5717630,-0.0911232,3.9093870
-0.0084967,0.0677260,-0.6199843,-0.0820937,3.9673690
0.0030471,0.0783420,-0.6142953,-0.0590545,4.0248550
0.0187371,0.0849419,-0.5373103,-0.0198051,4.0829900
0.0379032,0.0855055,-0.3733400,0.0369599,4.4342310
0.0597529,0.0779160,-0.1095286,0.1111788,4.4944310
0.0827161,0.0593198,0.2626643,0.2011949,4.5564770
0.1046392,0.0281235,0.7468022,0.3036652,4.6174170
0.1231779,-0.0181381,1.3404993,0.4135910,4.6750100
0.1351895,-0.0803538,2.0353405,0.5246140,4.7507140
0.1376870,-0.1590734,2.8171753,0.6295857,4.8098530
0.1277266,-0.2535566,3.6666298,0.7210255,4.8674300
0.1028319,-0.3618526,4.5603773,0.7915729,4.9327490
0.0612515,-0.4804861,5.4724270,0.8350117,4.9906900
0.0021100,-0.6039327,6.3758236,0.8469695,5.0480140
-0.0742052,-0.7254340,7.2439581,0.8256006,5.1220650
-0.1658597,-0.8367954,8.0525480,0.7722821,5.1812980
-0.2694026,-0.9286299,8.7803982,0.6917940,5.2419080
-0.3805028,-0.9906764,9.4110882,0.5923775,5.3014810
-0.4932998,-1.0120442,9.9331685,0.4857145,5.3600010
-0.6015183,-0.9823413,10.3402756,0.3866437,5.4175360
-0.6989909,-0.8921097,10.6309654,0.3124498,5.5020690
-0.7790267,-0.7330299,10.8089039,0.2821048,5.5598630
-0.8365286,-0.4992211,10.8811038,0.3151292,5.6202350
-0.8665767,-0.1870604,10.8567719,0.4302283,5.6814970
-0.8667771,0.2042761,10.7472102,0.6441629,5.7393550
-0.8361581,0.6725438,10.5648931,0.9704658,5.7991350
-0.7759059,1.2115277,10.3229167,1.4181662,5.9070160
-0.6901136,1.8123009,10.0339110,1.9907393,5.9675510
-0.5840488,2.4616061,9.7102031,2.6852760,6.0262850
-0.4645608,3.1437037,9.3637954,3.4920084,6.0869690
-0.3399515,3.8399382,9.0063549,4.3942580,6.1489990
-0.2187531,4.5295461,8.6492210,5.3688277,6.2066290
-0.1096374,5.1900234,8.3035869,6.3868378,6.2789830
-0.0208978,5.7984820,7.9806324,7.4149952,6.3403400
0.0403327,6.3320662,7.6910899,8.4172219,6.4007960
0.0686005,6.7693248,7.4450692,9.3565438,6.4612820
0.0604083,7.0910951,7.2515707,10.1971430,6.5190260
0.0143885,7.2815679,7.1179803,10.9064285,6.5900150
-0.0686332,7.3291426,7.0494462,11.4569375,6.6487220
-0.1857638,7.2271203,7.0482928,11.8279487,6.7068080
-0.3323286,6.9742733,7.1136505,12.0067617,6.7713840
-0.5022724,6.5750171,7.2412086,11.9894499,6.8291230
-0.6886414,6.0396082,7.4232458,11.7810620,6.8889700
-0.8841138,5.3832684,7.6491731,11.3952726,6.9630620
-1.0815161,4.6258173,7.9056924,10.8534558,7.0206630
-1.2742965,3.7912228,8.1774048,10.1831637,7.0837280
-1.4568149,2.9055527,8.4521299,9.4172909,7.1456750
-1.6248083,1.9961915,8.7154504,8.5906847,7.2034290
-1.7754196,1.0902764,8.9546291,7.7386811,7.2610870
-1.9073241,0.2137355,9.1595658,6.8950106,7.3696260
-2.0206138,-0.6104034,9.3231590,6.0899542,7.4268710
-2.1162299,-1.3622087,9.4416795,5.3488938,7.4854450
-2.1964371,-2.0273513,9.5150912,4.6911026,7.5436060
-2.2636995,-2.5958821,9.5449366,4.1290335,7.6016300
-2.3207062,-3.0631253,9.5368090,3.6682323,7.6630990
-2.3701461,-3.4295328,9.4974630,3.3077425,7.7358580
-2.4140105,-3.7007527,9.4350394,3.0407672,7.7961830
-2.4540054,-3.8848180,9.3575778,2.8557299,7.8571440
-2.4911312,-3.9940892,9.2719391,2.7375425,7.9150070
-2.5254609,-4.0425343,9.1848174,2.6687801,7.9723500
-2.5565525,-4.0454319,9.1014851,2.6311781,8.0339090
-2.5841253,-4.0175398,9.0255861,2.6070701,8.1048380
-2.6077897,-3.9725240,8.9591044,2.5802969,8.1621460
-2.6269768,-3.9217716,8.9030666,2.5371774,8.2214510
-2.6412345,-3.8740368,8.8569785,2.4671094,8.2798380
-2.6507860,-3.8356692,8.8201316,2.3626240,8.3402600
-2.6569221,-3.8109027,8.7908079,2.2197302,8.4026830
-2.6609990,-3.8011083,8.7683550,2.0379875,8.4721960
-2.6647139,-3.8063934,8.7524869,1.8203561,8.5296350
-2.6699538,-3.8250246,8.7431581,1.5731858,8.5933700
-2.6785809,-3.8548885,8.7408094,1.3059097,8.6512840
-2.6914359,-3.8949353,8.7458734,1.0307526,8.7120580
-2.7084217,-3.9424242,8.7588365,0.7623910,8.7739730
-2.7275464,-3.9973883,8.7797246,0.5174541,8.8771260
-2.7453682,-4.0594535,8.8076216,0.3139533,8.9396930
-2.7564372,-4.1298129,8.8405648,0.1707603,8.9982540
-2.7535209,-4.2094730,8.8753315,0.1067517,9.0559610
-2.7278658,-4.3001430,8.9076665,0.1395235,9.1155800
-2.6696839,-4.4032424,8.9323084,0.2845395,9.1732290
-2.5687660,-4.5191687,8.9435312,0.5540772,9.2474410
-2.4155780,-4.6475638,8.9351893,0.9562373,9.3061800
-2.2018431,-4.7868768,8.9015208,1.4943490,9.3648570
-1.9209668,-4.9343534,8.8373908,2.1663101,9.4261670
-1.5696563,-5.0861007,8.7390773,2.9642091,9.4839840
-1.1473938,-5.2367783,8.6045843,3.8744667,9.5424590
-0.6571714,-5.3805351,8.4341793,4.8784085,9.6192150
-0.1060245,-5.5110984,8.2301359,5.9530382,9.6769230
0.4952150,-5.6225172,7.9959947,7.0723173,9.7370550
1.1334887,-5.7098556,7.7389194,8.2084658,9.7979200
1.7940172,-5.7710161,7.4658679,9.3332515,9.8554340
2.4598434,-5.8016868,7.1850581,10.4195683,9.9154610
3.1145638,-5.8013752,6.9047725,11.4428394,9.9890100
3.7428912,-5.7718567,6.6341022,12.3822415,10.0464950
4.3296356,-5.7166197,6.3804941,13.2216328,10.1049590
4.8635622,-5.6388965,6.1501137,13.9501052,10.1635530
5.3357719,-5.5453551,5.9482998,14.5622007,10.2214340
5.7410564,-5.4417582,5.7778629,15.0577292,10.2827690
6.0781548,-5.3334680,5.6403297,15.4412892,10.3894650
6.3483322,-5.2251893,5.5352781,15.7215387,10.4534920
6.5559474,-5.1213664,5.4611938,15.9102798,10.5117860
6.7079371,-5.0243128,5.4153862,16.0214453,10.5723930
6.8130719,-4.9351255,5.3944265,16.0700798,10.6349480
6.8808125,-4.8533009,5.3944671,16.0713724,10.6924580
6.9211206,-4.7771749,5.4116313,16.0398309,10.7629200
6.9436583,-4.7042866,5.4421989,15.9886719,10.8239410
6.9572965,-4.6317397,5.4827257,15.9293266,10.8816050
6.9692159,-4.5566170,5.5300636,15.8712375,10.9446150
6.9842809,-4.4779262,5.5816536,15.8218599,11.0031570
7.0064567,-4.3941858,5.6345952,15.7867184,11.0609990
7.0383902,-4.3053144,5.6869647,15.7696399,11.1363960
7.0797791,-4.2134432,5.7366311,15.7730388,11.1937910
7.1291094,-4.1217919,5.7814920,15.7982342,11.2541090
7.1850204,-4.0330982,5.8202021,15.8457236,11.3133200
7.2434150,-3.9511704,5.8497577,15.9154194,11.3719480
7.3025644,-3.8802694,5.8698543,16.0068809,11.4297740
7.3589489,-3.8220665,5.8784936,16.1190267,11.5048610
7.4094335,-3.7799126,5.8762275,16.2509007,11.5651520
7.4527496,-3.7529994,5.8622319,16.4011787,11.6225880
7.4871569,-3.7404516,5.8375267,16.5683783,11.6840970
7.5122790,-3.7396690,5.8031877,16.7506877,11.7422550
7.5289250,-3.7472302,5.7616253,16.9460338,11.8013410
7.5384018,-3.7578007,5.7149166,17.1522167,11.9069510
7.5433569,-3.7675595,5.6676092,17.3669071,11.9646960
7.5466750,-3.7712096,5.6230464,17.5877670,12.0232000
7.5514958,-3.7642239,5.5835488,17.8125706,12.0808740
7.5610432,-3.7434397,5.5511148,18.0391755,12.1432830
7.5787153,-3.7071599,5.5273456,18.2656321,12.2042880
7.6067680,-3.6557880,5.5126142,18.4902292,12.2748980
7.6463407,-3.5908769,5.5060346,18.7115585,12.3363000
7.6973499,-3.5162432,5.5056952,18.9284619,12.3938400
7.7592516,-3.4362917,5.5083388,19.1399974,12.4540490
7.8300788,-3.3559093,5.5107809,19.3454246,12.5154050
7.9069950,-3.2821525,5.5084364,19.5440860,12.5764260
7.9854982,-3.2204873,5.4973229,19.7353730,12.6458470
8.0609975,-3.1764167,5.4739994,19.9187385,12.7045590
8.1289320,-3.1549122,5.4352757,20.0937298,12.7630590
8.1842656,-3.1596438,5.3793846,20.2600196,12.8206910
8.2231181,-3.1933026,5.3060859,20.4175796,12.8864730
8.2417439,-3.2578395,5.2166615,20.5666893,12.9445170
8.2381570,-3.3501334,5.1119636,20.7079405,13.0139970
8.2114483,-3.4677265,4.9952022,20.8423536,13.0723040
8.1617649,-3.6076405,4.8708270,20.9715476,13.1340840
8.0912130,-3.7648839,4.7439186,21.0977173,13.1918900
8.0031096,-3.9341871,4.6187931,21.2238789,13.2572160
7.9009901,-4.1094072,4.5000191,21.3534614,13.3162700
7.7879663,-4.2852712,4.3921420,21.4902021,13.4259110
7.6700095,-4.4551932,4.2991402,21.6379419,13.4839380
7.5531448,-4.6137691,4.2236134,21.8001887,13.5445170
7.4408355,-4.7580077,4.1671782,21.9801525,13.6039500
7.3366905,-4.8848246,4.1308555,22.1805291,13.6624870
7.2446427,-4.9927849,4.1132307,22.4032529,13.7327550
7.1650365,-5.0812089,4.1141836,22.6493604,13.7957800
7.1009255,-5.1511419,4.1316969,22.9187565,13.8564120
7.0516398,-5.2049193,4.1621958,23.2101728,13.9178240
7.0176965,-5.2460972,4.2029908,23.5211735,13.9804860
6.9985118,-5.2808831,4.2505841,23.8482800,14.0387220
6.9924827,-5.3121726,4.3018285,24.1871630,14.1123840
6.9979359,-5.3439055,4.3535141,24.5328508,14.1703440
7.0128383,-5.3788365,4.4037729,24.8800886,14.2337650
7.0340932,-5.4208272,4.4514747,25.2236898,14.2934020
7.0603863,-5.4672349,4.4959380,25.5588933,14.3515100
7.0890614,-5.5171935,4.5387290,25.8817165,14.4103880
7.1180892,-5.5667552,4.5817760,26.1891924,14.4815480
7.1460412,-5.6096135,4.6284949,26.4795237,14.5433540
7.1706129,-5.6371296,4.6830103,26.7521511,14.6061650
7.1893626,-5.6405455,4.7501532,27.0077128,14.6648260
7.1996732,-5.6098215,4.8350368,27.2478919,14.7229290
7.1985866,-5.5353600,4.9426755,27.4751965,14.8351580
7.1821507,-5.4084992,5.0775684,27.6926581,14.8941530
7.1458677,-5.2225102,5.2433612,27.9034557,14.9530780
7.0847388,-4.9733869,5.4424757,28.1106007,15.0117330
6.9936382,-4.6602548,5.6758722,28.3166188,15.0693240
6.8672726,-4.2852628,5.9427036,28.5233007,15.1286630
6.6996737,-3.8555604,6.2407209,28.7315986,15.2048940
6.4860559,-3.3808368,6.5653351,28.9415360,15.2627870
6.2237348,-2.8731269,6.9107521,29.1522243,15.3251880
5.9104925,-2.3470508,7.2699729,29.3619924,15.3833620
5.5455455,-1.8194423,7.6346700,29.5685884,15.4410860
5.1318891,-1.3058494,7.9971894,29.7694099,15.5067460
4.6725542,-0.8211095,8.3477494,29.9617940,15.5768480
4.1754885,-0.3792854,8.6796103,30.1434160,15.6343700
3.6497208,0.0105050,8.9850406,30.3119979,15.6937330
3.1057807,0.3399451,9.2597559,30.4662416,15.7524920
2.5566783,0.6058653,9.4994022,30.6054694,15.8132730
2.0154112,0.8083474,9.7018069,30.7298263,15.8875050
1.4950492,0.9509186,9.8663883,30.8401909,15.9448500
1.0085958,1.0396648,9.9947208,30.9380878,16.0028470
0.5667499,1.0834596,10.0883058,31.0255624,16.0663940
0.1788104,1.0922697,10.1515205,31.1049789,16.1274250
-0.1486594,1.0759536,10.1886294,31.1787920,16.1851410
-0.4118152,1.0449116,10.2044630,31.2493385,16.2918130
-0.6101072,1.0083305,10.2035277,31.3187015,16.3492470
-0.7456982,0.9741268,10.1903237,31.3885636,16.4116440
-0.8233486,0.9478512,10.1688402,31.4600276,16.4701420
-0.8499981,0.9333651,10.1424804,31.5336348,16.5276490
-0.8346051,0.9323945,10.1140371,31.6093958,16.6017260
-0.7866633,0.9445342,10.0856798,31.6868609,16.6609670
-0.7162968,0.9690319,10.0589058,31.7653157,16.7212160
-0.6324991,1.0027020,10.0346523,31.8439029,16.7799160
-0.5440869,1.0425852,10.0134364,31.9217249,16.8384270
-0.4581120,1.0860775,9.9956862,31.9980048,16.8965270
-0.3800243,1.1299518,9.9811144,32.0722307,16.9694260
-0.3135923,1.1716221,9.9694425,32.1441771,17.0275130
-0.2602745,1.2096801,9.9605968,32.2140171,17.0903620
-0.2206890,1.2405265,9.9552724,32.2822427,17.1490470
-0.1936083,1.2653820,9.9521370,32.3494666,17.2075520
-0.1770062,1.2848408,9.9503853,32.4162732,17.2694530
-0.1688092,1.2993576,9.9497634,32.4832118,17.3390430
-0.1663197,1.3100083,9.9505627,32.5506357,17.4028320
-0.1666379,1.3178747,9.9521054,32.6190140,17.4638740
-0.1674512,1.3245215,9.9537247,32.6886985,17.5216580
-0.1690919,1.3301833,9.9551558,32.7599360,17.5815860
-0.1703373,1.3363646,9.9564342,32.8329244,17.6873270
-0.1690342,1.3444775,9.9574796,32.9075296,17.7483850
-0.1654478,1.3538140,9.9579398,32.9834790,17.8068840
-0.1600933,1.3642686,9.9583280,33.0604594,17.8646840
-0.1518298,1.3751651,9.9576612,33.1381102,17.9269660
-0.1428485,1.3866577,9.9570233,33.2161521,17.9848760
-0.1329243,1.3983024,9.9561090,33.2943533,18.0583680
-0.1227419,1.4100855,9.9551665,33.3724947,18.1199620
-0.1124788,1.4213277,9.9543251,33.4503866,18.1774090
-0.1022759,1.4319017,9.9536937,33.5278798,18.2375930
-0.0922339,1.4417669,9.9533375,33.6048567,18.2989880
-0.0821714,1.4509267,9.9532843,33.6812306,18.3599850
-0.0721577,1.4598873,9.9534226,33.7569429,18.4297150
-0.0626070,1.4678595,9.9539074,33.8319425,18.4892010
-0.0531088,1.4758434,9.9545328,33.9061902,18.5478740
-0.0436619,1.4839375,9.9552403,33.9796611,18.6054750
-0.0342705,1.4922163,9.9559555,34.0523396,18.6648050
-0.0248956,1.5008016,9.9565869,34.1242233,18.7412040
-0.0155492,1.5096977,9.9570379,34.1953218,18.7985530
-0.0062399,1.5188968,9.9572207,34.2656557,18.8627540
0.0030083,1.5283581,9.9570541,34.3352607,18.9207980
0.0121656,1.5380329,9.9564814,34.4041863,18.9784190
0.0211983,1.5478749,9.9554646,34.4724969,19.0437490
0.0300764,1.5578544,9.9539789,34.5402732,19.1468720
0.0387814,1.5679664,9.9520191,34.6076080,19.2052860
0.0473016,1.5782282,9.9495954,34.6746011,19.2699950
0.0556418,1.5886822,9.9467351,34.7413554,19.3275630
0.0638270,1.5993859,9.9434891,34.8079697,19.3893740
0.0718982,1.6104002,9.9399231,34.8745325,19.4592500
0.0799225,1.6217921,9.9361104,34.9411198,19.5203730
0.0879839,1.6336137,9.9321311,35.0077885,19.5830270
0.0961746,1.6458851,9.9280641,35.0745716,19.6406970
0.1045923,1.6585890,9.9239876,35.1414768,19.6997040
0.1133291,1.6716577,9.9199815,35.2084863,19.7575690
0.1224647,1.6849737,9.9161201,35.2755583,19.8275690
0.1320618,1.6983760,9.9124709,35.3426312,19.8860450
0.1421565,1.7116659,9.9090892,35.4096280,19.9466660
0.1527539,1.7246179,9.9060129,35.4764607,20.0085570
0.1638248,1.7369972,9.9032616,35.5430375,20.0668310
0.1753064,1.7485768,9.9008343,35.6092696,20.1242230
0.1871058,1.7591568,9.8987122,35.6750765,20.1959750
0.1991063,1.7685858,9.8968597,35.7403913,20.2535260
0.2111777,1.7767735,9.8952291,35.8051645,20.3165600
0.2231863,1.7837015,9.8937679,35.8693652,20.3748580
0.2350055,1.7894307,9.8924197,35.9329836,20.4329020
0.2465298,1.7940918,9.8911321,35.9960311,20.5419350
0.2576814,1.7978833,9.8898609,36.0585385,20.6007870
0.2684156,1.8010603,9.8885711,36.1205540,20.6591030
0.2787262,1.8039105,9.8872449,36.1821389,20.7175430
0.2886390,1.8067436,9.8858822,36.2433637,20.7750460
0.2982103,1.8098621,9.8845005,36.3043042,20.8334640
0.3075209,1.8135337,9.8831343,36.3650379,20.9074440
0.3166638,1.8179796,9.8818273,36.4256413,20.9650340
0.3257366,1.8233504,9.8806264,36.4861857,21.0243730
0.3348296,1.8297194,9.8795751,36.5467355,21.0827420
0.3440140,1.8370838,9.8787067,36.6073463,21.1401310
0.3533382,1.8453606,9.8780382,36.6680635,21.2026230
0.3628244,1.8543999,9.8775667,36.7289225,21.2745920
0.3724681,1.8639986,9.8772662,36.7899474,21.3326920
0.3822427,1.8739195,9.8770855,36.8511510,21.3979760
0.3921034,1.8839133,9.8769539,36.9125345,21.4561170
0.4019919,1.8937401,9.8767847,36.9740874,21.5137760
0.4118459,1.9031897,9.8764827,37.0357878,21.5902770
0.4216077,1.9120959,9.8759555,37.0976036,21.6489070
0.4312314,1.9203521,9.8751181,37.1594930,21.7077160
0.4406901,1.9279163,9.8739030,37.2214074,21.7662210
0.4499787,1.9348117,9.8722667,37.2832931,21.8249150
0.4591139,1.9411217,9.8701925,37.3450934,21.8827200
0.4681332,1.9469752,9.8676966,37.4067514,21.9926610
0.4770918,1.9525357,9.8648253,37.4682129,22.0500460
0.4860557,1.9579837,9.8616532,37.5294295,22.1098190
0.4950945,1.9634990,9.8582802,37.5903612,22.1672470
0.5042748,1.9692483,9.8548196,37.6509780,22.2294160
0.5136504,1.9753674,9.8513922,37.7112606,22.2872320
0.5232593,1.9819548,9.8481140,37.7712001,22.3587780
0.5331211,1.9890675,9.8450853,37.8307974,22.4178180
0.5432332,1.9967181,9.8423850,37.8900616,22.4760810
0.5535762,2.0048796,9.8400627,37.9490071,22.5356700
0.5641140,2.0134889,9.8381366,38.0076505,22.5971480
0.5747963,2.0224526,9.8365947,38.0660070,22.6547290
0.5855684,2.0316576,9.8353942,38.1240880,22.7248870
0.5963718,2.0409758,9.8344680,38.1819001,22.7835440
0.6071520,2.0502740,9.8337304,38.2394434,22.8412290
0.6178653,2.0594219,9.8330820,38.2967126,22.9025780
0.6284784,2.0682966,9.8324220,38.3536971,22.9613160
0.6389742,2.0767897,9.8316559,38.4103820,23.0311480
0.6493498,2.0848097,9.8307033,38.4667511,23.0955110
0.6596151,2.0922847,9.8295069,38.5227901,23.1535180
0.6697921,2.0991630,9.8280336,38.5784908,23.2115710
0.6799097,2.1054150,9.8262719,38.6338550,23.2764280
0.6900028,2.1110341,9.8242336,38.6888966,23.3345530
0.7001110,2.1160344,9.8219497,38.7436437,23.4444180
0.7102735,2.1204535,9.8194665,38.7981368,23.5051100
0.7205302,2.1243535,9.8168477,38.8524277,23.5629920
0.7309173,2.1278185,9.8141650,38.9065761,23.6213480
0.7414619,2.1309546,9.8114903,38.9606459,23.6801970
0.7521838,2.1338857,9.8088921,39.0147001,23.7376320
0.7630896,2.1367431,9.8064242,39.0687960,23.8090810
0.7741725,2.1396647,9.8041236,39.1229794,23.8711440
0.7854142,2.1427877,9.8020079,39.1772797,23.9288140
0.7967802,2.1462407,9.8000737,39.2317071,23.9881820
0.8082254,2.1501490,9.7982959,39.2862549,24.0502220
0.8196907,2.1546181,9.7966322,39.3408954,24.1202590
0.8310964,2.1597022,9.7950338,39.3955826,24.1856670
0.8423576,2.1654285,9.7934433,39.4502597,24.2438380
0.8533850,2.1718122,9.7917983,39.5048380,24.3014950
0.8640934,2.1788338,9.7900405,39.5592272,24.3637620
0.8744319,2.1864594,9.7881067,39.6134017,24.4213050
0.8843662,2.1946348,9.7859456,39.6673385,24.4941430
0.8938636,2.2032241,9.7835472,39.7210003,24.5537350
0.9029199,2.2121258,9.7809259,39.7743598,24.6123420
0.9115775,2.2212208,9.7780741,39.8273682,24.6697880
0.9201830,2.2314720,9.7749132,39.8799467,24.7282240
0.9283669,2.2415139,9.7717015,39.9321025,24.8382440
0.9361943,2.2517370,9.7686944,39.9837912,24.8981110
0.9441380,2.2622783,9.7656620,40.0346045,24.9571260
0.9520352,2.2733054,9.7626249,40.0841044,25.0179130
0.9598325,2.2845360,9.7594469,40.1319368,25.0761010
0.9673408,2.2963881,9.7550931,40.1777576,25.1376790
0.9748787,2.3082956,9.7496150,40.2214464,25.2124050
0.9821823,2.3199741,9.7428726,40.2630506,25.2695830
0.9893129,2.3306339,9.7345673,40.3029023,25.3270010
0.9963991,2.3394793,9.7245114,40.3417454,25.3854000
1.0035413,2.3455808,9.7127917,40.3807536,25.4502820
1.0109447,2.3478868,9.6998588,40.4216503,25.5081820
1.0190878,2.3452664,9.6866413,40.4666922,25.5810830
1.0284046,2.3366425,9.6746159,40.5184905,25.6387640
1.0394377,2.3212041,9.6657767,40.5797323,25.6959880
1.0528775,2.2986013,9.6625345,40.6528430,25.7552660
1.0692361,2.2691840,9.6675043,40.7395487,25.8205640
1.0888819,2.2342218,9.6831639,40.8404064,25.8903240
1.1119395,2.1960781,9.7114272,40.9543670,25.9528740
1.1381995,2.1583613,9.7531960,41.0783813,26.0104060
1.1669348,2.1259416,9.8079172,41.2071541,26.0676750
1.1971238,2.1048804,9.8731491,41.3330796,26.1294630
1.2271749,2.1023664,9.9443194,41.4463824,26.1909260
1.2551299,2.1261446,10.0145934,41.5354957,26.2967120
1.2787490,2.1843084,10.0749790,41.5876509,26.3551660
1.2956472,2.2846797,10.1146517,41.5896456,26.4156830
1.3034623,2.4342401,10.1215063,41.5287401,26.4791210
1.3000534,2.6385900,10.0829126,41.3936060,26.5372890
1.2836947,2.9014267,9.9866146,41.1752441,26.5949160
1.2532516,3.2240992,9.8217090,40.8677903,26.6673860
1.2083281,3.6053101,9.5796160,40.4691286,26.7246430
1.1493532,4.0409625,9.2549545,39.9812457,26.7886350
1.0776102,4.5242017,8.8462362,39.4102873,26.8473800
0.9952045,5.0456572,8.3563009,38.7663042,26.9052460
0.9049616,5.5938632,7.7924470,38.0626995,26.9804560
0.8102748,6.1558413,7.1662232,37.3154201,27.0389270
0.7149037,6.7177971,6.4928922,36.5419610,27.0992680
0.6227397,7.2658785,5.7906027,35.7602647,27.1639810
0.5375664,7.7869408,5.0793277,34.9876089,27.2221270
0.4628197,8.2692582,4.3796646,34.2395786,27.2796270
0.4013809,8.7031315,3.7115883,33.5292035,27.3511680
0.3554159,9.0813432,3.0932571,32.8663306,27.4119570
0.3262651,9.3994313,2.5399776,32.2572730,27.4705130
0.3144056,9.6557726,2.0633954,31.7047534,27.5286290
0.3194747,9.8514683,1.6709839,31.2081292,27.5876000
0.3403468,9.9900595,1.3658581,30.7638587,27.6490220
0.3752640,10.0771026,1.1469087,30.3661530,27.7549640
0.4219942,10.1196407,1.0092388,30.0077388,27.8136190
0.4780066,10.1256291,0.9448366,29.6806554,27.8721160
0.5406565,10.1033568,0.9434143,29.3770118,27.9304960
0.6073543,10.0609112,0.9933343,29.0896376,27.9938420
0.6757102,10.0057267,1.0825288,28.8125764,28.0669460
0.7436479,9.9442406,1.1993402,28.5413933,28.1276170
0.8094732,9.8816668,1.3332206,28.2732927,28.1893400
0.8719111,9.8219113,1.4752382,28.0070604,28.2481380
0.9301020,9.7675860,1.6183742,27.7428559,28.3056800
0.9835571,9.7200866,1.7576214,27.4819010,28.3673480
1.0321117,9.6797841,1.8898823,27.2261267,28.4380580
1.0758567,9.6462687,2.0137213,26.9777757,28.4954550
1.1150658,9.6185723,2.1290262,26.7390717,28.5546910
1.1501617,9.5954092,2.2366001,26.5120428,28.6131990
1.1816540,9.5753849,2.3377753,26.2983168,28.6735120
1.2100659,9.5570642,2.4340965,26.0990089,28.7361950
1.2359148,9.5391677,2.5270608,25.9147543,28.8057160
1.2596481,9.5203283,2.6179095,25.7457571,28.8633890
1.2821532,9.5010528,2.7073802,25.5918608,28.9226660
1.3035545,9.4796807,2.7961825,25.4528275,28.9816590
1.3240450,9.4558843,2.8849805,25.3284450,29.0422240
1.3443858,9.4295267,2.9737715,25.2182041,29.1513690
1.3648094,9.4007806,3.0626218,25.1215325,29.2086870
1.3855221,9.3693883,3.1516865,25.0379909,29.2707590
1.4064193,9.3360716,3.2399629,24.9671749,29.3320770
1.4279541,9.3008930,3.3273103,24.9088770,29.3899090
1.4500345,9.2642895,3.4137416,24.8629728,29.4522380
1.4726918,9.2264141,3.4991809,24.8293777,29.5222830
1.4960091,9.1874923,3.5835493,24.8080528,29.5856370
1.5199497,9.1477844,3.6668309,24.7988926,29.6458500
1.5443761,9.1075567,3.7490400,24.8017559,29.7035120
1.5692968,9.0670326,3.8302080,24.8165040,29.7635060
1.5945768,9.0263675,3.9103860,24.8429802,29.8219390
1.6200219,8.9856818,3.9896220,24.8809738,29.8913140
1.6455716,8.9450479,4.0679609,24.9302303,29.9538960
1.6710753,8.9045013,4.1454516,24.9904495,30.0124080
1.6963680,8.8640472,4.2221416,25.0612813,30.0698400
1.7212947,8.8236401,4.2980554,25.1423496,30.1300850
1.7457526,8.7832103,4.3731937,25.2332469,30.2019590
1.7695257,8.7426507,4.4475637,25.3335384,30.2674150
1.7925799,8.7017837,4.5211362,25.4427764,30.3254800
1.8148250,8.6605643,4.5938819,25.5605055,30.3856290
1.8362076,8.6188304,4.6657631,25.6862780,30.4440090
1.8567262,8.5764923,4.7367364,25.8196696,30.5013940
1.8764265,8.5334862,4.8067631,25.9602855,30.6136080
1.8953921,8.4897514,4.8758122,26.1077686,30.6708330
1.9137432,8.4452517,4.9438675,26.2618026,30.7293820
1.9316234,8.3999867,5.0109368,26.4221110,30.7906510
1.9491919,8.3539878,5.0770485,26.5884559,30.8518630
1.9666184,8.3073275,5.1422501,26.7606344,30.9150730
1.9840653,8.2601095,5.2066056,26.9384702,30.9846170
2.0016741,8.2124599,5.2701857,27.1218032,31.0452640
2.0195556,8.1645200,5.3330658,27.3104820,31.1073690
2.0377737,8.1164339,5.3953209,27.5043543,31.1657940
2.0563439,8.0683425,5.4570159,27.7032594,31.2295520
2.0752345,8.0203746,5.5182022,27.9070244,31.3034230
2.0943657,7.9726413,5.5789098,28.1154577,31.3629130
2.1136222,7.9252299,5.6391381,28.3283485,31.4219590
2.1328609,7.8781990,5.6988590,28.5454667,31.4805610
2.1519220,7.8315772,5.7580165,28.7665645,31.5413940
2.1706458,7.7853607,5.8165328,28.9913830,31.6003570
2.1888818,7.7395120,5.8743206,29.2196552,31.6712740
2.2065032,7.6939644,5.9312893,29.4511130,31.7287130
2.2234164,7.6486246,5.9873538,29.6854930,31.7924250
2.2395656,7.6033808,6.0424438,29.9225406,31.8538620
2.2549382,7.5581126,6.0965058,30.1620148,31.9113600
2.2695607,7.5126990,6.1495105,30.4036912,31.9740730
2.2834912,7.4670281,6.2014563,30.6473630,32.0774640
2.2968129,7.4210043,6.2523686,30.8928423,32.1448130
2.3096237,7.3745551,6.3022981,31.1399614,32.2025110
2.3220265,7.3276371,6.3513151,31.3885711,32.2624960
2.3341211,7.2802375,6.3995009,31.6385394,32.3237320
2.3459948,7.2323773,6.4469421,31.8897490,32.3934310
2.3577157,7.1841120,6.4937266,32.1420936,32.4550520
2.3693307,7.1355260,6.5399366,32.3954758,32.5145890
2.3808659,7.0867304,6.5856467,32.6498037,32.5728770
2.3923288,7.0378523,6.6309188,32.9049896,32.6305080
2.4037128,6.9890221,6.6758008,33.1609517,32.6893610
2.4150022,6.9403655,6.7203255,33.4176097,32.7629640
2.4261762,6.8919904,6.7645106,33.6748850,32.8204860
2.4372159,6.8439845,6.8083658,33.9327011,32.8825880
2.4481103,6.7964110,6.8518872,34.1909771,32.9405010
2.4588581,6.7493074,6.8950671,34.4496314,33.0024780
2.4694631,6.7027041,6.9379142,34.7085962,33.0603260
2.4799350,6.6566059,6.9804339,34.9678060,33.1322990
2.4903071,6.6109800,7.0226200,35.2271710,33.1911560
2.5006110,6.5657662,7.0644609,35.4866059,33.2496920
2.5108415,6.5209026,7.1059469,35.7460672,33.3072690
2.5209460,6.4762820,7.1470403,36.0054939,33.3665240
2.5309806,6.4317906,7.1877027,36.2648499,33.4748970
2.5413012,6.3873602,7.2279182,36.5240698,33.5365550
2.5508882,6.3424602,7.2673209,36.7829234,33.5981800
2.5608664,6.2975149,7.3059431,37.0411494,33.6566490
2.5711419,6.2521758,7.3435550,37.2984558,33.7196090
2.5821197,6.2063628,7.3799471,37.5545108,33.7782480
2.5939485,6.1598915,7.4146936,37.8090171,33.8484840
2.6062558,6.1127139,7.4473075,38.0616856,33.9124440
2.6201791,6.0653929,7.4778789,38.3122693,33.9704200
2.6345978,6.0175764,7.5057343,38.5606575,34.0289730
2.6498749,5.9698319,7.5312595,38.8069767,34.0943740
2.6650379,5.9225969,7.5548668,39.0516518,34.1521870
2.6792550,5.8764380,7.5771232,39.2954568,34.2247790
2.6914069,5.8321540,7.5994179,39.5395542,34.2862380
2.6995792,5.7899233,7.6230603,39.7854868,34.3437050
2.7015359,5.7507462,7.6500806,40.0350746,34.4070850
2.6956707,5.7151056,7.6827162,40.2902462,34.4657900
2.6816343,5.6832340,7.7230318,40.5528298,34.5236180
2.6566840,5.6544993,7.7736365,40.8242813,34.5943040
2.6214892,5.6277535,7.8350698,41.1053639,34.6527610
2.5770156,5.6020443,7.9083820,41.3958641,34.7101500
2.5272149,5.5751507,7.9916126,41.6942798,34.7723620
2.4757103,5.5450398,8.0832118,41.9975426,34.8343260
2.4290228,5.5085354,8.1781642,42.3009691,34.9411980
2.3953398,5.4624144,8.2694370,42.5982678,35.0033390
2.3836830,5.4034289,8.3480526,42.8817001,35.0609040
2.4037780,5.3286558,8.4033324,43.1424378,35.1198640
2.4656139,5.2357887,8.4234706,43.3709771,35.1780890
2.5783843,5.1234325,8.3962150,43.5577114,35.2360130
2.7499020,4.9913638,8.3097104,43.6936027,35.3071490
2.9858522,4.8406861,8.1533928,43.7708651,35.3690010
3.2891620,4.6738825,7.9189865,43.7836279,35.4269040
3.6595464,4.4947320,7.6013865,43.7285035,35.4889160
4.0932633,4.3080892,7.1993439,43.6049946,35.5467110
4.5831113,4.1195417,6.7159109,43.4157064,35.6088790
5.1187009,3.9349755,6.1585988,43.1663311,35.6815870
5.6869622,3.7600826,5.5391920,42.8653923,35.7420090
6.2728637,3.5998572,4.8732193,42.5237662,35.8046030
6.8602894,3.4581336,4.1791178,42.1540109,35.8623090
7.4329978,3.3372143,3.4771510,41.7695573,35.9195630
7.9755921,3.2376274,2.7881620,41.3838290,35.9978090
8.4744207,3.1580457,2.1322640,41.0093630,36.0557130
8.9183383,3.0953767,1.5275795,40.6570063,36.1131810
9.2992684,3.0450240,0.9891301,40.3352568,36.1724820
9.6125287,3.0012969,0.5279705,40.0498011,36.2310780
9.8569035,2.9579262,0.1506361,39.8032848,36.2891820
10.0344669,2.9086427,-0.1410558,39.5953275,36.3995790
10.1501876,2.8477574,-0.3498473,39.4227748,36.4573070
10.2113590,2.7706875,-0.4825475,39.2801527,36.5164860
10.2269121,2.6743832,-0.5492613,39.1602794,36.5749520
10.2066781,2.5576082,-0.5624214,39.0549708,36.6360120
10.1606615,2.4210512,-0.5357100,38.9557734,36.7112060
10.0983873,2.2672607,-0.4829730,38.8546570,36.7695820
10.0283653,2.1004071,-0.4172249,38.7446124,36.8299210
9.9577043,1.9259053,-0.3498139,38.6201067,36.8919660
9.8918917,1.7499348,-0.2898194,38.4773650,36.9525840
9.8347314,1.5789029,-0.2437091,38.3144699,37.0127390
9.7884260,1.4189175,-0.2152495,38.1312910,37.0860980
9.7537732,1.2752986,-0.2056743,37.9292595,37.1437870
9.7304399,1.1521933,-0.2140405,37.7110332,37.2039780
9.7172663,1.0523410,-0.2377018,37.4801132,37.2653480
9.7125712,0.9769491,-0.2728931,37.2404253,37.3260400
9.7144591,0.9257132,-0.3153265,36.9958857,37.3864940
9.7210398,0.8969689,-0.3607262,36.7500727,37.4593090
9.7305571,0.8879864,-0.4052488,36.5060338,37.5166940
9.7414248,0.8952570,-0.4458223,36.2660797,37.5748370
9.7523636,0.9148600,-0.4802954,36.0317729,37.6365740
9.7630586,0.9430016,-0.5073409,35.8039548,37.6947930
9.7716704,0.9754832,-0.5269156,35.5826646,37.8010500
9.7785681,1.0096064,-0.5393125,35.3673643,37.8629630
9.7834996,1.0427704,-0.5454781,35.1571310,37.9219040
9.7867249,1.0732461,-0.5465917,34.9508071,37.9797450
9.7885917,1.0998865,-0.5441153,34.7472296,38.0388250
9.7885873,1.1220741,-0.5397407,34.5453306,38.0975530
9.7881401,1.1404735,-0.5343264,34.3442001,38.1680820
9.7866216,1.1550699,-0.5294506,34.1431492,38.2308900
9.7848012,1.1666252,-0.5257617,33.9417583,38.2927820
9.7826149,1.1758562,-0.5236558,33.7398544,38.3503440
9.7802201,1.1833956,-0.5235884,33.5374567,38.4125560
9.7780156,1.1900989,-0.5253266,33.3347276,38.4820910
9.7759966,1.1959052,-0.5289319,33.1319371,38.5461860
9.7737216,1.2014103,-0.5341128,32.9293991,38.6076250
9.7709895,1.2069852,-0.5404370,32.7274119,38.6653820
9.7694796,1.2130650,-0.5478617,32.5262308,38.7254310
9.7677084,1.2195932,-0.5552901,32.3260593,38.7872850
9.7660117,1.2261034,-0.5632698,32.1270301,38.8598400
9.7638134,1.2329351,-0.5709145,31.9292426,38.9203980
9.7622849,1.2397760,-0.5792017,31.7327722,38.9815780
9.7607129,1.2470979,-0.5870625,31.5376026,39.0391130
9.7590106,1.2548530,-0.5943395,31.3436835,39.0990400
9.7574712,1.2630801,-0.6010511,31.1509482,39.1576260
9.7561203,1.2718075,-0.6072153,30.9593160,39.2667690
9.7548471,1.2810742,-0.6128870,30.7687545,39.3282770
9.7537228,1.2909073,-0.6181033,30.5792607,39.3860660
9.7527089,1.3012999,-0.6228832,30.3908470,39.4436260
9.7517578,1.3122139,-0.6272333,30.2035517,39.5061540
9.7508214,1.3235755,-0.6312091,30.0174323,39.5766400
9.7498497,1.3352827,-0.6348894,29.8325670,39.6343780
9.7487947,1.3472143,-0.6383547,29.6490569,39.6928880
9.7476158,1.3592419,-0.6416833,29.4670180,39.7547850
9.7462755,1.3712394,-0.6449580,29.2865745,39.8158500
9.7447484,1.3830946,-0.6482564,29.1078534,39.8789340
9.7430255,1.3947211,-0.6516391,28.9309788,39.9487080
9.7411163,1.4060628,-0.6551531,28.7560666,40.0088760
9.7390483,1.4170962,-0.6588312,28.5832191,40.0706490
9.7368648,1.4278310,-0.6626919,28.4125209,40.1316370
9.7346211,1.4383079,-0.6667411,28.2440361,40.1890920
9.7323776,1.4485913,-0.6709724,28.0778056,40.2629020
9.7301933,1.4587598,-0.6753680,27.9138474,40.3221750
9.7281198,1.4688957,-0.6799028,27.7521556,40.3796630
9.7261954,1.4790714,-0.6845486,27.5927016,40.4383470
9.7244415,1.4893432,-0.6892756,27.4354370,40.4993810
9.7228600,1.4997459,-0.6940555,27.2802965,40.5590910
9.7214326,1.5102872,-0.6988637,27.1272022,40.6645990
9.7201208,1.5209476,-0.7036775,26.9760678,40.7294030
9.7188704,1.5316810,-0.7084811,26.8268046,40.7882730
9.7176185,1.5424174,-0.7132683,26.6793260,40.8487950
9.7162989,1.5530723,-0.7180415,26.5335540,40.9099440
9.7148507,1.5635566,-0.7228131,26.3894259,40.9679710
9.7132230,1.5737858,-0.7276029,26.2468975,41.0400090
9.7113779,1.5836894,-0.7324324,26.1059484,41.1045280
9.7092964,1.5932175,-0.7373262,25.9665841,41.1621020
9.7069816,1.6023430,-0.7423102,25.8288356,41.2221930
9.7044585,1.6110673,-0.7474090,25.6927599,41.2809800
9.7017733,1.6194175,-0.7526496,25.5584368,41.3503900
9.6989881,1.6274438,-0.7580564,25.4259631,41.4120380
9.6961730,1.6352162,-0.7636483,25.2954462,41.4739670
9.6934019,1.6428123,-0.7694411,25.1669957,41.5316470
9.6907469,1.6503125,-0.7754407,25.0407150,41.5936890
9.6882711,1.6577906,-0.7816452,24.9166923,41.6515490
9.6860241,1.6653037,-0.7880477,24.7949945,41.7267740
9.6840358,1.6728915,-0.7946324,24.6756615,41.7891040
9.6823139,1.6805732,-0.8013787,24.5587029,41.8468120
9.6808441,1.6883461,-0.8082617,24.4440986,41.9047960
9.6795927,1.6961898,-0.8152506,24.3318019,41.9641620
9.6785101,1.7040681,-0.8223136,24.2217452,42.0723110
9.6775332,1.7119298,-0.8294201,24.1138487,42.1337560
9.6765922,1.7197168,-0.8365421,24.0080295,42.1928780
9.6756155,1.7273703,-0.8436582,23.9042124,42.2509920
9.6745366,1.7348359,-0.8507518,23.8023380,42.3135520
9.6732981,1.7420738,-0.8578078,23.7023723,42.3746680
9.6718557,1.7490603,-0.8648121,23.6043109,42.4473980
9.6701795,1.7557909,-0.8717465,23.5081807,42.5089440
9.6682533,1.7622819,-0.8785901,23.4140401,42.5663570
9.6660784,1.7685649,-0.8853212,23.3219728,42.6263760
9.6636696,1.7746862,-0.8919152,23.2320816,42.6880510
9.6610523,1.7806999,-0.8983486,23.1444811,42.7454630
9.6582604,1.7866647,-0.9045950,23.0592852,42.8160750
9.6553276,1.7926462,-0.9106244,22.9765988,42.8745420
9.6522873,1.7987080,-0.9164062,22.8965075,42.9320930
9.6491708,1.8049078,-0.9219053,22.8190696,42.9913520
9.6460044,1.8112961,-0.9270927,22.7443132,43.0535990
9.6428148,1.8179090,-0.9319516,22.6722331,43.1251220
9.6396257,1.8247716,-0.9364774,22.6027961,43.1838090
9.6364505,1.8319083,-0.9406765,22.5359479,43.2425950
9.6333033,1.8393377,-0.9445702,22.4716140,43.3043020
9.6302041,1.8470619,-0.9482006,22.4097264,43.3660290
9.6271722,1.8550696,-0.9516206,22.3502123,43.4236620
9.6242455,1.8633977,-0.9549133,22.2929659,43.5317260
9.6214771,1.8720858,-0.9581867,22.2379015,43.5889980
9.6188393,1.8809807,-0.9614604,22.1849354,43.6524430
9.6163021,1.8899327,-0.9647804,22.1340149,43.7116920
9.6140539,1.8990414,-0.9683667,22.0851759,43.7708230
9.6122794,1.9084436,-0.9723731,22.0384767,43.8448350
9.6108687,1.9180103,-0.9771323,21.9940631,43.9033890
9.6099512,1.9279225,-0.9829433,21.9521043,43.9666790
9.6092567,1.9382991,-0.9891759,21.9126836,44.0283620
9.6085169,1.9493164,-0.9954162,21.8758847,44.0857990
9.6073904,1.9608791,-1.0009251,21.8418152,44.1459750
9.6055830,1.9728837,-1.0053285,21.8105138,44.2201460
9.6027175,1.9853274,-1.0080729,21.7818520,44.2815320
9.5986228,1.9980750,-1.0085207,21.7555607,44.3390230
9.5929159,2.0108653,-1.0061490,21.7311936,44.3982190
9.5854730,2.0232224,-1.0006629,21.7081280,44.4569160
9.5763422,2.0343585,-0.9922559,21.6856476,44.5143590
9.5659673,2.0432931,-0.9816129,21.6629499,44.5921880
9.5552521,2.0489495,-0.9703355,21.6392365,44.6499970
9.5452938,2.0502295,-0.9608003,21.6138634,44.7099750
9.5377283,2.0461282,-0.9560016,21.5864954,44.7715970
9.5343802,2.0359295,-0.9594266,21.5572601,44.8289260
9.5371273,2.0194064,-0.9745586,21.5268782,44.8891890
9.5476548,1.9969833,-1.0045613,21.4967499,44.9975690
9.5669153,1.9698167,-1.0516798,21.4689734,45.0548720
9.5953578,1.9399368,-1.1167051,21.4462795,45.1194980
9.6322361,1.9105421,-1.1982964,21.4318824,45.1775640
9.6756801,1.8856097,-1.2928222,21.4292413,45.2386750
9.7226304,1.8697885,-1.3942952,21.4417471,45.3010290
9.7685446,1.8683709,-1.4944253,21.4723745,45.3709800
9.8080942,1.8869350,-1.5829977,21.5233139,45.4311710
9.8350397,1.9310346,-1.6485247,21.5956241,45.4932130
9.8426446,2.0058482,-1.6790835,21.6889480,45.5509110
9.8246778,2.1157483,-1.6633172,21.8013239,45.6113810
9.7752333,2.2639217,-1.5914609,21.9291223,45.6697570
9.6896583,2.4520897,-1.4563450,22.0671239,45.7414880
9.5649660,2.6802517,-1.2542596,22.2087461,45.7988250
9.4002058,2.9465944,-0.9855241,22.3464011,45.8579200
9.1966242,3.2474998,-0.6547810,22.4719687,45.9189600
8.9576711,3.5776783,-0.2709150,22.5773401,45.9769790
8.6888316,3.9304165,0.1534123,22.6549902,46.0479030
8.3975332,4.2979323,0.6025130,22.6985309,46.1071040
8.0923639,4.6717958,1.0587398,22.7031918,46.1665360
7.7827662,5.0433901,1.5037250,22.6661845,46.2280250
7.4782907,5.4043782,1.9196686,22.5869182,46.2856890
7.1880206,5.7471303,2.2906540,22.4670473,46.3448580
6.9199922,6.0650931,2.6037872,22.3103451,46.4515870
6.6807245,6.3530697,2.8500398,22.1224188,46.5149540
6.4748703,6.6073909,3.0247751,21.9102928,46.5759900
6.3050585,6.8259831,3.1279100,21.6818877,46.6335780
6.1718877,7.0083259,3.1636998,21.4454558,46.6952340
6.0740670,7.1553083,3.1401714,21.2090160,46.7529460
6.0087422,7.2690088,3.0682851,20.9798317,46.8287460
5.9717905,7.3524320,2.9609031,20.7639950,46.8900280
5.9583486,7.4092025,2.8316559,20.5661228,46.9475350
5.9632252,7.4432825,2.6938647,20.3891948,47.0079960
5.9813394,7.4587252,2.5595707,20.2345432,47.0664130
6.0080681,7.4594334,2.4387409,20.1019557,47.1362290
6.0395164,7.4489633,2.3388286,19.9898992,47.2018260
6.0726735,7.4304039,2.2644807,19.8958279,47.2596100
6.1054203,7.4064986,2.2173855,19.8165252,47.3170840
6.1365606,7.3792146,2.1967511,19.7484679,47.3806300
