0.0000658,0.0000067,0.0029443,0.0004937,2.5617330
0.0001784,0.0000116,0.0081547,0.0013419,2.6192760
0.0003370,0.0000081,0.0158440,0.0025603,2.6792490
0.0005793,0.0000278,0.0262235,0.0041349,2.7409380
0.0009372,0.0001044,0.0393230,0.0060214,2.7983880
0.0014001,0.0002275,0.0548062,0.0081385,2.9509170
0.0019410,0.0003834,0.0716808,0.0103093,3.0130860
0.0025129,0.0006124,0.0881116,0.0122124,3.0747550
0.0030144,0.0009268,0.1015235,0.0134563,3.1322480
0.0033679,0.0012886,0.1080720,0.0135089,3.1945890
0.0033179,0.0015796,0.1044145,0.0120401,3.2522040
0.0026537,0.0016503,0.0863767,0.0086826,3.4066340
0.0005028,0.0009445,0.0504667,0.0032349,3.4658710
-0.0030166,-0.0005483,-0.0054885,-0.0043147,3.5284710
-0.0083792,-0.0027359,-0.0818158,-0.0136850,3.5871210
-0.0147258,-0.0056903,-0.1761625,-0.0243859,3.6444250
-0.0217763,-0.0096805,-0.2827690,-0.0355778,3.7074270
-0.0293485,-0.0143548,-0.3945676,-0.0461816,3.8576360
-0.0361039,-0.0198528,-0.4981265,-0.0549053,3.9169290
-0.0408632,-0.0259770,-0.5785189,-0.0601473,3.9749150
-0.0421213,-0.0317115,-0.6196657,-0.0603317,4.0369270
-0.0378079,-0.0355922,-0.6038145,-0.0540337,4.0972310
-0.0265108,-0.0367964,-0.5136010,-0.0400162,4.1583220
-0.0070550,-0.0343281,-0.3336645,-0.0173220,4.2632880
0.0214573,-0.0267536,-0.0521899,0.0147741,4.3312800
0.0585089,-0.0130726,0.3380877,0.0568107,4.3889990
0.1027882,0.0071310,0.8386448,0.1091452,4.4489330
0.1514832,0.0338331,1.4444214,0.1719579,4.5109590
0.2006627,0.0662449,2.1440799,0.2453051,4.5687520
0.2452964,0.1027443,2.9199593,0.3291174,4.6434310
0.2796461,0.1407663,3.7492894,0.4231740,4.7054420
0.2977241,0.1768326,4.6055451,0.5270719,4.7631440
0.2938659,0.2066273,5.4602984,0.6401404,4.8210260
0.2633493,0.2252020,6.2852052,0.7613655,4.8794200
0.2030101,0.2272789,7.0539957,0.8893298,4.9514170
0.1117788,0.2076234,7.7443057,1.0221707,5.0097730
-0.0089303,0.1614916,8.3391455,1.1575789,5.0684260
-0.1550228,0.0850832,8.8279028,1.2928439,5.1271210
-0.3197588,-0.0240398,9.2068005,1.4249521,5.1845640
-0.4940346,-0.1666044,9.4787675,1.5507388,5.2468460
-0.6669028,-0.3413897,9.6527484,1.6670816,5.3273470
-0.8262938,-0.5451339,9.7425487,1.7711238,5.3875230
-0.9598830,-0.7726044,9.7653335,1.8605073,5.4486710
-1.0560293,-1.0168336,9.7399384,1.9335881,5.5063820
-1.1046995,-1.2695100,9.6851769,1.9896165,5.5693530
-1.0982949,-1.5214964,9.6182896,2.0288538,5.6279420
-1.0323032,-1.7634340,9.5536835,2.0526110,5.7320640
-0.9057107,-1.9863814,9.5020674,2.0632014,5.7907390
-0.7211381,-2.1824360,9.4700234,2.0638001,5.8514510
-0.4846836,-2.3452815,9.4600379,2.0582254,5.9098340
-0.2054874,-2.4706136,9.4709400,2.0506566,5.9684520
0.1049406,-2.5564082,9.4986617,2.0453125,6.0382700
0.4335680,-2.6030076,9.5372165,2.0461225,6.1008050
0.7667849,-2.6130204,9.5797576,2.0564192,6.1617130
1.0913598,-2.5910484,9.6195899,2.0786824,6.2218000
1.3953222,-2.5432684,9.6510292,2.1143606,6.2834650
1.6687030,-2.4769058,9.6700201,2.1637847,6.3411970
1.9040687,-2.3996545,9.6744681,2.2261851,6.4132410
2.0968198,-2.3190929,9.6642795,2.2998052,6.4715220
2.2452428,-2.2421464,9.6411361,2.3821029,6.5322620
2.3503211,-2.1746447,9.6080571,2.4700143,6.5912260
2.4153521,-2.1210034,9.5688383,2.5602551,6.6498600
2.4454164,-2.0840483,9.5274507,2.6496271,6.7077810
2.4467614,-2.0649904,9.4874846,2.7352993,6.7814030
2.4261727,-2.0635365,9.4517248,2.8150387,6.8422720
2.3903675,-2.0781180,9.4211386,2.8872416,6.9016470
2.3456021,-2.1061889,9.3993723,2.9517783,6.9631560
2.2971560,-2.1446031,9.3862586,3.0088385,7.0208560
2.2491612,-2.1899752,9.3808983,3.0593406,7.1300100
2.2045760,-2.2389634,9.3818409,3.1047080,7.1888030
2.1652195,-2.2885539,9.3873095,3.1466540,7.2511490
2.1318787,-2.3363184,9.3954945,3.1869863,7.3091700
2.1045471,-2.3805168,9.4047157,3.2273822,7.3665610
2.0826847,-2.4200418,9.4135013,3.2691670,7.4252400
2.0654084,-2.4544223,9.4209862,3.3132893,7.4990760
2.0518183,-2.4837472,9.4260019,3.3601318,7.5567800
2.0409095,-2.5085812,9.4287946,3.4098789,7.6160470
2.0319940,-2.5296844,9.4294145,3.4623493,7.6743390
2.0236481,-2.5484659,9.4281351,3.5171724,7.7322190
2.0154808,-2.5659335,9.4254742,3.5738471,7.7982350
2.0064869,-2.5826943,9.4218970,3.6318900,7.8678040
1.9970133,-2.5991874,9.4178103,3.6907507,7.9280260
1.9871766,-2.6160368,9.4143817,3.7499631,7.9900620
1.9764805,-2.6331011,9.4100100,3.8090997,8.0476280
1.9652382,-2.6506520,9.4057443,3.8677508,8.1108490
1.9534825,-2.6690787,9.4022499,3.9257715,8.1841840
1.9411138,-2.6882589,9.3990009,3.9831274,8.2424750
1.9285877,-2.7074570,9.3958658,4.0398038,8.3022860
1.9159083,-2.7265937,9.3928704,4.0958193,8.3608980
1.9029684,-2.7458213,9.3900393,4.1511480,8.4212760
1.8901275,-2.7648253,9.3872027,4.2057403,8.4799590
1.8772892,-2.7833421,9.3843234,4.2595613,8.5828440
1.8646379,-2.8013687,9.3814405,4.3125858,8.6430560
1.8521457,-2.8188571,9.3784339,4.3647622,8.7077360
1.8398407,-2.8358036,9.3754753,4.4160363,8.7654730
1.8277050,-2.8521972,9.3726145,4.4663575,8.8277180
1.8157155,-2.8680393,9.3699204,4.5156761,8.8856550
1.8038476,-2.8833150,9.3674085,4.5639670,8.9578470
1.7920797,-2.8980095,9.3650741,4.6112195,9.0206980
1.7803928,-2.9121100,9.3629011,4.6574300,9.0783780
1.7687742,-2.9256049,9.3608596,4.7026047,9.1373520
1.7572219,-2.9384982,9.3589233,4.7467576,9.1949940
1.7457439,-2.9508038,9.3570635,4.7899114,9.2537470
1.7343559,-2.9625430,9.3552429,4.8320977,9.3268810
1.7230784,-2.9737457,9.3534220,4.8733560,9.3879800
1.7119362,-2.9844531,9.3515664,4.9137334,9.4454810
1.7009532,-2.9947165,9.3496476,4.9532825,9.5097660
1.6901474,-3.0045970,9.3476508,4.9920594,9.5676800
1.6795317,-3.0141638,9.3455739,5.0301216,9.6394440
1.6691103,-3.0234919,9.3434224,5.0675239,9.7059830
1.6588801,-3.0326579,9.3412134,5.1043155,9.7636240
1.6488358,-3.0417362,9.3389727,5.1405371,9.8212750
1.6389672,-3.0507935,9.3367348,5.1762179,9.8804430
1.6292627,-3.0598826,9.3345455,5.2113752,9.9392080
1.6197119,-3.0690389,9.3324556,5.2460125,10.0428010
1.6103058,-3.0782795,9.3305182,5.2801197,10.1014200
1.6010424,-3.0875996,9.3287821,5.3136739,10.1589760
1.5919293,-3.0969754,9.3272838,5.3466402,10.2213410
1.5829822,-3.1063653,9.3260447,5.3789751,10.2791580
1.5742254,-3.1157107,9.3250662,5.4106307,10.3540840
1.5656870,-3.1249447,9.3243319,5.4415589,10.4173400
1.5573925,-3.1339989,9.3238097,5.4717160,10.4747940
1.5493620,-3.1428088,9.3234528,5.5010667,10.5348110
1.5416062,-3.1513221,9.3232030,5.5295869,10.5932830
1.5341218,-3.1595009,9.3229956,5.5572666,10.6506610
1.5268946,-3.1673222,9.3227672,5.5841114,10.7286580
1.5198959,-3.1747808,9.3224627,5.6101429,10.7866890
1.5130822,-3.1818891,9.3220480,5.6353980,10.8475060
1.5064014,-3.1886748,9.3215105,5.6599264,10.9090370
1.4997921,-3.1951790,9.3208572,5.6837869,10.9667580
1.4931918,-3.2014505,9.3201182,5.7070446,11.0298930
1.4865463,-3.2075400,9.3193386,5.7297670,11.1003860
1.4798095,-3.2134960,9.3185798,5.7520197,11.1579930
1.4729524,-3.2193598,9.3179180,5.7738637,11.2163880
1.4659627,-3.2251618,9.3174319,5.7953515,11.2750740
1.4588406,-3.2309182,9.3171947,5.8165250,11.3325510
1.4516040,-3.2366301,9.3172616,5.8374131,11.4429450
1.4442819,-3.2422843,9.3176568,5.8580310,11.5014850
1.4369123,-3.2478546,9.3183702,5.8783796,11.5610660
1.4295423,-3.2533065,9.3193554,5.8984456,11.6237480
1.4222161,-3.2586001,9.3205295,5.9182029,11.6821080
1.4149729,-3.2636936,9.3217810,5.9376132,11.7402480
1.4078414,-3.2685490,9.3229760,5.9566283,11.8127660
1.4008344,-3.2731368,9.3239670,5.9751918,11.8749640
1.3939521,-3.2774384,9.3246083,5.9932419,11.9331280
1.3871815,-3.2814496,9.3247656,6.0107133,11.9949980
1.3805002,-3.2851805,9.3243292,6.0275402,12.0574880
1.3738801,-3.2886537,9.3232260,6.0436585,12.1152930
1.3672906,-3.2919031,9.3214253,6.0590090,12.1875130
1.3607074,-3.2949694,9.3189415,6.0735398,12.2487650
1.3541136,-3.2978957,9.3158358,6.0872091,12.3096540
1.3475047,-3.3007212,9.3122098,6.0999876,12.3673000
1.3408907,-3.3034775,9.3081995,6.1118591,12.4264720
1.3342892,-3.3061891,9.3039722,6.1228219,12.4972620
1.3277281,-3.3088697,9.2997116,6.1328883,12.5548230
1.3212430,-3.3115240,9.2956094,6.1420837,12.6175730
1.3148732,-3.3141466,9.2918520,6.1504456,12.6787970
1.3086649,-3.3167183,9.2885995,6.1580216,12.7364170
1.3026643,-3.3192130,9.2859814,6.1648658,12.7987080
1.2969138,-3.3216002,9.2840871,6.1710356,12.9033490
1.2914491,-3.3238506,9.2829626,6.1765887,12.9652200
1.2862947,-3.3259439,9.2826176,6.1815790,13.0233170
1.2814627,-3.3278692,9.2830236,6.1860548,13.0808410
1.2769530,-3.3296260,9.2841168,6.1900568,13.1403850
1.2727538,-3.3312258,9.2858074,6.1936169,13.2122050
1.2688423,-3.3326907,9.2879856,6.1967565,13.2705940
1.2651870,-3.3340509,9.2905321,6.1994885,13.3301880
1.2617510,-3.3353442,9.2933322,6.2018173,13.3915150
1.2584916,-3.3366083,9.2962807,6.2037416,13.4505790
1.2553663,-3.3378771,9.2992862,6.2052583,13.5129450
1.2523325,-3.3391758,9.3022772,6.2063637,13.5835860
1.2493482,-3.3405161,9.3052031,6.2070556,13.6411790
1.2463776,-3.3418962,9.3080351,6.2073348,13.7053680
1.2433877,-3.3432990,9.3107686,6.2072051,13.7632620
1.2403524,-3.3446929,9.3134167,6.2066734,13.8209600
1.2372567,-3.3460339,9.3160039,6.2057494,13.8837120
1.2340912,-3.3472692,9.3185614,6.2044440,13.9561680
1.2308588,-3.3483419,9.3211180,6.2027670,14.0137270
1.2275702,-3.3491971,9.3236955,6.2007253,14.0789420
1.2242389,-3.3497886,9.3263041,6.1983208,14.1370210
1.2208852,-3.3500813,9.3289374,6.1955499,14.1945490
1.2175296,-3.3500573,9.3315738,6.1924031,14.3010050
1.2141929,-3.3497170,9.3341740,6.1888648,14.3585960
1.2108968,-3.3490780,9.3366830,6.1849150,14.4188020
1.2076574,-3.3481767,9.3390360,6.1805293,14.4775840
1.2044832,-3.3470614,9.3411582,6.1756802,14.5393200
1.2013735,-3.3457893,9.3429742,6.1703392,14.6003530
1.1983157,-3.3444223,9.3444173,6.1644779,14.6730680
1.1952868,-3.3430191,9.3454340,6.1580703,14.7345820
1.1922569,-3.3416313,9.3459906,6.1510933,14.7920610
1.1891907,-3.3402992,9.3460789,6.1435274,14.8497720
1.1860506,-3.3390479,9.3457165,6.1353567,14.9113210
1.1828008,-3.3378858,9.3449478,6.1265685,14.9817730
1.1794068,-3.3368058,9.3438503,6.1171540,15.0399210
1.1758408,-3.3357864,9.3425248,6.1071072,15.0984130
1.1720836,-3.3347911,9.3410868,6.0964247,15.1569940
1.1681250,-3.3337764,9.3396622,6.0851059,15.2183640
1.1639713,-3.3326929,9.3383668,6.0731528,15.2803760
1.1596407,-3.3314906,9.3373011,6.0605713,15.3505770
1.1551634,-3.3301266,9.3365458,6.0473724,15.4105710
1.1505804,-3.3285630,9.3361484,6.0335724,15.4717760
1.1459340,-3.3267694,9.3361227,6.0191944,15.5297330
1.1412687,-3.3247245,9.3364472,6.0042682,15.5902810
1.1366274,-3.3224148,9.3370650,5.9888294,15.6496170
1.1320485,-3.3198371,9.3378931,5.9729196,15.7523490
1.1275705,-3.3170003,9.3388349,5.9565855,15.8156590
1.1232282,-3.3139236,9.3397888,5.9398761,15.8778320
1.1190542,-3.3106343,9.3406584,5.9228418,15.9354480
1.1150778,-3.3071661,9.3413647,5.9055298,15.9928130
1.1113218,-3.3035572,9.3418499,5.8879821,16.0670030
1.1078050,-3.2998473,9.3420842,5.8702324,16.1290020
1.1045411,-3.2960763,9.3420700,5.8523040,16.1869160
1.1015414,-3.2922808,9.3418374,5.8342091,16.2453390
1.0988148,-3.2884917,9.3414409,5.8159484,16.3039960
1.0963665,-3.2847323,9.3409539,5.7975126,16.3616590
1.0941980,-3.2810189,9.3404619,5.7788844,16.4366580
1.0923027,-3.2773601,9.3400543,5.7600403,16.4974660
1.0906655,-3.2737554,9.3398182,5.7409545,16.5572630
1.0892610,-3.2701977,9.3398315,5.7216010,16.6158900
1.0880518,-3.2666748,9.3401562,5.7019556,16.6735570
1.0869914,-3.2631703,9.3408373,5.6819991,16.7483380
1.0860255,-3.2596698,9.3419031,5.6617179,16.8103820
1.0850953,-3.2561601,9.3433630,5.6411048,16.8703280
1.0841435,-3.2526269,9.3452071,5.6201599,16.9298280
1.0831157,-3.2490598,9.3474095,5.5988883,16.9880460
1.0819649,-3.2454498,9.3499265,5.5772978,17.0471020
1.0806552,-3.2417899,9.3527021,5.5553972,17.1543610
1.0791623,-3.2380761,9.3556744,5.5331934,17.2169590
1.0774784,-3.2343046,9.3587766,5.5106907,17.2747240
1.0756113,-3.2304675,9.3619395,5.4878916,17.3325470
1.0735838,-3.2265552,9.3650973,5.4647953,17.3947980
1.0714320,-3.2225580,9.3681897,5.4413996,17.4558980
1.0692007,-3.2184647,9.3711672,5.4177011,17.5283180
1.0669417,-3.2142687,9.3739982,5.3936960,17.5895770
1.0647076,-3.2099670,9.3766698,5.3693824,17.6470160
1.0625497,-3.2055583,9.3791877,5.3447620,17.7070460
1.0605136,-3.2010486,9.3815755,5.3198415,17.7687400
1.0586321,-3.1964487,9.3838703,5.2946330,17.8385170
1.0569268,-3.1917738,9.3861184,5.2691539,17.9005580
1.0554075,-3.1870442,9.3883682,5.2434264,17.9580950
1.0540717,-3.1822791,9.3906648,5.2174750,18.0161200
1.0529141,-3.1774913,9.3930418,5.1913253,18.0745260
1.0519245,-3.1726848,9.3955156,5.1650009,18.1390200
1.0510879,-3.1678510,9.3980803,5.1385195,18.2084690
1.0503905,-3.1629678,9.4007061,5.1118918,18.2732870
1.0498141,-3.1580049,9.4033401,5.0851188,18.3312260
1.0493407,-3.1529237,9.4059112,5.0581907,18.3887830
1.0489563,-3.1476806,9.4083403,5.0310877,18.4545270
1.0486458,-3.1422342,9.4105455,5.0037797,18.5126020
1.0483955,-3.1365465,9.4124501,4.9762295,18.6186890
1.0481904,-3.1305919,9.4139941,4.9483953,18.6773450
1.0480099,-3.1243643,9.4151374,4.9202351,18.7378910
1.0478305,-3.1178786,9.4158716,4.8917096,18.7961520
1.0476256,-3.1111736,9.4162252,4.8627857,18.8548340
1.0473650,-3.1043117,9.4162611,4.8334398,18.9246430
1.0470167,-3.0973726,9.4160732,4.8036592,18.9874350
1.0465478,-3.0904503,9.4157759,4.7734439,19.0485810
1.0459253,-3.0836462,9.4154936,4.7428062,19.1062760
1.0451187,-3.0770591,9.4153486,4.7117694,19.1689380
1.0441038,-3.0707764,9.4154518,4.6803650,19.2268150
1.0428630,-3.0648646,9.4158907,4.6486295,19.2962270
1.0413884,-3.0593554,9.4167179,4.6166015,19.3577190
1.0396835,-3.0542432,9.4179488,4.5843187,19.4164340
1.0377650,-3.0494809,9.4195572,4.5518145,19.4740920
1.0356629,-3.0449813,9.4214827,4.5191166,19.5333700
1.0334201,-3.0406277,9.4236438,4.4862461,19.6031320
1.0310895,-3.0362797,9.4259462,4.4532175,19.6634520
1.0287302,-3.0317847,9.4282970,4.4200403,19.7245780
1.0264056,-3.0269918,9.4306144,4.3867200,19.7829240
1.0241790,-3.0217624,9.4328363,4.3532589,19.8447800
1.0221096,-3.0159845,9.4349295,4.3196579,19.9040950
1.0202506,-3.0095862,9.4368945,4.2859177,20.0132440
1.0186421,-3.0025408,9.4387667,4.2520401,20.0709470
1.0173129,-2.9948701,9.4406094,4.2180299,20.1308730
1.0162768,-2.9866431,9.4425063,4.1838937,20.1928660
1.0155325,-2.9779671,9.4445508,4.1496396,20.2501990
1.0150667,-2.9689821,9.4468334,4.1152754,20.3079400
1.0148550,-2.9598486,9.4494307,4.0808052,20.3830760
1.0148639,-2.9507344,9.4523956,4.0462300,20.4405110
1.0150559,-2.9418036,9.4557474,4.0115462,20.5005190
1.0153924,-2.9332011,9.4594658,3.9767443,20.5589800
1.0158257,-2.9250413,9.4635051,3.9418170,20.6163910
1.0163116,-2.9174019,9.4677846,3.9067554,20.6940180
1.0168447,-2.9103239,9.4721694,3.8715343,20.7517100
1.0174227,-2.9038092,9.4765119,3.8361308,20.8090850
1.0180191,-2.8978078,9.4806666,3.8005484,20.8673980
1.0186076,-2.8922338,9.4844971,3.7648011,20.9260150
1.0191601,-2.8870229,9.4879090,3.7288814,20.9836900
1.0196040,-2.8820937,9.4908539,3.6928079,21.0592810
1.0199391,-2.8772664,9.4932953,3.6566453,21.1166060
1.0200142,-2.8723138,9.4952039,3.6204965,21.1738670
1.0195503,-2.8672086,9.4968668,3.5845199,21.2330710
1.0182034,-2.8618819,9.4986076,3.5489365,21.2944660
1.0157890,-2.8557477,9.5000189,3.5139852,21.3518680
1.0121277,-2.8484259,9.5007482,3.4799398,21.4593110
1.0067894,-2.8392674,9.5010732,3.4473110,21.5170570
1.0006249,-2.8279401,9.5010497,3.4165503,21.5756090
0.9939282,-2.8143967,9.5011572,3.3878872,21.6343240
0.9868192,-2.7990050,9.5011042,3.3613848,21.6947380
0.9801977,-2.7818476,9.5001797,3.3366132,21.7541090
0.9752414,-2.7634618,9.4975993,3.3128011,21.8271730
0.9733260,-2.7451172,9.4932619,3.2888874,21.8845300
0.9770057,-2.7285314,9.4871128,3.2633282,21.9430630
0.9868873,-2.7159817,9.4793204,3.2341825,22.0080930
1.0042030,-2.7101195,9.4701982,3.1991643,22.0660610
1.0292278,-2.7134148,9.4600359,3.1558337,22.1380950
1.0607097,-2.7289524,9.4513326,3.1019435,22.1965320
1.0972825,-2.7574022,9.4434387,3.0358300,22.2561660
1.1363667,-2.8001648,9.4395915,2.9568689,22.3148940
1.1727561,-2.8554445,9.4416277,2.8659101,22.3759650
1.2019536,-2.9202545,9.4513484,2.7656664,22.4379130
1.2172335,-2.9887357,9.4708519,2.6609958,22.5081390
1.2120861,-3.0527127,9.5017751,2.5589848,22.5691170
1.1800446,-3.1019148,9.5450113,2.4688581,22.6317000
1.1155776,-3.1242861,9.6004983,2.4016489,22.6925390
1.0145764,-3.1065833,9.6671148,2.3696399,22.7504960
0.8750096,-3.0354543,9.7425155,2.3856672,22.8087970
0.6971429,-2.8986022,9.8229316,2.4622315,22.9147600
0.4842006,-2.6859434,9.9037010,2.6105916,22.9750740
0.2416328,-2.3904333,9.9794196,2.8399075,23.0367910
-0.0228535,-2.0094943,10.0441390,3.1563481,23.0943080
-0.3001807,-1.5454703,10.0922693,3.5624729,23.1522100
-0.5793837,-1.0053202,10.1188758,4.0568306,23.2117290
-0.8497281,-0.4006075,10.1200516,4.6337919,23.2854380
-1.1007448,0.2533671,10.0933455,5.2838596,23.3430840
-1.3228733,0.9370752,10.0391910,5.9942276,23.4017230
-1.5084538,1.6299064,9.9593384,6.7495573,23.4612490
-1.6513497,2.3119527,9.8576555,7.5329775,23.5187730
-1.7493110,2.9622478,9.7394475,8.3272402,23.5790950
-1.8009146,3.5643781,9.6114256,9.1158673,23.6562160
-1.8075361,4.1054443,9.4809438,9.8842716,23.7143920
-1.7721697,4.5771638,9.3551011,10.6207710,23.7770890
-1.6984281,4.9760819,9.2404505,11.3172320,23.8350380
-1.5908791,5.3035125,9.1412066,11.9694129,23.8927260
-1.4536321,5.5647967,9.0595621,12.5771181,23.9585960
-1.2887632,5.7704507,8.9948221,13.1440910,24.0297090
-1.1014760,5.9287389,8.9436115,13.6773214,24.0896960
-0.8926742,6.0516961,8.8997651,14.1861332,24.1514710
-0.6628858,6.1503054,8.8549404,14.6813203,24.2092050
-0.4117421,6.2340257,8.7993532,15.1740628,24.2665430
-0.1389122,6.3098606,8.7225910,15.6748557,24.3763330
0.1560900,6.3810974,8.6150562,16.1924902,24.4354010
0.4734175,6.4497136,8.4680129,16.7332801,24.4952870
0.8128166,6.5147191,8.2760329,17.3005826,24.5570410
1.1715234,6.5737272,8.0358866,17.8944400,24.6146150
1.5461542,6.6233441,7.7484634,18.5115812,24.6736860
1.9315637,6.6604779,7.4183725,19.1457798,24.7474470
2.3213123,6.6833111,7.0542652,19.7884525,24.8053830
2.7074584,6.6911562,6.6675077,20.4293898,24.8683310
3.0818567,6.6858977,6.2731321,21.0576242,24.9265660
3.4356860,6.6711561,5.8849197,21.6622895,24.9854640
3.7606427,6.6529707,5.5176166,22.2334012,25.0433890
4.0495512,6.6381269,5.1860324,22.7626234,25.1152040
4.2966400,6.6341474,4.9017256,23.2437201,25.1771350
4.4973878,6.6477312,4.6750926,23.6728775,25.2386990
4.6491160,6.6848976,4.5112252,24.0488555,25.2990480
4.7517579,6.7479931,4.4134968,24.3728048,25.3601970
4.8069398,6.8372326,4.3801413,24.6479868,25.4175700
4.8173599,6.9490310,4.4083939,24.8793976,25.4870520
4.7878358,7.0775793,4.4919021,25.0732357,25.5495240
4.7238607,7.2138505,4.6213721,25.2363870,25.6081700
4.6313989,7.3480429,4.7878514,25.3762621,25.6656030
4.5180168,7.4687664,4.9817658,25.5002286,25.7238680
4.3911905,7.5651583,5.1944321,25.6150722,25.8321230
4.2575918,7.6272760,5.4177431,25.7268944,25.8929550
4.1240282,7.6483947,5.6438847,25.8406691,25.9549280
3.9965170,7.6251316,5.8666005,25.9602933,26.0129810
3.8803045,7.5571169,6.0814830,26.0888255,26.0743740
3.7812923,7.4489378,6.2835069,26.2284735,26.1326220
3.7025040,7.3078422,6.4699544,26.3807740,26.2065560
3.6466361,7.1439829,6.6385657,26.5467676,26.2674670
3.6150210,6.9700645,6.7863313,26.7271893,26.3250670
3.6068655,6.7983083,6.9140190,26.9225752,26.3851660
3.6205477,6.6425503,7.0179080,27.1333834,26.4479340
3.6541839,6.5134174,7.0975583,27.3600351,26.5085710
3.7028798,6.4199949,7.1524922,27.6028228,26.5785010
3.7632063,6.3681916,7.1818463,27.8619269,26.6382160
3.8298371,6.3599873,7.1860973,28.1373294,26.6967310
3.8978005,6.3938833,7.1664535,28.4286638,26.7541050
3.9623364,6.4646565,7.1254643,28.7351355,26.8170370
4.0193482,6.5640423,7.0667104,29.0553930,26.8781990
4.0659256,6.6815697,6.9947914,29.3874613,26.9500570
4.0998557,6.8055170,6.9152664,29.7288175,27.0114050
4.1203554,6.9238847,6.8340444,30.0764830,27.0689430
4.1282178,7.0253081,6.7572987,30.4272358,27.1293840
4.1247928,7.1003128,6.6909982,30.7779592,27.1940680
4.1126473,7.1416508,6.6401207,31.1258841,27.2990590
4.0939227,7.1447582,6.6086217,31.4688935,27.3592010
4.0716812,7.1085434,6.5989649,31.8057818,27.4166920
4.0483601,7.0352282,6.6117395,32.1363385,27.4794350
4.0259645,6.9309217,6.6452359,32.4614746,27.5372070
4.0059094,6.8030667,6.6970121,32.7832326,27.5963280
3.9886217,6.6610555,6.7626611,33.1046537,27.6683260
3.9748217,6.5168231,6.8367855,33.4295245,27.7288810
3.9628777,6.3799107,6.9130078,33.7620914,27.7939420
3.9519746,6.2602858,6.9848069,34.1066992,27.8530940
3.9406284,6.1662541,7.0460899,34.4674065,27.9106780
3.9271462,6.1039059,7.0914012,34.8477336,27.9733550
3.9106384,6.0766461,7.1170110,35.2503619,28.0428870
3.8902756,6.0851776,7.1200604,35.6768318,28.1061070
3.8658123,6.1269836,7.0994111,36.1274315,28.1664920
3.8403304,6.2002904,7.0552624,36.6013612,28.2238750
3.8134140,6.2972822,6.9893330,37.0967389,28.2839570
3.7874856,6.4109725,6.9044066,37.6105801,28.3425270
3.7652636,6.5338371,6.8041485,38.1390832,28.4117460
3.7498117,6.6585652,6.6928710,38.6778816,28.4734050
3.7435764,6.7786871,6.5750325,39.2223245,28.5320880
3.7485473,6.8874705,6.4555765,39.7677062,28.5898870
3.7660663,6.9807249,6.3384420,40.3095099,28.6522190
3.7975184,7.0553638,6.2280058,40.8437353,28.7099660
3.8421458,7.1100115,6.1270980,41.3670341,28.8140300
3.8988729,7.1444583,6.0379817,41.8767841,28.8758160
3.9656875,7.1596879,5.9619222,42.3711816,28.9332200
4.0401146,7.1579992,5.8998552,42.8492919,28.9963200
4.1188000,7.1416951,5.8514056,43.3109892,29.0541270
4.1986817,7.1137918,5.8176036,43.7569063,29.1292550
4.2763500,7.0768845,5.7968669,44.1883132,29.1920990
4.3487110,7.0339499,5.7872345,44.6068760,29.2496290
4.4134405,6.9871639,5.7879036,45.0145467,29.3073180
4.4691332,6.9386082,5.7966306,45.4134074,29.3655450
4.5148734,6.8895989,5.8129266,45.8055191,29.4270960
4.5500688,6.8421571,5.8342892,46.1928672,29.4986340
4.5754609,6.7965899,5.8601189,46.5772402,29.5626070
4.5926397,6.7537117,5.8878679,46.9601586,29.6205490
4.6030941,6.7138582,5.9163409,47.3428559,29.6780370
4.6091669,6.6776768,5.9445607,47.7262542,29.7437440
4.6128535,6.6452114,5.9706386,48.1109907,29.8018770
4.6162709,6.6171932,5.9933370,48.4974655,29.8738930
4.6212971,6.5937170,6.0115342,48.8858733,29.9364350
4.6295325,6.5749629,6.0241008,49.2762162,29.9938690
4.6421061,6.5607986,6.0303157,49.6683490,30.0544670
4.6599996,6.5511336,6.0292387,50.0620129,30.1142890
4.6835120,6.5457495,6.0208448,50.4568571,30.1722660
4.7127535,6.5434003,6.0062666,50.8524747,30.2759040
4.7476202,6.5437200,5.9851064,51.2484295,30.3373260
4.7875381,6.5456189,5.9581533,51.6442400,30.3949400
4.8319180,6.5478730,5.9265924,52.0394115,30.4577670
4.8799697,6.5493642,5.8912521,52.4335369,30.5164810
4.9310076,6.5489275,5.8541106,52.8262746,30.5779030
4.9840215,6.5455180,5.8165535,53.2173866,30.6510430
5.0383465,6.5384325,5.7797223,53.6067540,30.7114830
5.0930153,6.5266813,5.7451073,53.9942782,30.7731370
5.1475941,6.5102954,5.7135719,54.3799235,30.8310270
5.2014452,6.4890841,5.6859426,54.7637159,30.8885370
5.2540226,6.4632653,5.6624743,55.1457121,30.9633910
5.3049004,6.4332899,5.6433736,55.5260215,31.0257410
5.3536247,6.3998902,5.6286333,55.9047641,31.0830790
5.4002570,6.3639103,5.6179388,56.2820432,31.1428370
5.4444489,6.3262764,5.6107705,56.6579375,31.2015590
5.4862023,6.2879496,5.6064853,57.0324878,31.2593590
5.5257162,6.2498672,5.6043694,57.4057020,31.3364240
5.5628913,6.2128246,5.6036655,57.7775617,31.3937080
5.5980531,6.1774382,5.6036339,58.1480316,31.4514980
5.6313935,6.1441894,5.6036167,58.5170709,31.5097640
5.6631510,6.1134102,5.6030451,58.8846403,31.5684620
5.6936135,6.0851311,5.6014650,59.2507145,31.6259920
5.7232425,6.0593125,5.5985388,59.6152861,31.7362430
5.7523695,6.0357087,5.5940025,59.9783544,31.7936130
5.7812816,6.0139714,5.5876671,60.3399321,31.8534050
5.8102723,5.9936559,5.5794757,60.7000412,31.9120510
5.8395455,5.9742657,5.5694776,61.0587075,31.9734170
5.8693034,5.9553530,5.5577609,61.4159754,32.0356520
5.8996978,5.9365302,5.5444688,61.7718990,32.1232680
5.9308359,5.9174793,5.5298097,62.1265353,32.1836400
5.9627795,5.8979856,5.5140362,62.4799501,32.2427260
5.9955066,5.8779419,5.4974419,62.8322217,32.3000870
6.0289407,5.8573468,5.4803426,63.1834416,32.3584260
6.0629622,5.8362972,5.4630568,63.5337219,32.4341620
6.0974138,5.8149676,5.4458954,63.8831940,32.4924990
6.1321439,5.7935766,5.4291364,64.2319960,32.5520830
6.1669974,5.7723644,5.4130080,64.5802730,32.6107160
6.2018183,5.7515705,5.3976786,64.9281714,32.6683710
6.2364639,5.7314038,5.3832349,65.2758283,32.7267210
6.2707852,5.7120351,5.3696686,65.6233678,32.7997790
6.3046397,5.6935848,5.3568766,65.9708889,32.8572590
6.3378996,5.6761192,5.3446605,66.3184560,32.9162550
6.3704424,5.6596557,5.3327436,66.6660911,32.9738950
6.4021586,5.6441676,5.3208037,67.0137684,33.0319550
6.4329494,5.6295892,5.3084965,67.3614125,33.0954930
6.4627275,5.6158191,5.2954858,67.7088971,33.2051760
6.4914250,5.6027360,5.2814776,68.0560497,33.2638180
6.5189988,5.5901905,5.2662514,68.4026585,33.3214700
6.5454388,5.5780143,5.2496839,68.7484783,33.3848560
6.5707754,5.5660351,5.2317683,69.0932402,33.4458750
6.5950863,5.5540568,5.2126181,69.4366621,33.5034900
6.6185003,5.5418723,5.1924536,69.7784569,33.5754630
6.6411954,5.5292617,5.1715882,70.1183445,33.6331570
6.6633938,5.5159797,5.1504007,70.4560647,33.6905460
6.6853512,5.5017830,5.1293043,70.7913852,33.7488310
6.7073440,5.4864450,5.1087165,71.1241117,33.8139630
6.7296530,5.4697661,5.0890208,71.4540951,33.8717820
6.7525495,5.4516000,5.0705370,71.7812356,33.9440340
6.7762738,5.4318519,5.0534967,72.1054877,34.0021550
6.8010151,5.4104758,5.0380210,72.4268634,34.0595760
6.8269003,5.3874849,5.0241226,72.7454300,34.1223930
6.8539802,5.3629392,5.0117172,73.0613064,34.1841600
6.8822304,5.3369531,5.0006269,73.3746561,34.2540590
6.9115625,5.3097021,4.9906083,73.6856757,34.3170470
6.9418258,5.2814096,4.9813688,73.9945840,34.3747810
6.9728143,5.2523492,4.9725755,74.3016094,34.4322970
7.0042887,5.2228104,4.9638976,74.6069765,34.4938170
7.0359839,5.1930782,4.9550208,74.9108933,34.5524650
7.0676374,5.1634213,4.9456635,75.2135389,34.6554480
7.0990293,5.1340524,4.9355939,75.5150525,34.7139920
7.1299720,5.1051452,4.9246267,75.8155273,34.7751930
7.1603143,5.0768495,4.9126310,76.1150098,34.8381720
7.1899310,5.0492761,4.8995278,76.4134974,34.8964350
7.2187819,5.0224904,4.8852838,76.7109385,34.9538810
7.2467383,4.9965249,4.8699227,77.0072428,35.0285160
7.2737753,4.9714039,4.8535203,77.3022871,35.0888660
7.2998554,4.9471394,4.8362133,77.5959280,35.1489830
7.3249682,4.9237350,4.8182186,77.8880230,35.2094920
7.3490837,4.9012392,4.7998073,78.1784321,35.2669280
7.3721082,4.8796931,4.7812905,78.4670171,35.3241350
7.3939264,4.8592299,4.7630095,78.7536617,35.3949720
7.4145077,4.8401790,4.7453383,79.0382921,35.4561540
7.4338058,4.8228681,4.7286289,79.3208547,35.5149840
7.4517406,4.8080458,4.7131227,79.6013322,35.5740270
7.4682237,4.7959748,4.6989495,79.8797165,35.6359350
7.4831576,4.7870162,4.6860932,80.1559456,35.7065340
7.4961372,4.7814559,4.6743505,80.4299530,35.7680870
7.5077152,4.7793835,4.6632864,80.7016584,35.8275720
7.5182831,4.7806152,4.6522572,80.9709588,35.8862750
7.5282255,4.7843287,4.6405086,81.2377606,35.9436380
7.5380440,4.7893864,4.6271370,81.5019659,36.0019880
7.5485036,4.7942560,4.6111101,81.7634789,36.1110200
7.5605841,4.7968930,4.5914099,82.0222690,36.1711660
7.5753261,4.7949857,4.5671134,82.2784512,36.2329720
7.5941425,4.7862475,4.5374586,82.5323006,36.2905250
7.6184074,4.7684437,4.5021296,82.7843055,36.3536190
7.6494574,4.7396920,4.4610927,83.0351938,36.4145060
7.6886428,4.6994625,4.4142658,83.2859056,36.4868270
7.7360540,4.6472148,4.3616639,83.5376128,36.5489290
7.7919401,4.5843435,4.3042099,83.7916751,36.6064470
7.8558970,4.5132921,4.2433632,84.0495456,36.6640540
7.9263235,4.4378060,4.1803105,84.3126638,36.7253740
8.0010448,4.3626675,4.1164557,84.5823291,36.7841150
8.0766879,4.2933825,4.0534594,84.8595678,36.8534400
8.1493736,4.2357692,3.9930956,85.1450278,36.9127480
8.2145449,4.1955827,3.9371307,85.4389044,36.9713250
8.2676399,4.1779435,3.8874261,85.7408812,37.0324170
8.3040886,4.1867341,3.8459936,86.0501465,37.0958570
8.3203303,4.2244264,3.8147158,86.3654362,37.1658150
8.3134075,4.2918353,3.7955505,86.6851055,37.2264920
8.2818144,4.3888519,3.7893621,87.0073065,37.2889650
8.2247215,4.5117843,3.7973522,87.3301534,37.3497860
8.1442674,4.6566282,3.8193980,87.6518983,37.4074570
8.0438159,4.8174547,3.8549262,87.9711207,37.4667830
7.9284456,4.9875498,3.9021276,88.2868453,37.5712280
7.8037306,5.1595987,3.9582097,88.5986155,37.6359230
7.6765334,5.3262363,4.0193000,88.9065567,37.6984760
7.5540557,5.4803688,4.0805958,89.2113862,37.7560120
7.4431460,5.6156221,4.1366117,89.5142902,37.8137100
7.3502051,5.7266553,4.1816981,89.8167805,37.8719090
7.2804816,5.8092173,4.2102912,90.1205068,37.9456580
7.2386490,5.8612233,4.2171614,90.4270149,38.0033040
7.2263796,5.8809090,4.1978869,90.7375374,38.0615180
7.2441895,5.8685915,4.1500338,91.0527958,38.1195820
7.2915782,5.8258429,4.0733640,91.3728011,38.1787190
7.3654058,5.7555587,3.9691453,91.6966991,38.2381810
7.4617128,5.6616814,3.8408242,92.0227628,38.3127830
7.5751877,5.5490145,3.6939526,92.3484357,38.3730510
7.6997866,5.4229035,3.5358191,92.6704589,38.4307300
7.8289372,5.2889670,3.3750028,92.9851051,38.4925010
7.9560926,5.1528721,3.2208342,93.2884472,38.5512910
8.0752104,5.0201531,3.0827182,93.5766807,38.6090270
8.1809924,4.8960169,2.9694035,93.8464913,38.6838500
8.2692422,4.7852596,2.8883660,94.0954121,38.7413620
8.3370176,4.6922999,2.8451865,94.3221052,38.7986470
8.3823527,4.6209308,2.8425285,94.5265887,38.8579730
8.4046378,4.5735920,2.8808577,94.7103481,38.9193070
8.4050210,4.5524280,2.9574035,94.8763205,39.0276480
8.3858223,4.5578641,3.0665893,95.0287874,39.0871550
8.3495126,4.5892812,3.2004866,95.1731139,39.1449120
8.3000315,4.6452184,3.3491925,95.3154075,39.2030500
8.2412736,4.7226026,3.5015533,95.4621155,39.2655340
8.1774539,4.8171352,3.6459792,95.6195245,39.3264810
8.1127356,4.9232973,3.7713192,95.7932995,39.4001770
8.0511672,5.0346423,3.8676794,95.9880568,39.4587280
7.9965801,5.1440128,3.9272486,96.2069831,39.5191600
7.9522356,5.2440363,3.9447121,96.4516001,39.5806860
7.9211906,5.3280923,3.9176286,96.7216767,39.6418000
7.9052759,5.3903121,3.8463313,97.0152125,39.6994340
7.9055539,5.4263393,3.7342885,97.3285883,39.7747060
7.9226176,5.4332410,3.5878779,97.6568524,39.8321940
7.9560318,5.4103194,3.4157542,97.9940169,39.8921790
8.0034940,5.3589811,3.2275695,98.3335240,39.9535870
8.0625655,5.2828391,3.0341413,98.6687329,40.0143760
8.1298941,5.1873649,2.8463069,98.9933800,40.0743380
8.2013440,5.0790981,2.6744395,99.3020461,40.1447390
8.2721884,4.9654194,2.5278441,99.5905273,40.2021120
8.3377679,4.8539923,2.4142418,99.8560954,40.2616650
8.3936986,4.7520717,2.3394079,100.0976575,40.3232640
8.4362474,4.6659988,2.3070256,100.3158576,40.3812010
8.4628406,4.6011423,2.3184383,100.5129594,40.4446710
8.4712592,4.5611837,2.3725853,100.6926256,40.5461050
8.4607153,4.5476276,2.4665664,100.8596584,40.6076180
8.4326968,4.5608616,2.5949657,101.0195666,40.6658820
8.3890293,4.5985398,2.7500869,101.1781766,40.7233500
8.3321393,4.6571384,2.9232473,101.3412544,40.7829380
8.2663776,4.7320500,3.1052472,101.5140522,40.8545770
8.1958280,4.8173343,3.2859687,101.7009492,40.9198940
8.1252923,4.9064645,3.4552380,101.9051881,40.9778430
8.0591462,4.9926987,3.6035465,102.1286824,41.0386300
8.0017921,5.0694668,3.7225176,102.3719443,41.1005730
7.9571743,5.1309506,3.8053555,102.6341276,41.1592460
7.9288731,5.1726323,3.8472469,102.9131241,41.2333130
7.9183114,5.1908791,3.8454116,103.2057529,41.2931400
7.9271423,5.1837687,3.7994708,103.5080080,41.3506910
7.9556820,5.1509261,3.7125355,103.8152944,41.4122900
8.0034370,5.0951321,3.5891883,104.1227256,41.4697760
8.0673100,5.0189852,3.4365789,104.4253951,41.5273430
8.1441901,4.9275586,3.2630554,104.7186439,41.6030740
8.2298339,4.8264233,3.0786492,104.9983146,41.6607470
8.3197025,4.7217620,2.8939320,105.2609424,41.7183430
8.4081520,4.6198129,2.7196057,105.5038895,41.7774870
8.4898230,4.5265306,2.5658492,105.7254475,41.8360600
8.5600270,4.4470887,2.4417740,105.9249600,41.8937340
8.6145819,4.3855674,2.3547282,106.1028149,42.0042690
8.6501342,4.3456324,2.3099671,106.2603953,42.0614810
8.6641926,4.3284138,2.3102707,106.4000491,42.1204350
8.6571347,4.3353673,2.3553812,106.5249448,42.1790480
8.6297033,4.3655296,2.4417373,106.6389388,42.2411970
8.5834466,4.4170300,2.5632566,106.7464559,42.3043130
8.5219551,4.4868688,2.7122544,106.8522311,42.3741410
8.4491766,4.5713300,2.8784733,106.9610187,42.4349920
8.3699032,4.6659192,3.0503561,107.0773841,42.4967590
8.2891386,4.7655741,3.2159279,107.2054720,42.5575500
8.2119615,4.8648933,3.3635167,107.3487737,42.6181460
8.1430645,4.9583524,3.4824860,107.5099671,42.6767640
8.0864752,5.0405819,3.5640100,107.6907440,42.7460880
8.0457900,5.1067873,3.6017680,107.8916690,42.8046630
8.0234321,5.1530134,3.5922592,108.1121681,42.8663780
8.0202168,5.1759711,3.5350139,108.3505638,42.9244250
8.0365843,5.1744846,3.4326884,108.6041570,42.9867580
8.0712464,5.1489676,3.2906106,108.8694073,43.0562210
8.1213400,5.1007206,3.1170649,109.1421168,43.1173200
8.1832178,5.0332380,2.9221056,109.4176739,43.1756330
8.2527782,4.9507888,2.7169832,109.6913480,43.2365280
8.3245296,4.8587209,2.5133156,109.9585623,43.2953580
8.3937552,4.7635080,2.3224976,110.2152301,43.3542960
8.4552377,4.6711958,2.1557839,110.4580367,43.4594680
8.5044570,4.5878286,2.0231984,110.6846844,43.5206870
8.5375832,4.5188746,1.9309829,110.8941285,43.5804590
8.5521130,4.4687097,1.8854475,111.0865805,43.6418900
8.5469640,4.4396589,1.8883893,111.2635163,43.6995580
8.5221325,4.4327863,1.9403651,111.4275777,43.7572020
8.4794477,4.4470937,2.0386051,111.5823139,43.8347210
8.4215991,4.4818500,2.1783183,111.7320188,43.8920860
8.3515467,4.5333808,2.3505901,111.8814538,43.9495320
8.2738284,4.5971267,2.5476841,112.0354452,44.0129230
8.1936108,4.6677678,2.7589832,112.1984417,44.0707840
8.1157853,4.7395404,2.9736601,112.3742760,44.1286920
8.0454349,4.8067923,3.1801850,112.5659319,44.2052540
7.9872522,4.8640817,3.3677667,112.7753063,44.2630070
7.9454496,4.9076968,3.5271430,113.0030490,44.3226240
7.9243097,4.9342958,3.6489330,113.2486198,44.3843140
7.9259005,4.9435865,3.7280868,113.5104595,44.4422450
7.9511909,4.9367487,3.7599181,113.7860749,44.5026690
8.0004795,4.9151611,3.7411802,114.0723222,44.5777840
8.0728256,4.8839129,3.6729484,114.3655514,44.6355250
8.1641808,4.8493408,3.5573333,114.6617696,44.6959410
8.2688895,4.8184810,3.3988928,114.9567528,44.7577760
8.3803481,4.7987630,3.2040768,115.2459559,44.8153340
8.4909810,4.7972408,2.9802086,115.5244973,44.8786180
8.5913295,4.8197021,2.7367841,115.7870381,44.9845210
8.6723930,4.8703604,2.4842531,116.0274243,45.0417800
8.7254873,4.9503865,2.2335932,116.2383098,45.1020400
8.7432001,5.0577821,1.9966652,116.4109169,45.1645890
8.7207762,5.1863499,1.7836000,116.5348293,45.2225390
8.6553381,5.3270324,1.6078606,116.5979677,45.2975360
8.5473335,5.4669093,1.4788276,116.5868222,45.3563360
8.4024310,5.5894605,1.4050435,116.4868482,45.4163670
8.2275012,5.6763144,1.3927002,116.2831543,45.4814650
8.0328774,5.7077174,1.4449132,115.9614380,45.5392090
7.8310869,5.6637973,1.5619848,115.5090835,45.5967080
7.6359608,5.5259895,1.7408109,114.9163769,45.6686850
7.4611227,5.2782861,1.9742840,114.1776693,45.7261020
7.3189770,4.9087117,2.2515521,113.2924238,45.7835600
7.2195836,4.4102176,2.5585179,112.2660074,45.8449510
7.1697260,3.7815034,2.8784111,111.1101249,45.9042890
7.1721912,3.0275631,3.1925978,109.8428472,45.9634450
7.2253842,2.1597723,3.4816275,108.4881527,46.0345750
7.3235778,1.1955222,3.7264986,107.0750283,46.0938150
7.4573047,0.1571813,3.9098348,105.6361504,46.1587270
7.6137107,-0.9278839,4.0169613,104.2062115,46.2175960
7.7775990,-2.0304663,4.0369600,102.8200938,46.2757710
7.9332216,-3.1198862,3.9633590,101.5109524,46.3829410
8.0658337,-4.1661284,3.7946866,100.3083994,46.4450560
8.1621887,-5.1416125,3.5344965,99.2369751,46.5065060
8.2117532,-6.0226736,3.1915268,98.3149106,46.5650350
8.2081624,-6.7905764,2.7786485,97.5533457,46.6227260
8.1492788,-7.4324569,2.3121461,96.9560744,46.6850850
8.0373655,-7.9418382,1.8106650,96.5197951,46.7550480
7.8787873,-8.3185771,1.2939371,96.2348212,46.8185330
7.6833940,-8.5684265,0.7814386,96.0861985,46.8805830
7.4634195,-8.7022617,0.2911483,96.0550900,46.9381520
7.2327646,-8.7348653,-0.1614500,96.1202784,46.9957000
7.0055497,-8.6835135,-0.5642398,96.2597376,47.0551200
6.7941788,-8.5673577,-0.9090909,96.4520728,47.1287270
6.6096044,-8.4051051,-1.1923252,96.6777432,47.1862360
6.4601357,-8.2144582,-1.4140144,96.9200220,47.2454660
6.3508903,-8.0112400,-1.5778058,97.1655647,47.3040630
6.2836547,-7.8086444,-1.6902255,97.4046544,47.3615770
6.2571082,-7.6169462,-1.7597510,97.6311135,47.4390620
6.2674226,-7.4431477,-1.7962664,97.8419045,47.4978030
6.3091341,-7.2911025,-1.8102250,98.0366010,47.5579070
6.3753218,-7.1624707,-1.8109316,98.2166808,47.6191820
6.4586657,-7.0566603,-1.8055841,98.3848236,47.6767190
6.5519248,-6.9712746,-1.8019629,98.5443614,47.7368670
6.6488374,-6.9026400,-1.8036141,98.6986660,47.8416480
6.7443834,-6.8472498,-1.8140454,98.8507473,47.9014180
6.8347225,-6.8011592,-1.8339810,99.0030130,47.9633400
6.9174199,-6.7617832,-1.8634061,99.1570427,48.0211750
6.9915899,-6.7253520,-1.9001512,99.3136468,48.0788340
7.0568437,-6.6895797,-1.9438453,99.4730661,48.1415600
7.1138083,-6.6526662,-1.9913065,99.6351246,48.2119470
7.1637492,-6.6134940,-2.0409455,99.7992867,48.2692900
7.2078309,-6.5714574,-2.0905943,99.9648724,48.3285780
7.2473264,-6.5263743,-2.1391596,100.1312534,48.3872390
7.2832883,-6.4789497,-2.1860333,100.2979255,48.4485180
7.3162998,-6.4292414,-2.2300735,100.4644797,48.5206470
7.3479613,-6.3785606,-2.2724741,100.6306180,48.5791810
7.3786443,-6.3269745,-2.3122788,100.7962104,48.6380840
7.4082937,-6.2740697,-2.3495082,100.9611966,48.6958170
7.4371705,-6.2213428,-2.3858930,101.1256137,48.7580430
7.4658029,-6.1689393,-2.4214788,101.2895087,48.8168320
7.4940106,-6.1168094,-2.4566968,101.4529339,48.8904340
7.5216306,-6.0650673,-2.4918313,101.6159483,48.9479920
7.5487464,-6.0136950,-2.5266686,101.7785022,49.0130660
7.5754381,-5.9626888,-2.5616981,101.9404938,49.0712270
7.6017352,-5.9119403,-2.5967908,102.1018492,49.1318390
7.6276138,-5.8613180,-2.6317512,102.2625201,49.1945250
7.6531508,-5.8108316,-2.6667255,102.4224375,49.2959330
7.6781043,-5.7602596,-2.7010749,102.5815505,49.3581460
7.7030352,-5.7101335,-2.7368013,102.7398253,49.4168140
7.7277963,-5.6602068,-2.7719319,102.8972406,49.4749510
7.7515347,-5.6100574,-2.8066947,103.0538378,49.5381340
7.7747516,-5.5602248,-2.8413540,103.2096902,49.6080820
7.7973076,-5.5107563,-2.8759377,103.3648917,49.6696680
7.8191150,-5.4616974,-2.9104296,103.5195556,49.7338980
7.8400826,-5.4131092,-2.9448126,103.6737825,49.7915050
7.8601408,-5.3650520,-2.9790572,103.8276658,49.8515490
7.8792376,-5.3175550,-3.0131256,103.9812916,49.9128200
7.8973474,-5.2706259,-3.0469755,104.1347302,49.9983380
7.9144637,-5.2242530,-3.0805634,104.2880361,50.0607900
7.9306045,-5.1784072,-3.1138492,104.4412417,50.1184840
7.9458111,-5.1330438,-3.1467971,104.5943544,50.1759410
7.9601478,-5.0881101,-3.1793763,104.7473565,50.2375470
7.9737013,-5.0435491,-3.2115713,104.9002060,50.2961630
7.9865765,-4.9993078,-3.2433800,105.0528407,50.3655300
7.9988958,-4.9553498,-3.2748086,105.2051839,50.4246900
8.0107851,-4.9116490,-3.3058781,105.3571497,50.4831460
8.0223680,-4.8681954,-3.3366208,105.5086506,50.5435720
8.0337588,-4.8249943,-3.3670795,105.6596020,50.6070550
8.0450435,-4.7820443,-3.3973116,105.8099215,50.7094110
8.0562865,-4.7393519,-3.4273806,105.9595394,50.7694470
8.0675446,-4.6969586,-3.4573379,106.1084085,50.8311920
8.0788506,-4.6548981,-3.4872412,106.2565000,50.8887010
8.0901471,-4.6131610,-3.5171373,106.4038026,50.9508180
8.1014551,-4.5718230,-3.5470018,106.5503297,51.0089090
8.1126106,-4.5306639,-3.5770590,106.6960968,51.0789240
8.1239475,-4.4903154,-3.6072857,106.8411425,51.1388820
8.1357668,-4.4504904,-3.6373077,106.9855687,51.1998300
8.1465835,-4.4109185,-3.6675339,107.1294881,51.2578930
8.1569358,-4.3718120,-3.6973651,107.2730324,51.3170160
8.1666930,-4.3330264,-3.7270057,107.4163357,51.3747900
8.1756626,-4.2944941,-3.7562973,107.5594747,51.4462950
8.1835625,-4.2560983,-3.7850423,107.7025065,51.5077720
8.1901990,-4.2176020,-3.8132184,107.8454571,51.5671000
8.1953154,-4.1789780,-3.8407906,107.9882910,51.6259350
8.1988305,-4.1399951,-3.8678208,108.1308984,51.6835350
8.2007483,-4.1004858,-3.8941091,108.2730807,51.7461930
