0.0009770,-0.0000996,-0.0027683,0.0004937,2.5617330
0.0027167,-0.0002762,-0.0076472,0.0013419,2.6192760
0.0052707,-0.0005381,-0.0148463,0.0025603,2.6792490
0.0087594,-0.0008613,-0.0245973,0.0041349,2.7409380
0.0131622,-0.0012483,-0.0369259,0.0060214,2.7983880
0.0183603,-0.0016935,-0.0515050,0.0081385,2.9509170
0.0240565,-0.0021423,-0.0674060,0.0103093,3.0130860
0.0296410,-0.0025700,-0.0829338,0.0122124,3.0747550
0.0343062,-0.0028192,-0.0955729,0.0134563,3.1322480
0.0367125,-0.0027192,-0.1016678,0.0135089,3.1945890
0.0358334,-0.0026393,-0.0981753,0.0120401,3.2522040
0.0302230,-0.0024693,-0.0810404,0.0086826,3.4066340
0.0189448,-0.0031799,-0.0468776,0.0032349,3.4658710
0.0009742,-0.0044955,0.0063530,-0.0043147,3.5284710
-0.0233383,-0.0066307,0.0792123,-0.0136850,3.5871210
-0.0538243,-0.0089718,0.1690550,-0.0243859,3.6444250
-0.0889996,-0.0118432,0.2704203,-0.0355778,3.7074270
-0.1262334,-0.0149917,0.3767836,-0.0461816,3.8576360
-0.1618794,-0.0181723,0.4749536,-0.0549053,3.9169290
-0.1914508,-0.0210549,0.5504339,-0.0601473,3.9749150
-0.2096390,-0.0225445,0.5879264,-0.0603317,4.0369270
-0.2107048,-0.0207032,0.5704798,-0.0540337,4.0972310
-0.1889755,-0.0147916,0.4814129,-0.0400162,4.1583220
-0.1391099,-0.0041462,0.3061026,-0.0173220,4.2632880
-0.0565181,0.0122542,0.0336876,0.0147741,4.3312800
0.0625849,0.0340042,-0.3421451,0.0568107,4.3889990
0.2199548,0.0599238,-0.8222672,0.1091452,4.4489330
0.4159820,0.0874417,-1.4006261,0.1719579,4.5109590
0.6490901,0.1129579,-2.0653032,0.2453051,4.5687520
0.9156884,0.1316547,-2.7979451,0.3291174,4.6434310
1.2102372,0.1377436,-3.5754460,0.4231740,4.7054420
1.5253960,0.1247855,-4.3713681,0.5270719,4.7631440
1.8523414,0.0862222,-5.1578325,0.6401404,4.8210260
2.1811329,0.0159603,-5.9075250,0.7613655,4.8794200
2.5012065,-0.0909897,-6.5958772,0.8893298,4.9514170
2.8018908,-0.2378400,-7.2027414,1.0221707,5.0097730
3.0729442,-0.4254950,-7.7139555,1.1575789,5.0684260
3.3050732,-0.6520725,-8.1221598,1.2928439,5.1271210
3.4904459,-0.9127014,-8.4271492,1.4249521,5.1845640
3.6230574,-1.1994924,-8.6355570,1.5507388,5.2468460
3.6990197,-1.5018576,-8.7599287,1.6670816,5.3273470
3.7167509,-1.8070001,-8.8173010,1.7711238,5.3875230
3.6770346,-2.1006807,-8.8275058,1.8605073,5.4486710
3.5828919,-2.3681500,-8.8112252,1.9335881,5.5063820
3.4394142,-2.5951503,-8.7881852,1.9896165,5.5693530
3.2534288,-2.7689589,-8.7753975,2.0288538,5.6279420
3.0331139,-2.8793536,-8.7859849,2.0526110,5.7320640
2.7875389,-2.9193751,-8.8282893,2.0632014,5.7907390
2.5262249,-2.8858970,-8.9055660,2.0638001,5.8514510
2.2586067,-2.7798760,-9.0162319,2.0582254,5.9098340
1.9936241,-2.6062764,-9.1545940,2.0506566,5.9684520
1.7393448,-2.3737422,-9.3118454,2.0453125,6.0382700
1.5026033,-2.0939356,-9.4773540,2.0461225,6.1008050
1.2888088,-1.7806819,-9.6399948,2.0564192,6.1617130
1.1017934,-1.4489502,-9.7894801,2.0786824,6.2218000
0.9437847,-1.1138540,-9.9173383,2.1143606,6.2834650
0.8154665,-0.7895924,-10.0176783,2.1637847,6.3411970
0.7160785,-0.4885941,-10.0875811,2.2261851,6.4132410
0.6436588,-0.2207910,-10.1270714,2.2998052,6.4715220
0.5952771,0.0068026,-10.1388519,2.3821029,6.5322620
0.5673213,0.1903013,-10.1276085,2.4700143,6.5912260
0.5557783,0.3288892,-10.0993310,2.5602551,6.6498600
0.5565311,0.4244826,-10.0604494,2.6496271,6.7077810
0.5656012,0.4812893,-10.0170800,2.7352993,6.7814030
0.5793737,0.5051471,-9.9743851,2.8150387,6.8422720
0.5945190,0.5029109,-9.9354324,2.8872416,6.9016470
0.6096179,0.4816300,-9.9053704,2.9517783,6.9631560
0.6230478,0.4481833,-9.8851816,3.0088385,7.0208560
0.6338535,0.4087038,-9.8746780,3.0593406,7.1300100
0.6417639,0.3682971,-9.8727123,3.1047080,7.1888030
0.6468987,0.3308213,-9.8774593,3.1466540,7.2511490
0.6497144,0.2988256,-9.8867666,3.1869863,7.3091700
0.6508404,0.2737701,-9.8985464,3.2273822,7.3665610
0.6508629,0.2560473,-9.9109127,3.2691670,7.4252400
0.6504425,0.2453965,-9.9224981,3.3132893,7.4990760
0.6496933,0.2412471,-9.9317605,3.3601318,7.5567800
0.6490659,0.2421079,-9.9387950,3.4098789,7.6160470
0.6485175,0.2469843,-9.9435120,3.4623493,7.6743390
0.6483006,0.2536248,-9.9460739,3.5171724,7.7322190
0.6480088,0.2609869,-9.9470753,3.5738471,7.7982350
0.6481400,0.2678572,-9.9466873,3.6318900,7.8678040
0.6483748,0.2742763,-9.9456915,3.6907507,7.9280260
0.6484791,0.2797154,-9.9453399,3.7499631,7.9900620
0.6483813,0.2841342,-9.9438332,3.8090997,8.0476280
0.6480571,0.2875237,-9.9423371,3.8677508,8.1108490
0.6474354,0.2895554,-9.9417858,3.9257715,8.1841840
0.6465406,0.2901598,-9.9415932,3.9831274,8.2424750
0.6454873,0.2903507,-9.9414922,4.0398038,8.3022860
0.6443194,0.2902108,-9.9415311,4.0958193,8.3608980
0.6430547,0.2894338,-9.9418202,4.1511480,8.4212760
0.6415984,0.2885854,-9.9420897,4.2057403,8.4799590
0.6403125,0.2877349,-9.9421279,4.2595613,8.5828440
0.6390108,0.2870592,-9.9421953,4.3125858,8.6430560
0.6377266,0.2864448,-9.9419933,4.3647622,8.7077360
0.6365017,0.2859095,-9.9418513,4.4160363,8.7654730
0.6353896,0.2854379,-9.9417360,4.4663575,8.8277180
0.6344462,0.2850304,-9.9416365,4.5156761,8.8856550
0.6336944,0.2846437,-9.9415869,4.5639670,8.9578470
0.6331713,0.2842498,-9.9415780,4.6112195,9.0206980
0.6328731,0.2838430,-9.9415533,4.6574300,9.0783780
0.6328260,0.2834020,-9.9415391,4.7026047,9.1373520
0.6330137,0.2829517,-9.9414455,4.7467576,9.1949940
0.6334344,0.2824904,-9.9413140,4.7899114,9.2537470
0.6340525,0.2820277,-9.9410695,4.8320977,9.3268810
0.6348347,0.2815673,-9.9406780,4.8733560,9.3879800
0.6357457,0.2811377,-9.9401405,4.9137334,9.4454810
0.6367342,0.2807656,-9.9394712,4.9532825,9.5097660
0.6377431,0.2804457,-9.9386529,4.9920594,9.5676800
0.6387311,0.2801888,-9.9377254,5.0301216,9.6394440
0.6396450,0.2799725,-9.9366907,5.0675239,9.7059830
0.6404401,0.2797986,-9.9356590,5.1043155,9.7636240
0.6410794,0.2796548,-9.9346008,5.1405371,9.8212750
0.6415320,0.2795055,-9.9335990,5.1762179,9.8804430
0.6417741,0.2793609,-9.9327083,5.2113752,9.9392080
0.6418105,0.2791995,-9.9320273,5.2460125,10.0428010
0.6416515,0.2789967,-9.9315621,5.2801197,10.1014200
0.6413128,0.2787802,-9.9313692,5.3136739,10.1589760
0.6408451,0.2785492,-9.9314695,5.3466402,10.2213410
0.6402720,0.2783323,-9.9318993,5.3789751,10.2791580
0.6396302,0.2781391,-9.9325911,5.4106307,10.3540840
0.6389616,0.2780408,-9.9335274,5.4415589,10.4173400
0.6382886,0.2780445,-9.9346507,5.4717160,10.4747940
0.6376694,0.2781836,-9.9359109,5.5010667,10.5348110
0.6370886,0.2784561,-9.9372268,5.5295869,10.5932830
0.6365730,0.2788697,-9.9385075,5.5572666,10.6506610
0.6361006,0.2794145,-9.9397090,5.5841114,10.7286580
0.6356846,0.2800415,-9.9407432,5.6101429,10.7866890
0.6353093,0.2807328,-9.9415854,5.6353980,10.8475060
0.6349795,0.2814027,-9.9422399,5.6599264,10.9090370
0.6346703,0.2820201,-9.9427063,5.6837869,10.9667580
0.6343925,0.2825236,-9.9430232,5.7070446,11.0298930
0.6341395,0.2828633,-9.9432386,5.7297670,11.1003860
0.6339179,0.2830012,-9.9434173,5.7520197,11.1579930
0.6337566,0.2829278,-9.9436520,5.7738637,11.2163880
0.6336631,0.2826461,-9.9440263,5.7953515,11.2750740
0.6336821,0.2821693,-9.9446092,5.8165250,11.3325510
0.6338034,0.2815395,-9.9454746,5.8374131,11.4429450
0.6340671,0.2807971,-9.9465989,5.8580310,11.5014850
0.6344877,0.2799968,-9.9480076,5.8783796,11.5610660
0.6350405,0.2792103,-9.9496234,5.8984456,11.6237480
0.6357364,0.2784746,-9.9513876,5.9182029,11.6821080
0.6365402,0.2778432,-9.9531766,5.9376132,11.7402480
0.6374039,0.2773372,-9.9548395,5.9566283,11.8127660
0.6382761,0.2769902,-9.9562277,5.9751918,11.8749640
0.6391244,0.2767838,-9.9572228,5.9932419,11.9331280
0.6398656,0.2766934,-9.9576968,6.0107133,11.9949980
0.6404377,0.2766885,-9.9575299,6.0275402,12.0574880
0.6408003,0.2767179,-9.9567024,6.0436585,12.1152930
0.6409049,0.2767435,-9.9551854,6.0590090,12.1875130
0.6407273,0.2767107,-9.9529883,6.0735398,12.2487650
0.6402386,0.2765974,-9.9501766,6.0872091,12.3096540
0.6394593,0.2763841,-9.9469031,6.0999876,12.3673000
0.6384119,0.2760620,-9.9432947,6.1118591,12.4264720
0.6371510,0.2756153,-9.9394887,6.1228219,12.4972620
0.6357222,0.2750762,-9.9356674,6.1328883,12.5548230
0.6342245,0.2744880,-9.9320165,6.1420837,12.6175730
0.6327157,0.2738559,-9.9286722,6.1504456,12.6787970
0.6312784,0.2732244,-9.9257965,6.1580216,12.7364170
0.6300092,0.2726480,-9.9235246,6.1648658,12.7987080
0.6289773,0.2721558,-9.9218890,6.1710356,12.9033490
0.6282154,0.2718021,-9.9209282,6.1765887,12.9652200
0.6277517,0.2716077,-9.9206494,6.1815790,13.0233170
0.6275917,0.2716133,-9.9210219,6.1860548,13.0808410
0.6277168,0.2718105,-9.9219900,6.1900568,13.1403850
0.6281025,0.2722073,-9.9234811,6.1936169,13.2122050
0.6286747,0.2727774,-9.9253849,6.1967565,13.2705940
0.6293790,0.2735124,-9.9276529,6.1994885,13.3301880
0.6301280,0.2743801,-9.9301378,6.2018173,13.3915150
0.6308643,0.2753602,-9.9328165,6.2037416,13.4505790
0.6315282,0.2763968,-9.9355759,6.2052583,13.5129450
0.6320752,0.2774623,-9.9383456,6.2063637,13.5835860
0.6324713,0.2785242,-9.9411065,6.2070556,13.6411790
0.6327156,0.2795682,-9.9438316,6.2073348,13.7053680
0.6328196,0.2805544,-9.9464829,6.2072051,13.7632620
0.6328308,0.2814724,-9.9490502,6.2066734,13.8209600
0.6327959,0.2822972,-9.9515407,6.2057494,13.8837120
0.6327771,0.2830435,-9.9540009,6.2044440,13.9561680
0.6328306,0.2837278,-9.9563970,6.2027670,14.0137270
0.6330134,0.2843487,-9.9587175,6.2007253,14.0789420
0.6333920,0.2849423,-9.9609222,6.1983208,14.1370210
0.6339674,0.2855292,-9.9630397,6.1955499,14.1945490
0.6347550,0.2861151,-9.9650316,6.1924031,14.3010050
0.6357331,0.2867313,-9.9668750,6.1888648,14.3585960
0.6368646,0.2873774,-9.9685100,6.1849150,14.4188020
0.6380876,0.2880624,-9.9699055,6.1805293,14.4775840
0.6393105,0.2887722,-9.9710300,6.1756802,14.5393200
0.6404658,0.2895290,-9.9718132,6.1703392,14.6003530
0.6414573,0.2902785,-9.9722051,6.1644779,14.6730680
0.6422186,0.2910039,-9.9722075,6.1580703,14.7345820
0.6426621,0.2916524,-9.9717994,6.1510933,14.7920610
0.6427655,0.2921793,-9.9709939,6.1435274,14.8497720
0.6425058,0.2925609,-9.9698145,6.1353567,14.9113210
0.6418843,0.2927338,-9.9683047,6.1265685,14.9817730
0.6409390,0.2926829,-9.9665401,6.1171540,15.0399210
0.6397438,0.2923578,-9.9646049,6.1071072,15.0984130
0.6383573,0.2917539,-9.9625822,6.0964247,15.1569940
0.6368787,0.2908786,-9.9605677,6.0851059,15.2183640
0.6353986,0.2897303,-9.9586572,6.0731528,15.2803760
0.6340007,0.2883165,-9.9569112,6.0605713,15.3505770
0.6327811,0.2866872,-9.9554206,6.0473724,15.4105710
0.6317669,0.2848870,-9.9542016,6.0335724,15.4717760
0.6310103,0.2829639,-9.9532162,6.0191944,15.5297330
0.6305199,0.2809607,-9.9524629,6.0042682,15.5902810
0.6302903,0.2789446,-9.9518772,5.9888294,15.6496170
0.6303056,0.2769484,-9.9513920,5.9729196,15.7523490
0.6305116,0.2750275,-9.9508942,5.9565855,15.8156590
0.6308542,0.2732139,-9.9503167,5.9398761,15.8778320
0.6312958,0.2715447,-9.9495694,5.9228418,15.9354480
0.6317719,0.2700603,-9.9486026,5.9055298,15.9928130
0.6322304,0.2687719,-9.9473866,5.8879821,16.0670030
0.6326119,0.2677219,-9.9459180,5.8702324,16.1290020
0.6328976,0.2669282,-9.9442148,5.8523040,16.1869160
0.6330616,0.2664048,-9.9423300,5.8342091,16.2453390
0.6331016,0.2661478,-9.9403382,5.8159484,16.3039960
0.6330250,0.2661730,-9.9383378,5.7975126,16.3616590
0.6328444,0.2664666,-9.9363740,5.7788844,16.4366580
0.6325969,0.2670240,-9.9345481,5.7600403,16.4974660
0.6323030,0.2678211,-9.9329573,5.7409545,16.5572630
0.6319832,0.2688477,-9.9316546,5.7216010,16.6158900
0.6317050,0.2700357,-9.9306781,5.7019556,16.6735570
0.6314683,0.2713338,-9.9300678,5.6819991,16.7483380
0.6313225,0.2726903,-9.9298411,5.6617179,16.8103820
0.6312778,0.2740219,-9.9299788,5.6411048,16.8703280
0.6313257,0.2752513,-9.9304406,5.6201599,16.9298280
0.6314802,0.2763364,-9.9312196,5.5988883,16.9880460
0.6317282,0.2772152,-9.9322588,5.5772978,17.0471020
0.6320702,0.2778510,-9.9335081,5.5553972,17.1543610
0.6324874,0.2782162,-9.9348920,5.5331934,17.2169590
0.6329562,0.2783155,-9.9363806,5.5106907,17.2747240
0.6334465,0.2781389,-9.9378693,5.4878916,17.3325470
0.6339507,0.2777478,-9.9393334,5.4647953,17.3947980
0.6344581,0.2771716,-9.9406937,5.4413996,17.4558980
0.6349525,0.2764726,-9.9419245,5.4177011,17.5283180
0.6354111,0.2757170,-9.9429761,5.3936960,17.5895770
0.6358583,0.2749804,-9.9438591,5.3693824,17.6470160
0.6362915,0.2743126,-9.9445707,5.3447620,17.7070460
0.6367079,0.2737642,-9.9451228,5.3198415,17.7687400
0.6371001,0.2733922,-9.9455897,5.2946330,17.8385170
0.6374890,0.2732082,-9.9460088,5.2691539,17.9005580
0.6378568,0.2732492,-9.9464174,5.2434264,17.9580950
0.6382354,0.2734931,-9.9468611,5.2174750,18.0161200
0.6386016,0.2739259,-9.9473891,5.1913253,18.0745260
0.6389704,0.2745286,-9.9480232,5.1650009,18.1390200
0.6393481,0.2752798,-9.9487708,5.1385195,18.2084690
0.6397405,0.2761610,-9.9495835,5.1118918,18.2732870
0.6401731,0.2771447,-9.9503827,5.0851188,18.3312260
0.6406477,0.2782021,-9.9511143,5.0581907,18.3887830
0.6411607,0.2793097,-9.9516677,5.0310877,18.4545270
0.6417352,0.2804488,-9.9519465,5.0037797,18.5126020
0.6423507,0.2816073,-9.9518819,4.9762295,18.6186890
0.6430194,0.2827521,-9.9513875,4.9483953,18.6773450
0.6437111,0.2838720,-9.9504464,4.9202351,18.7378910
0.6444142,0.2849420,-9.9490308,4.8917096,18.7961520
0.6450860,0.2859302,-9.9471841,4.8627857,18.8548340
0.6456895,0.2868189,-9.9449815,4.8334398,18.9246430
0.6461865,0.2875692,-9.9425166,4.8036592,18.9874350
0.6465263,0.2881589,-9.9399615,4.7734439,19.0485810
0.6466865,0.2885661,-9.9374460,4.7428062,19.1062760
0.6466159,0.2887483,-9.9351114,4.7117694,19.1689380
0.6462811,0.2886929,-9.9331432,4.6803650,19.2268150
0.6456637,0.2883903,-9.9316447,4.6486295,19.2962270
0.6447744,0.2878309,-9.9306237,4.6166015,19.3577190
0.6436277,0.2870485,-9.9301280,4.5843187,19.4164340
0.6422685,0.2860661,-9.9301112,4.5518145,19.4740920
0.6407672,0.2849244,-9.9304832,4.5191166,19.5333700
0.6391984,0.2836654,-9.9311492,4.4862461,19.6031320
0.6376537,0.2823537,-9.9319692,4.4532175,19.6634520
0.6362394,0.2810451,-9.9327803,4.4200403,19.7245780
0.6350649,0.2798025,-9.9334356,4.3867200,19.7829240
0.6342401,0.2787004,-9.9338549,4.3532589,19.8447800
0.6338240,0.2777765,-9.9339627,4.3196579,19.9040950
0.6339054,0.2770705,-9.9337517,4.2859177,20.0132440
0.6344932,0.2766144,-9.9332072,4.2520401,20.0709470
0.6355990,0.2764104,-9.9324234,4.2180299,20.1308730
0.6372020,0.2764869,-9.9314815,4.1838937,20.1928660
0.6392275,0.2767876,-9.9305471,4.1496396,20.2501990
0.6415537,0.2773043,-9.9297480,4.1152754,20.3079400
0.6440911,0.2779997,-9.9291954,4.0808052,20.3830760
0.6466882,0.2788357,-9.9290481,4.0462300,20.4405110
0.6492066,0.2797875,-9.9293466,4.0115462,20.5005190
0.6515086,0.2808078,-9.9301460,3.9767443,20.5589800
0.6534383,0.2818508,-9.9314630,3.9418170,20.6163910
0.6549291,0.2829134,-9.9332098,3.9067554,20.6940180
0.6558786,0.2839564,-9.9352800,3.8715343,20.7517100
0.6562352,0.2849780,-9.9375652,3.8361308,20.8090850
0.6559595,0.2859854,-9.9398976,3.8005484,20.8673980
0.6550920,0.2869791,-9.9421278,3.7648011,20.9260150
0.6537032,0.2879021,-9.9441359,3.7288814,20.9836900
0.6518718,0.2887524,-9.9457467,3.6928079,21.0592810
0.6497163,0.2895689,-9.9468669,3.6566453,21.1166060
0.6475319,0.2900875,-9.9474015,3.6204965,21.1738670
0.6453639,0.2900873,-9.9476533,3.5845199,21.2330710
0.6433919,0.2890616,-9.9478271,3.5489365,21.2944660
0.6421269,0.2869949,-9.9473137,3.5139852,21.3518680
0.6417078,0.2836925,-9.9455505,3.4799398,21.4593110
0.6429366,0.2785758,-9.9423868,3.4473110,21.5170570
0.6462010,0.2725157,-9.9379089,3.4165503,21.5756090
0.6519046,0.2657348,-9.9324805,3.3878872,21.6343240
0.6592883,0.2582849,-9.9259627,3.3613848,21.6947380
0.6680771,0.2512009,-9.9177091,3.3366132,21.7541090
0.6773821,0.2456649,-9.9073926,3.3128011,21.8271730
0.6858039,0.2431312,-9.8955205,3.2888874,21.8845300
0.6920345,0.2463893,-9.8829362,3.2633282,21.9430630
0.6936466,0.2561876,-9.8709858,3.2341825,22.0080930
0.6880922,0.2741143,-9.8611614,3.1991643,22.0660610
0.6730214,0.3007615,-9.8548881,3.1558337,22.1380950
0.6463783,0.3350034,-9.8562293,3.1019435,22.1965320
0.6068964,0.3757500,-9.8647786,3.0358300,22.2561660
0.5547057,0.4205809,-9.8842071,2.9568689,22.3148940
0.4920073,0.4640073,-9.9154210,2.8659101,22.3759650
0.4225678,0.5014838,-9.9586486,2.7656664,22.4379130
0.3527899,0.5255790,-10.0127638,2.6609958,22.5081390
0.2915168,0.5289956,-10.0752012,2.5589848,22.5691170
0.2492438,0.5041983,-10.1417339,2.4688581,22.6317000
0.2379669,0.4443304,-10.2063429,2.4016489,22.6925390
0.2705436,0.3437423,-10.2613191,2.3696399,22.7504960
0.3596846,0.1988993,-10.2980094,2.3856672,22.8087970
0.5162964,0.0085482,-10.3066850,2.4622315,22.9147600
0.7490339,-0.2253141,-10.2781800,2.6105916,22.9750740
1.0633159,-0.4982021,-10.2040168,2.8399075,23.0367910
1.4596749,-0.8029870,-10.0774385,3.1563481,23.0943080
1.9342012,-1.1308436,-9.8946868,3.5624729,23.1522100
2.4786745,-1.4704864,-9.6544991,4.0568306,23.2117290
3.0803479,-1.8105056,-9.3590127,4.6337919,23.2854380
3.7231158,-2.1394976,-9.0129757,5.2838596,23.3430840
4.3883313,-2.4465330,-8.6263600,5.9942276,23.4017230
5.0561818,-2.7225930,-8.2103720,6.7495573,23.4612490
5.7084657,-2.9602395,-7.7774425,7.5329775,23.5187730
6.3262177,-3.1557004,-7.3419814,8.3272402,23.5790950
6.8955176,-3.3064466,-6.9170859,9.1158673,23.6562160
7.4062319,-3.4131451,-6.5146543,9.8842716,23.7143920
7.8524426,-3.4781991,-6.1438312,10.6207710,23.7770890
8.2331998,-3.5047311,-5.8112147,11.3172320,23.8350380
8.5509651,-3.4967705,-5.5188107,11.9694129,23.8927260
8.8119955,-3.4577706,-5.2651726,12.5771181,23.9585960
9.0262790,-3.3892226,-5.0437126,13.1440910,24.0297090
9.2004000,-3.2945839,-4.8476137,13.6773214,24.0896960
9.3438606,-3.1732152,-4.6658322,14.1861332,24.1514710
9.4644820,-3.0235000,-4.4865027,14.6813203,24.2092050
9.5678224,-2.8425641,-4.2975056,15.1740628,24.2665430
9.6564741,-2.6273945,-4.0878878,15.6748557,24.3763330
9.7299914,-2.3748641,-3.8498811,16.1924902,24.4354010
9.7864466,-2.0824285,-3.5770075,16.7332801,24.4952870
9.8228661,-1.7488249,-3.2675672,17.3005826,24.5570410
9.8347236,-1.3759334,-2.9221890,17.8944400,24.6146150
9.8184124,-0.9676113,-2.5457300,18.5115812,24.6736860
9.7718588,-0.5306772,-2.1455694,19.1457798,24.7474470
9.6960124,-0.0747556,-1.7316648,19.7884525,24.8053830
9.5937073,0.3879313,-1.3154660,20.4293898,24.8683310
9.4722906,0.8433602,-0.9094796,21.0576242,24.9265660
9.3394919,1.2770727,-0.5240669,21.6622895,24.9854640
9.2061043,1.6745132,-0.1683706,22.2334012,25.0433890
9.0843389,2.0222375,0.1488868,22.7626234,25.1152040
8.9857531,2.3091770,0.4226562,23.2437201,25.1771350
8.9211137,2.5260004,0.6487928,23.6728775,25.2386990
8.8978423,2.6674639,0.8276567,24.0488555,25.2990480
8.9206652,2.7319695,0.9587093,24.3728048,25.3601970
8.9897241,2.7221479,1.0447113,24.6479868,25.4175700
9.1015047,2.6423339,1.0871678,24.8793976,25.4870520
9.2496755,2.5010050,1.0892742,25.0732357,25.5495240
9.4230469,2.3088404,1.0547475,25.2363870,25.6081700
9.6106577,2.0767764,0.9865466,25.3762621,25.6656030
9.7996651,1.8182494,0.8866875,25.5002286,25.7238680
9.9783778,1.5462314,0.7566369,25.6150722,25.8321230
10.1352350,1.2721630,0.5978511,25.7268944,25.8929550
10.2622183,1.0071403,0.4134152,25.8406691,25.9549280
10.3544556,0.7596868,0.2067092,25.9602933,26.0129810
10.4101550,0.5363464,-0.0187954,26.0888255,26.0743740
10.4314418,0.3439052,-0.2561595,26.2284735,26.1326220
10.4229727,0.1843730,-0.4986623,26.3807740,26.2065560
10.3917750,0.0589327,-0.7383523,26.5467676,26.2674670
10.3463801,-0.0331795,-0.9646384,26.7271893,26.3250670
10.2962922,-0.0956314,-1.1709884,26.9225752,26.3851660
10.2496219,-0.1324261,-1.3455280,27.1333834,26.4479340
10.2133815,-0.1472791,-1.4811753,27.3600351,26.5085710
10.1929889,-0.1472562,-1.5720322,27.6028228,26.5785010
10.1915046,-0.1366133,-1.6135608,27.8619269,26.6382160
10.2089783,-0.1214235,-1.6049534,28.1373294,26.6967310
10.2435121,-0.1065539,-1.5479339,28.4286638,26.7541050
10.2914011,-0.0964452,-1.4482478,28.7351355,26.8170370
10.3473306,-0.0946359,-1.3141863,29.0553930,26.8781990
10.4055380,-0.1034066,-1.1565015,29.3874613,26.9500570
10.4599967,-0.1243155,-0.9877700,29.7288175,27.0114050
10.5053824,-0.1576699,-0.8207803,30.0764830,27.0689430
10.5373258,-0.2023730,-0.6684881,30.4272358,27.1293840
10.5530963,-0.2571512,-0.5423392,30.7779592,27.1940680
10.5511097,-0.3196180,-0.4514177,31.1258841,27.2990590
10.5312222,-0.3881767,-0.4023484,31.4688935,27.3592010
10.4950690,-0.4604055,-0.3977160,31.8057818,27.4166920
10.4452203,-0.5344642,-0.4366498,32.1363385,27.4794350
10.3856841,-0.6089941,-0.5131341,32.4614746,27.5372070
10.3204304,-0.6829310,-0.6199829,32.7832326,27.5963280
10.2533886,-0.7559918,-0.7467017,33.1046537,27.6683260
10.1898998,-0.8275038,-0.8803600,33.4295245,27.7288810
10.1319544,-0.8987135,-1.0086879,33.7620914,27.7939420
10.0821692,-0.9695247,-1.1191219,34.1066992,27.8530940
10.0422138,-1.0406947,-1.2007591,34.4674065,27.9106780
10.0124503,-1.1128916,-1.2447055,34.8477336,27.9733550
9.9927815,-1.1860181,-1.2457976,35.2503619,28.0428870
9.9818096,-1.2598594,-1.2013713,35.6768318,28.1061070
9.9773954,-1.3336284,-1.1126613,36.1274315,28.1664920
9.9798422,-1.4039391,-0.9817721,36.6013612,28.2238750
9.9851038,-1.4702576,-0.8161630,37.0967389,28.2839570
9.9912056,-1.5300486,-0.6238194,37.6105801,28.3425270
9.9967333,-1.5807174,-0.4140150,38.1390832,28.4117460
10.0009480,-1.6195766,-0.1961282,38.6778816,28.4734050
10.0032685,-1.6448960,0.0210353,39.2223245,28.5320880
10.0030150,-1.6556478,0.2280733,39.7677062,28.5898870
10.0003041,-1.6514014,0.4185361,40.3095099,28.6522190
9.9963257,-1.6321342,0.5863482,40.8437353,28.7099660
9.9915405,-1.5996413,0.7284989,41.3670341,28.8140300
9.9865228,-1.5561996,0.8431566,41.8767841,28.8758160
9.9815482,-1.5047487,0.9305326,42.3711816,28.9332200
9.9775032,-1.4486923,0.9922462,42.8492919,28.9963200
9.9739777,-1.3919294,1.0309454,43.3109892,29.0541270
9.9721793,-1.3385745,1.0488547,43.7569063,29.1292550
9.9710146,-1.2920605,1.0499530,44.1883132,29.1920990
9.9696701,-1.2553717,1.0389319,44.6068760,29.2496290
9.9678749,-1.2308525,1.0185901,45.0145467,29.3073180
9.9649132,-1.2193031,0.9927454,45.4134074,29.3655450
9.9608751,-1.2216572,0.9630150,45.8055191,29.4270960
9.9552465,-1.2377973,0.9332298,46.1928672,29.4986340
9.9481998,-1.2665901,0.9040393,46.5772402,29.5626070
9.9395819,-1.3052268,0.8779029,46.9601586,29.6205490
9.9295881,-1.3515657,0.8555340,47.3428559,29.6780370
9.9194373,-1.4026438,0.8375965,47.7262542,29.7437440
9.9088583,-1.4551657,0.8250054,48.1109907,29.8018770
9.8989552,-1.5064633,0.8185939,48.4974655,29.8738930
9.8901799,-1.5538634,0.8186340,48.8858733,29.9364350
9.8830717,-1.5950582,0.8254712,49.2762162,29.9938690
9.8775677,-1.6284305,0.8389678,49.6683490,30.0544670
9.8737583,-1.6523689,0.8594759,50.0620129,30.1142890
9.8719230,-1.6666246,0.8865712,50.4568571,30.1722660
9.8719927,-1.6715271,0.9181217,50.8524747,30.2759040
9.8736159,-1.6669943,0.9539445,51.2484295,30.3373260
9.8763727,-1.6541312,0.9928619,51.6442400,30.3949400
9.8797894,-1.6341045,1.0330004,52.0394115,30.4577670
9.8832715,-1.6083054,1.0732925,52.4335369,30.5164810
9.8869965,-1.5784686,1.1115608,52.8262746,30.5779030
9.8905356,-1.5465447,1.1463763,53.2173866,30.6510430
9.8935627,-1.5137428,1.1767183,53.6067540,30.7114830
9.8956776,-1.4819331,1.2010638,53.9942782,30.7731370
9.8973072,-1.4520927,1.2192523,54.3799235,30.8310270
9.8982986,-1.4253600,1.2306821,54.7637159,30.8885370
9.8984055,-1.4024062,1.2358100,55.1457121,30.9633910
9.8977674,-1.3837229,1.2348785,55.5260215,31.0257410
9.8964750,-1.3697652,1.2287673,55.9047641,31.0830790
9.8949033,-1.3602428,1.2184245,56.2820432,31.1428370
9.8928929,-1.3552174,1.2050314,56.6579375,31.2015590
9.8906694,-1.3541813,1.1899164,57.0324878,31.2593590
9.8884858,-1.3564148,1.1743066,57.4057020,31.3364240
9.8863144,-1.3615851,1.1593427,57.7775617,31.3937080
9.8841966,-1.3688513,1.1458676,58.1480316,31.4514980
9.8822441,-1.3775434,1.1346431,58.5170709,31.5097640
9.8805224,-1.3871444,1.1262354,58.8846403,31.5684620
9.8788239,-1.3971069,1.1207815,59.2507145,31.6259920
9.8774266,-1.4067141,1.1182545,59.6152861,31.7362430
9.8761652,-1.4155615,1.1184255,59.9783544,31.7936130
9.8750308,-1.4232416,1.1210124,60.3399321,31.8534050
9.8739811,-1.4293586,1.1255009,60.7000412,31.9120510
9.8728352,-1.4339134,1.1312348,61.0587075,31.9734170
9.8715719,-1.4367144,1.1376741,61.4159754,32.0356520
9.8702108,-1.4377660,1.1443443,61.7718990,32.1232680
9.8688090,-1.4371166,1.1506973,62.1265353,32.1836400
9.8673460,-1.4349028,1.1564334,62.4799501,32.2427260
9.8659680,-1.4313603,1.1613727,62.8322217,32.3000870
9.8647784,-1.4268524,1.1654581,63.1834416,32.3584260
9.8638185,-1.4217663,1.1687307,63.5337219,32.4341620
9.8632581,-1.4164290,1.1713069,63.8831940,32.4924990
9.8632992,-1.4112263,1.1733932,64.2319960,32.5520830
9.8639986,-1.4065025,1.1752156,64.5802730,32.6107160
9.8655005,-1.4025202,1.1769942,64.9281714,32.6683710
9.8677850,-1.3994216,1.1790471,65.2758283,32.7267210
9.8707695,-1.3973527,1.1815997,65.6233678,32.7997790
9.8744482,-1.3963082,1.1848653,65.9708889,32.8572590
9.8785906,-1.3962025,1.1889912,66.3184560,32.9162550
9.8829611,-1.3968335,1.1940917,66.6660911,32.9738950
9.8873151,-1.3979587,1.2002804,67.0137684,33.0319550
9.8913794,-1.3993402,1.2075448,67.3614125,33.0954930
9.8948286,-1.4006835,1.2158827,67.7088971,33.2051760
9.8974207,-1.4017752,1.2252340,68.0560497,33.2638180
9.8989782,-1.4024088,1.2355283,68.4026585,33.3214700
9.8993502,-1.4024560,1.2465828,68.7484783,33.3848560
9.8984096,-1.4018955,1.2582387,69.0932402,33.4458750
9.8962893,-1.4007542,1.2702978,69.4366621,33.5034900
9.8930800,-1.3991628,1.2823775,69.7784569,33.5754630
9.8889861,-1.3972442,1.2941238,70.1183445,33.6331570
9.8842056,-1.3952269,1.3051119,70.4560647,33.6905460
9.8790769,-1.3933177,1.3149197,70.7913852,33.7488310
9.8739213,-1.3917161,1.3232117,71.1241117,33.8139630
9.8690657,-1.3905910,1.3296220,71.4540951,33.8717820
9.8648006,-1.3900737,1.3338236,71.7812356,33.9440340
9.8613166,-1.3902201,1.3355757,72.1054877,34.0021550
9.8587891,-1.3910079,1.3347815,72.4268634,34.0595760
9.8574072,-1.3924488,1.3313946,72.7454300,34.1223930
9.8571621,-1.3944682,1.3254494,73.0613064,34.1841600
9.8579804,-1.3969150,1.3170740,73.3746561,34.2540590
9.8596964,-1.3996317,1.3066128,73.6856757,34.3170470
9.8622558,-1.4025092,1.2944401,73.9945840,34.3747810
9.8654329,-1.4054622,1.2809587,74.3016094,34.4322970
9.8689755,-1.4083207,1.2665201,74.6069765,34.4938170
9.8727164,-1.4110179,1.2516284,74.9108933,34.5524650
9.8764193,-1.4134707,1.2367019,75.2135389,34.6554480
9.8799409,-1.4156554,1.2220077,75.5150525,34.7139920
9.8831250,-1.4174348,1.2079266,75.8155273,34.7751930
9.8859010,-1.4188200,1.1946233,76.1150098,34.8381720
9.8881059,-1.4198590,1.1821810,76.4134974,34.8964350
9.8898003,-1.4204623,1.1707093,76.7109385,34.9538810
9.8908776,-1.4207135,1.1602968,77.0072428,35.0285160
9.8913543,-1.4205400,1.1509333,77.3022871,35.0888660
9.8912425,-1.4200742,1.1425435,77.5959280,35.1489830
9.8905941,-1.4194415,1.1351728,77.8880230,35.2094920
9.8894642,-1.4189032,1.1288328,78.1784321,35.2669280
9.8878127,-1.4186323,1.1235434,78.4670171,35.3241350
9.8857918,-1.4189018,1.1195546,78.7536617,35.3949720
9.8835033,-1.4199645,1.1170741,79.0382921,35.4561540
9.8812003,-1.4221647,1.1164782,79.3208547,35.5149840
9.8792338,-1.4256090,1.1185589,79.6013322,35.5740270
9.8774358,-1.4302885,1.1235552,79.8797165,35.6359350
9.8759437,-1.4361556,1.1318355,80.1559456,35.7065340
9.8743235,-1.4428771,1.1439702,80.4299530,35.7680870
9.8731456,-1.4498678,1.1598494,80.7016584,35.8275720
9.8724335,-1.4563429,1.1791592,80.9709588,35.8862750
9.8720199,-1.4613209,1.2008717,81.2377606,35.9436380
9.8715641,-1.4638796,1.2238601,81.5019659,36.0019880
9.8710202,-1.4627917,1.2464632,81.7634789,36.1110200
9.8703055,-1.4569332,1.2663449,82.0222690,36.1711660
9.8690821,-1.4454639,1.2809513,82.2784512,36.2329720
9.8677058,-1.4274807,1.2877211,82.5323006,36.2905250
9.8664360,-1.4027196,1.2839838,82.7843055,36.3536190
9.8659224,-1.3710567,1.2675756,83.0351938,36.4145060
9.8672019,-1.3323426,1.2376884,83.2859056,36.4868270
9.8700249,-1.2868668,1.1937685,83.5376128,36.5489290
9.8753370,-1.2355427,1.1373092,83.7916751,36.6064470
9.8840989,-1.1800827,1.0708670,84.0495456,36.6640540
9.8963803,-1.1219886,0.9987454,84.3126638,36.7253740
9.9123396,-1.0628219,0.9265044,84.5823291,36.7841150
9.9311362,-1.0048850,0.8607640,84.8595678,36.8534400
9.9518059,-0.9502931,0.8085910,85.1450278,36.9127480
9.9723972,-0.9014938,0.7771720,85.4389044,36.9713250
9.9911957,-0.8609106,0.7731755,85.7408812,37.0324170
10.0057225,-0.8311877,0.8019492,86.0501465,37.0958570
10.0141731,-0.8147597,0.8671693,86.3654362,37.1658150
10.0147291,-0.8140254,0.9705437,86.6851055,37.2264920
10.0061668,-0.8296603,1.1124453,87.0073065,37.2889650
9.9866861,-0.8631832,1.2894027,87.3301534,37.3497860
9.9569018,-0.9137596,1.4964844,87.6518983,37.4074570
9.9178929,-0.9802370,1.7265005,87.9711207,37.4667830
9.8716451,-1.0596248,1.9705667,88.2868453,37.5712280
9.8199654,-1.1481842,2.2190832,88.5986155,37.6359230
9.7659464,-1.2407626,2.4620296,88.9065567,37.6984760
9.7126697,-1.3313205,2.6891832,89.2113862,37.7560120
9.6629197,-1.4134409,2.8912438,89.5142902,37.8137100
9.6193933,-1.4805548,3.0599974,89.8167805,37.8719090
9.5843167,-1.5265698,3.1888465,90.1205068,37.9456580
9.5601212,-1.5459220,3.2736806,90.4270149,38.0033040
9.5465769,-1.5346445,3.3117394,90.7375374,38.0615180
9.5436984,-1.4909366,3.3030486,91.0527958,38.1195820
9.5516494,-1.4156211,3.2495217,91.3728011,38.1787190
9.5685705,-1.3112800,3.1554291,91.6966991,38.2381810
9.5929919,-1.1827725,3.0266868,92.0227628,38.3127830
9.6229157,-1.0370666,2.8707724,92.3484357,38.3730510
9.6561873,-0.8828149,2.6961545,92.6704589,38.4307300
9.6905041,-0.7297389,2.5117897,92.9851051,38.4925010
9.7236550,-0.5880197,2.3269017,93.2884472,38.5512910
9.7540945,-0.4675594,2.1504461,93.5766807,38.6090270
9.7804676,-0.3771479,1.9905357,93.8464913,38.6838500
9.8020935,-0.3238499,1.8544091,94.0954121,38.7413620
9.8188613,-0.3123043,1.7484639,94.3221052,38.7986470
9.8307620,-0.3436896,1.6774224,94.5265887,38.8579730
9.8378521,-0.4169790,1.6440881,94.7103481,38.9193070
9.8412666,-0.5274759,1.6499521,94.8763205,39.0276480
9.8420155,-0.6677777,1.6937419,95.0287874,39.0871550
9.8403909,-0.8285725,1.7729693,95.1731139,39.1449120
9.8374095,-0.9985041,1.8835172,95.3154075,39.2030500
9.8333936,-1.1654407,2.0192114,95.4621155,39.2655340
9.8285020,-1.3173640,2.1725995,95.6195245,39.3264810
9.8224245,-1.4434300,2.3349481,95.7932995,39.4001770
9.8149579,-1.5345995,2.4968544,95.9880568,39.4587280
9.8059348,-1.5843586,2.6484254,96.2069831,39.5191600
9.7951567,-1.5891785,2.7803266,96.4516001,39.5806860
9.7831071,-1.5485938,2.8841687,96.7216767,39.6418000
9.7699208,-1.4649022,2.9534185,97.0152125,39.6994340
9.7561054,-1.3435201,2.9837082,97.3285883,39.7747060
9.7425753,-1.1925460,2.9728859,97.6568524,39.8321940
9.7307156,-1.0220850,2.9217819,97.9940169,39.8921790
9.7205291,-0.8426148,2.8342082,98.3335240,39.9535870
9.7129751,-0.6650776,2.7165467,98.6687329,40.0143760
9.7086417,-0.5000306,2.5775521,98.9933800,40.0743380
9.7075370,-0.3568815,2.4270406,99.3020461,40.1447390
9.7087827,-0.2437856,2.2759524,99.5905273,40.2021120
9.7116023,-0.1667663,2.1354518,99.8560954,40.2616650
9.7150698,-0.1296897,2.0156515,100.0976575,40.3232640
9.7178270,-0.1345911,1.9251673,100.3158576,40.3812010
9.7191987,-0.1810451,1.8710359,100.5129594,40.4446710
9.7176262,-0.2661944,1.8577164,100.6926256,40.5461050
9.7122553,-0.3858348,1.8864760,100.8596584,40.6076180
9.7038302,-0.5335962,1.9561547,101.0195666,40.6658820
9.6919058,-0.7014072,2.0621829,101.1781766,40.7233500
9.6761118,-0.8806709,2.1982458,101.3412544,40.7829380
9.6580142,-1.0624871,2.3558308,101.5140522,40.8545770
9.6382156,-1.2378296,2.5249445,101.7009492,40.9198940
9.6180805,-1.3976091,2.6946650,101.9051881,40.9778430
9.5983022,-1.5342186,2.8540915,102.1286824,41.0386300
9.5802746,-1.6409757,2.9928079,102.3719443,41.1005730
9.5649738,-1.7129757,3.1014927,102.6341276,41.1592460
9.5542217,-1.7469513,3.1730782,102.9131241,41.2333130
9.5477117,-1.7417714,3.2024437,103.2057529,41.2931400
9.5465785,-1.6981460,3.1870540,103.5080080,41.3506910
9.5516441,-1.6202268,3.1270889,103.8152944,41.4122900
9.5639215,-1.5125756,3.0270893,104.1227256,41.4697760
9.5818506,-1.3824778,2.8926758,104.4253951,41.5273430
9.6049571,-1.2373634,2.7325512,104.7186439,41.6030740
9.6321444,-1.0863298,2.5569745,104.9983146,41.6607470
9.6621051,-0.9383093,2.3768303,105.2609424,41.7183430
9.6923092,-0.8025514,2.2035366,105.5038895,41.7774870
9.7206547,-0.6873786,2.0481125,105.7254475,41.8360600
9.7450958,-0.6000304,1.9201449,105.9249600,41.8937340
9.7636382,-0.5465006,1.8274875,106.1028149,42.0042690
9.7746986,-0.5301323,1.7764514,106.2603953,42.0614810
9.7765214,-0.5527078,1.7697758,106.4000491,42.1204350
9.7700334,-0.6124402,1.8086304,106.5249448,42.1790480
9.7552801,-0.7053113,1.8904827,106.6389388,42.2411970
9.7325044,-0.8249009,2.0106952,106.7464559,42.3043130
9.7036397,-0.9638503,2.1624825,106.8522311,42.3741410
9.6704675,-1.1125665,2.3372415,106.9610187,42.4349920
9.6350862,-1.2605481,2.5248396,107.0773841,42.4967590
9.5997054,-1.3974722,2.7144725,107.2054720,42.5575500
9.5665223,-1.5135375,2.8951729,107.3487737,42.6181460
9.5374531,-1.6003365,3.0562510,107.5099671,42.6767640
9.5137637,-1.6516089,3.1880425,107.6907440,42.7460880
9.4971375,-1.6635149,3.2826826,107.8916690,42.8046630
9.4882630,-1.6347495,3.3343591,108.1121681,42.8663780
9.4868048,-1.5670875,3.3395212,108.3505638,42.9244250
9.4930902,-1.4645027,3.2980149,108.6041570,42.9867580
9.5066138,-1.3328111,3.2128631,108.8694073,43.0562210
9.5254662,-1.1807319,3.0893188,109.1421168,43.1173200
9.5479865,-1.0175788,2.9358549,109.4176739,43.1756330
9.5724385,-0.8530028,2.7620085,109.6913480,43.2365280
9.5959252,-0.6967914,2.5791770,109.9585623,43.2953580
9.6168026,-0.5575032,2.3994867,110.2152301,43.3542960
9.6326055,-0.4436659,2.2346926,110.4580367,43.4594680
9.6415781,-0.3620077,2.0961191,110.6846844,43.5206870
9.6419001,-0.3157786,1.9926968,110.8941285,43.5804590
9.6328900,-0.3086054,1.9321198,111.0865805,43.6418900
9.6144008,-0.3403280,1.9176261,111.2635163,43.6995580
9.5866303,-0.4101244,1.9507890,111.4275777,43.7572020
9.5508430,-0.5148811,2.0289095,111.5823139,43.8347210
9.5092381,-0.6494182,2.1488874,111.7320188,43.8920860
9.4626607,-0.8059453,2.3026137,111.8814538,43.9495320
9.4137894,-0.9785683,2.4811738,112.0354452,44.0129230
9.3656150,-1.1590812,2.6735033,112.1984417,44.0707840
9.3203905,-1.3397803,2.8678198,112.3742760,44.1286920
9.2807485,-1.5119729,3.0519951,112.5659319,44.2052540
9.2489266,-1.6680229,3.2144141,112.7753063,44.2630070
9.2274847,-1.8013288,3.3457772,113.0030490,44.3226240
9.2189575,-1.9046296,3.4370119,113.2486198,44.3843140
9.2248289,-1.9742638,3.4844624,113.5104595,44.4422450
9.2462942,-2.0058234,3.4866575,113.7860749,44.5026690
9.2836728,-1.9954147,3.4434937,114.0723222,44.5777840
9.3376519,-1.9426454,3.3604357,114.3655514,44.6355250
9.4062975,-1.8467968,3.2464927,114.6617696,44.6959410
9.4865915,-1.7090877,3.1127857,114.9567528,44.7577760
9.5749722,-1.5326084,2.9720726,115.2459559,44.8153340
9.6670174,-1.3208782,2.8382457,115.5244973,44.8786180
9.7563809,-1.0805711,2.7250328,115.7870381,44.9845210
9.8368226,-0.8196654,2.6449786,116.0274243,45.0417800
9.9016864,-0.5481017,2.6074440,116.2383098,45.1020400
9.9447376,-0.2779481,2.6182322,116.4109169,45.1645890
9.9604340,-0.0213724,2.6769557,116.5348293,45.2225390
9.9443259,0.2045002,2.7796912,116.5979677,45.2975360
9.8933811,0.3856568,2.9159798,116.5868222,45.3563360
9.8076892,0.5075822,3.0685409,116.4868482,45.4163670
9.6871094,0.5573287,3.2164028,116.2831543,45.4814650
9.5335842,0.5252273,3.3345619,115.9614380,45.5392090
9.3503324,0.4045045,3.3959208,115.5090835,45.5967080
9.1414900,0.1925881,3.3734128,114.9163769,45.6686850
8.9108721,-0.1075351,3.2414673,114.1776693,45.7261020
8.6621151,-0.4873580,2.9786188,113.2924238,45.7835600
8.3981275,-0.9332198,2.5692354,112.2660074,45.8449510
8.1206822,-1.4266180,2.0048058,111.1101249,45.9042890
7.8301621,-1.9452505,1.2851479,109.8428472,45.9634450
7.5258865,-2.4639504,0.4189264,108.4881527,46.0345750
7.2061031,-2.9565631,-0.5765455,107.0750283,46.0938150
6.8686086,-3.3978093,-1.6763427,105.6361504,46.1587270
6.5111152,-3.7640564,-2.8481700,104.2062115,46.2175960
6.1310013,-4.0361269,-4.0559273,102.8200938,46.2757710
5.7269966,-4.1994127,-5.2609313,101.5109524,46.3829410
5.2998261,-4.2457435,-6.4248960,100.3083994,46.4450560
4.8516313,-4.1733988,-7.5122856,99.2369751,46.5065060
4.3860882,-3.9878138,-8.4919896,98.3149106,46.5650350
3.9095943,-3.7003429,-9.3395705,97.5533457,46.6227260
3.4301231,-3.3275635,-10.0385298,96.9560744,46.6850850
2.9569968,-2.8902833,-10.5808248,96.5197951,46.7550480
2.5002946,-2.4116752,-10.9669582,96.2348212,46.8185330
2.0702939,-1.9157063,-11.2052123,96.0861985,46.8805830
1.6763817,-1.4256222,-11.3107377,96.0550900,46.9381520
1.3271274,-0.9623525,-11.3036395,96.1202784,46.9957000
1.0291237,-0.5430086,-11.2072208,96.2597376,47.0551200
0.7855184,-0.1805633,-11.0464317,96.4520728,47.1287270
0.5975163,0.1176247,-10.8456834,96.6777432,47.1862360
0.4638437,0.3489434,-10.6272710,96.9200220,47.2454660
0.3804910,0.5150148,-10.4103807,97.1655647,47.3040630
0.3413347,0.6214296,-10.2101928,97.4046544,47.3615770
0.3385788,0.6764594,-10.0375768,97.6311135,47.4390620
0.3636781,0.6904912,-9.8988536,97.8419045,47.4978030
0.4084305,0.6751423,-9.7965383,98.0366010,47.5579070
0.4644946,0.6407532,-9.7297801,98.2166808,47.6191820
0.5247280,0.5959145,-9.6946541,98.3848236,47.6767190
0.5830329,0.5498159,-9.6862029,98.5443614,47.7368670
0.6353645,0.5072953,-9.6973532,98.6986660,47.8416480
0.6790026,0.4727342,-9.7225985,98.8507473,47.9014180
0.7126918,0.4476145,-9.7556928,99.0030130,47.9633400
0.7359478,0.4321204,-9.7928360,99.1570427,48.0211750
0.7503533,0.4247924,-9.8290978,99.3136468,48.0788340
0.7568304,0.4253697,-9.8625249,99.4730661,48.1415600
0.7573602,0.4307066,-9.8909496,99.6351246,48.2119470
0.7540220,0.4393205,-9.9137772,99.7992867,48.2692900
0.7482421,0.4487616,-9.9306737,99.9648724,48.3285780
0.7414891,0.4580236,-9.9420195,100.1312534,48.3872390
0.7343981,0.4662695,-9.9491346,100.2979255,48.4485180
0.7273706,0.4722511,-9.9521387,100.4644797,48.5206470
0.7212948,0.4771012,-9.9534838,100.6306180,48.5791810
0.7162715,0.4797546,-9.9532010,100.7962104,48.6380840
0.7123016,0.4801939,-9.9509354,100.9611966,48.6958170
0.7088426,0.4801387,-9.9484615,101.1256137,48.7580430
0.7062136,0.4795379,-9.9462898,101.2895087,48.8168320
0.7041811,0.4787970,-9.9442400,101.4529339,48.8904340
0.7025321,0.4782484,-9.9423742,101.6159483,48.9479920
0.7012924,0.4775308,-9.9408427,101.7785022,49.0130660
0.7003811,0.4772215,-9.9396337,101.9404938,49.0712270
0.6999309,0.4771282,-9.9386680,102.1018492,49.1318390
0.6998880,0.4770917,-9.9377451,102.2625201,49.1945250
0.7002368,0.4771958,-9.9370708,102.4224375,49.2959330
0.7008625,0.4768676,-9.9361462,102.5815505,49.3581460
0.7019609,0.4781395,-9.9360883,102.7398253,49.4168140
0.7034353,0.4788554,-9.9363557,102.8972406,49.4749510
0.7048239,0.4795092,-9.9359586,103.0538378,49.5381340
0.7062194,0.4802313,-9.9356896,103.2096902,49.6080820
0.7074795,0.4809414,-9.9354797,103.3648917,49.6696680
0.7085409,0.4817570,-9.9353189,103.5195556,49.7338980
0.7093286,0.4826372,-9.9351971,103.6737825,49.7915050
0.7097681,0.4835548,-9.9350328,103.8276658,49.8515490
0.7098337,0.4844842,-9.9348241,103.9812916,49.9128200
0.7095299,0.4854044,-9.9344699,104.1347302,49.9983380
0.7088797,0.4862553,-9.9339364,104.2880361,50.0607900
0.7079598,0.4870223,-9.9332359,104.4412417,50.1184840
0.7068259,0.4876453,-9.9323168,104.5943544,50.1759410
0.7055721,0.4881307,-9.9311592,104.7473565,50.2375470
0.7042674,0.4884503,-9.9297924,104.9002060,50.2961630
0.7030078,0.4885916,-9.9282361,105.0528407,50.3655300
0.7018829,0.4885551,-9.9265488,105.2051839,50.4246900
0.7009484,0.4883381,-9.9248033,105.3571497,50.4831460
0.7002692,0.4879577,-9.9230771,105.5086506,50.5435720
0.6998622,0.4874347,-9.9214933,105.6596020,50.6070550
0.6997566,0.4868002,-9.9201391,105.8099215,50.7094110
0.6999432,0.4861065,-9.9191091,105.9595394,50.7694470
0.7003983,0.4853828,-9.9184362,106.1084085,50.8311920
0.7011007,0.4846586,-9.9182233,106.2565000,50.8887010
0.7019981,0.4839642,-9.9184544,106.4038026,50.9508180
0.7030441,0.4833560,-9.9191071,106.5503297,51.0089090
0.7043880,0.4831986,-9.9200399,106.6960968,51.0789240
0.7055040,0.4830675,-9.9219146,106.8411425,51.1388820
0.7066984,0.4824344,-9.9246562,106.9855687,51.1998300
0.7077412,0.4825047,-9.9269032,107.1294881,51.2578930
0.7085271,0.4822665,-9.9290991,107.2730324,51.3170160
0.7091550,0.4820910,-9.9311971,107.4163357,51.3747900
0.7096365,0.4819418,-9.9328570,107.5594747,51.4462950
0.7099106,0.4815620,-9.9336500,107.7025065,51.5077720
0.7102310,0.4810894,-9.9333680,107.8454571,51.5671000
0.7103413,0.4806487,-9.9317374,107.9882910,51.6259350
0.7106175,0.4803888,-9.9287015,108.1308984,51.6835350
0.7111474,0.4800658,-9.9240273,108.2730807,51.7461930
