-0.0000167,-0.0000679,0.0029242,0.0002635,2.5604350
-0.0000450,-0.0002010,0.0080923,0.0007296,2.6183430
-0.0000840,-0.0004133,0.0157143,0.0014171,2.6794510
-0.0001193,-0.0006684,0.0260136,0.0023266,2.7411850
-0.0001316,-0.0009245,0.0390404,0.0034395,2.7993350
-0.0001181,-0.0011487,0.0544767,0.0047291,2.9519500
-0.0000671,-0.0012908,0.0713753,0.0061130,3.0129820
0.0000673,-0.0012940,0.0879518,0.0073850,3.0741320
0.0003189,-0.0011132,0.1015962,0.0082819,3.1317810
0.0007608,-0.0006358,0.1088557,0.0085129,3.1899160
0.0014378,0.0002311,0.1058033,0.0077726,3.2482180
0.0022214,0.0012314,0.0886877,0.0058508,3.4022520
0.0029526,0.0019110,0.0542339,0.0026135,3.4641900
0.0034160,0.0024723,0.0004364,-0.0019053,3.5218570
0.0033506,0.0017989,-0.0728722,-0.0074799,3.5843980
0.0025813,-0.0001513,-0.1637801,-0.0137615,3.6420960
0.0009241,-0.0034994,-0.2674082,-0.0201688,3.6999540
-0.0018039,-0.0089375,-0.3757410,-0.0258783,3.8530290
-0.0056797,-0.0160143,-0.4776813,-0.0299295,3.9133250
-0.0105792,-0.0246049,-0.5591779,-0.0313162,3.9740960
-0.0161724,-0.0340113,-0.6042714,-0.0290960,4.0332480
-0.0217926,-0.0430589,-0.5960769,-0.0225236,4.0921890
-0.0265443,-0.0501207,-0.5179751,-0.0111241,4.1499960
-0.0295608,-0.0532177,-0.3550146,0.0052966,4.2618050
-0.0299052,-0.0502882,-0.0950216,0.0265911,4.3190890
-0.0266802,-0.0393959,0.2701719,0.0522974,4.3773550
-0.0192152,-0.0191717,0.7439208,0.0817554,4.4358730
-0.0070439,0.0106157,1.3243267,0.1142489,4.4932210
0.0097435,0.0489626,2.0036479,0.1491575,4.5543960
0.0304043,0.0933031,2.7693028,0.1861509,4.6297580
0.0535568,0.1394362,3.6024318,0.2253023,4.6877370
0.0771957,0.1818217,4.4811761,0.2671202,4.7501220
0.0989369,0.2135305,5.3807688,0.3126612,4.8083940
0.1162354,0.2266608,6.2749730,0.3634780,4.8690990
0.1266688,0.2130031,7.1378033,0.4215178,4.9316530
0.1282692,0.1646110,7.9452916,0.4890129,5.0028160
0.1196883,0.0747579,8.6765112,0.5681796,5.0631160
0.1004039,-0.0609611,9.3146434,0.6609685,5.1242910
0.0707261,-0.2442607,9.8477533,0.7688244,5.1822250
0.0318135,-0.4742310,10.2694745,0.8924457,5.2454550
-0.0143586,-0.7471229,10.5777878,1.0316600,5.3040820
-0.0661786,-1.0539058,10.7776020,1.1853259,5.3876370
-0.1207643,-1.3834266,10.8767199,1.3513393,5.4466780
-0.1762395,-1.7222054,10.8871028,1.5267529,5.5052280
-0.2311838,-2.0553707,10.8230611,1.7078818,5.5634140
-0.2850440,-2.3673049,10.7008226,1.8905222,5.6260510
-0.3383646,-2.6430609,10.5367845,2.0702022,5.7315650
-0.3929247,-2.8696919,10.3472230,2.2424121,5.7945900
-0.4514716,-3.0369237,10.1473478,2.4028978,5.8524740
-0.5175828,-3.1383325,9.9474205,2.5479037,5.9102750
-0.5950959,-3.1712419,9.7577394,2.6743204,5.9688090
-0.6870947,-3.1373867,9.5867523,2.7797688,6.0305380
-0.7964225,-3.0427372,9.4393883,2.8626773,6.1009930
-0.9240900,-2.8971182,9.3188951,2.9222757,6.1638750
-1.0693017,-2.7134747,9.2264578,2.9585433,6.2216670
-1.2291219,-2.5071826,9.1617930,2.9721482,6.2790880
-1.3983102,-2.2945589,9.1232670,2.9643524,6.3435090
-1.5693959,-2.0914760,9.1090333,2.9369212,6.4043350
-1.7331431,-1.9123159,9.1161079,2.8920802,6.4746480
-1.8793007,-1.7692301,9.1405380,2.8325042,6.5329990
-1.9972970,-1.6700848,9.1793338,2.7612675,6.5907960
-2.0770384,-1.6195733,9.2285336,2.6818265,6.6505240
-2.1099582,-1.6181451,9.2843698,2.5980018,6.7082510
-2.0899865,-1.6622867,9.3436210,2.5139243,6.7707460
-2.0141347,-1.7448949,9.4031540,2.4339524,6.8420200
-1.8827276,-1.8558907,9.4592341,2.3624615,6.9007410
-1.6997978,-1.9832518,9.5122189,2.3040574,6.9600090
-1.4729848,-2.1139761,9.5601029,2.2627389,7.0185220
-1.2134791,-2.2350773,9.6017132,2.2418655,7.0795000
-0.9334526,-2.3346139,9.6358218,2.2438380,7.1379080
-0.6463735,-2.4025029,9.6629325,2.2697979,7.2405720
-0.3662376,-2.4310262,9.6832480,2.3194030,7.3006060
-0.1060628,-2.4155303,9.6985416,2.3907213,7.3622540
0.1232561,-2.3545234,9.7099359,2.4801462,7.4195830
0.3135495,-2.2497504,9.7188271,2.5825524,7.4817930
0.4599135,-2.1061152,9.7267579,2.6916039,7.5400150
0.5609248,-1.9307847,9.7350902,2.8001384,7.6118550
0.6183283,-1.7329752,9.7448508,2.9007437,7.6769490
0.6366532,-1.5233597,9.7568743,2.9862972,7.7345400
0.6224581,-1.3116669,9.7723273,3.0506154,7.7947900
0.5835001,-1.1085189,9.7919368,3.0889440,7.8560240
0.5280513,-0.9226378,9.8158574,3.0982452,7.9136550
0.4638785,-0.7607257,9.8437894,3.0775182,7.9863710
0.3973719,-0.6283086,9.8752185,3.0279198,8.0446180
0.3330925,-0.5275398,9.9091189,2.9526621,8.1034080
0.2736405,-0.4584795,9.9445088,2.8567252,8.1608300
0.2196546,-0.4187234,9.9802759,2.7464070,8.2196590
0.1693262,-0.4036114,10.0147961,2.6287337,8.2809280
0.1207434,-0.4068855,10.0468554,2.5108444,8.3514230
0.0701743,-0.4212294,10.0751039,2.3994368,8.4112080
0.0138822,-0.4390591,10.0985220,2.3001920,8.4697710
-0.0512716,-0.4532879,10.1168324,2.2173176,8.5273790
-0.1273359,-0.4578100,10.1298098,2.1532655,8.5865400
-0.2145048,-0.4483166,10.1380127,2.1086216,8.6483910
-0.3110738,-0.4225288,10.1420175,2.0821691,8.7540510
-0.4136074,-0.3803563,10.1434241,2.0711652,8.8154790
-0.5170092,-0.3239487,10.1425975,2.0716909,8.8729500
-0.6150428,-0.2571191,10.1406690,2.0790302,8.9327990
-0.7009478,-0.1850196,10.1386079,2.0882168,8.9943870
-0.7681755,-0.1135731,10.1370167,2.0944940,9.0639710
-0.8111676,-0.0487627,10.1360936,2.0937971,9.1248200
-0.8259726,0.0038279,10.1360013,2.0832148,9.1824830
-0.8108352,0.0396166,10.1367227,2.0611769,9.2413440
-0.7664821,0.0558756,10.1380787,2.0275520,9.3007380
-0.6962587,0.0519525,10.1396410,1.9836293,9.3627970
-0.6058756,0.0287357,10.1413786,1.9319160,9.4343210
-0.5026240,-0.0123794,10.1417866,1.8759205,9.4924680
-0.3961344,-0.0667819,10.1411838,1.8198488,9.5511770
-0.2953316,-0.1292724,10.1387501,1.7682101,9.6098300
-0.2091582,-0.1943350,10.1340604,1.7255058,9.6705420
-0.1451234,-0.2568842,10.1265892,1.6958782,9.7289960
-0.1083467,-0.3124623,10.1165406,1.6828322,9.8024910
-0.1011775,-0.3578301,10.1041545,1.6890353,9.8606540
-0.1230092,-0.3916712,10.0902724,1.7161411,9.9230930
-0.1701217,-0.4144697,10.0771585,1.7647462,9.9840570
-0.2362345,-0.4289352,10.0637802,1.8344237,10.0417210
-0.3129682,-0.4390632,10.0502895,1.9237897,10.1034300
-0.3898107,-0.4499327,10.0379502,2.0305879,10.2049290
-0.4562670,-0.4670183,10.0269545,2.1518371,10.2714480
-0.5020396,-0.4954667,10.0176442,2.2839790,10.3296180
-0.5182648,-0.5394232,10.0101191,2.4230665,10.3870530
-0.4984953,-0.6018534,10.0044384,2.5649589,10.4504920
-0.4392961,-0.6839220,10.0002556,2.7054951,10.5080810
-0.3404287,-0.7845166,9.9979034,2.8406627,10.5795860
-0.2050511,-0.9002281,9.9974279,2.9667644,10.6446360
-0.0396482,-1.0261710,9.9977671,3.0806084,10.7022410
0.1465626,-1.1549107,9.9988481,3.1796634,10.7656910
0.3425370,-1.2785794,9.9998281,3.2622087,10.8234370
0.5363155,-1.3890757,9.9996832,3.3274257,10.8809360
0.7158803,-1.4789446,9.9978525,3.3754644,10.9529210
0.8700671,-1.5421418,9.9940212,3.4074693,11.0136120
0.9895876,-1.5746009,9.9880956,3.4255214,11.0736000
1.0675714,-1.5747725,9.9802183,3.4325582,11.1321280
1.0998856,-1.5439755,9.9706462,3.4322272,11.1901970
1.0842927,-1.4862752,9.9601322,3.4286390,11.2528800
1.0222272,-1.4083174,9.9485735,3.4260914,11.3258760
0.9178268,-1.3186796,9.9369564,3.4287913,11.3835270
0.7769187,-1.2267932,9.9253794,3.4405096,11.4416680
0.6066844,-1.1422472,9.9150097,3.4643143,11.5001990
0.4152930,-1.0737471,9.9061748,3.5023602,11.5576840
0.2113056,-1.0282809,9.8989723,3.5557139,11.6660160
0.0031554,-1.0108906,9.8937808,3.6242749,11.7240630
-0.2011753,-1.0239224,9.8909758,3.7068170,11.7827430
-0.3943221,-1.0667836,9.8902470,3.8011063,11.8405760
-0.5696764,-1.1360944,9.8909077,3.9040891,11.8995630
-0.7214999,-1.2256066,9.8926098,4.0122046,11.9654420
-0.8448719,-1.3269662,9.8947214,4.1216692,12.0358640
-0.9355138,-1.4305330,9.8967372,4.2287839,12.1012100
-0.9898452,-1.5261251,9.8981704,4.3301929,12.1591710
-1.0051395,-1.6040959,9.8989323,4.4230587,12.2167060
-0.9796247,-1.6560673,9.8991275,4.5051962,12.2822250
-0.9125759,-1.6756596,9.8994002,4.5751002,12.3399980
-0.8042379,-1.6590233,9.9004006,4.6318990,12.4125750
-0.6574218,-1.6049769,9.9026840,4.6752214,12.4731240
-0.4754283,-1.5151487,9.9069850,4.7050065,12.5308420
-0.2641881,-1.3937058,9.9140452,4.7212883,12.5913110
-0.0315410,-1.2469790,9.9242163,4.7240037,12.6497420
0.2129023,-1.0830959,9.9377181,4.7128546,12.7204460
0.4580024,-0.9111679,9.9542266,4.6872207,12.7788970
0.6916711,-0.7405278,9.9733869,4.6461513,12.8384200
0.9014462,-0.5800091,9.9945511,4.5884625,12.8996930
1.0750776,-0.4372070,10.0165799,4.5129323,12.9605610
1.2014040,-0.3180256,10.0380524,4.4185274,13.0227150
1.2711689,-0.2264148,10.0575523,4.3046896,13.1248060
1.2778080,-0.1642109,10.0736578,4.1716135,13.1902650
1.2180651,-0.1311541,10.0851250,4.0204325,13.2482450
1.0923941,-0.1251362,10.0909904,3.8534092,13.3059620
0.9051495,-0.1425601,10.0906808,3.6740318,13.3645750
0.6644371,-0.1788237,10.0840275,3.4869524,13.4352260
0.3817139,-0.2288404,10.0713463,3.2978258,13.4963850
0.0711473,-0.2875213,10.0533977,3.1130453,13.5558800
-0.2511787,-0.3502095,10.0313446,2.9393624,13.6145180
-0.5682713,-0.4130265,10.0066940,2.7834776,13.6719470
-0.8634050,-0.4730890,9.9811098,2.6516470,13.7351210
-1.1211013,-0.5286256,9.9563324,2.5492404,13.8050150
-1.3281492,-0.5789673,9.9340359,2.4803581,13.8683940
-1.4744127,-0.6243644,9.9156907,2.4475631,13.9307580
-1.5531884,-0.6658158,9.9025406,2.4517186,13.9882130
-1.5616483,-0.7047813,9.8954663,2.4919452,14.0485650
-1.5009196,-0.7428431,9.8949179,2.5657116,14.1103390
-1.3758479,-0.7814575,9.9008981,2.6690450,14.1827010
-1.1947160,-0.8217505,9.9129187,2.7968197,14.2429110
-0.9685701,-0.8643053,9.9300617,2.9431390,14.3017370
-0.7104061,-0.9090598,9.9510706,3.1017742,14.3595150
-0.4343611,-0.9553187,9.9744387,3.2665559,14.4182070
-0.1549016,-1.0017199,9.9984980,3.4317267,14.5251550
0.1140271,-1.0463971,10.0215500,3.5922654,14.5878180
0.3597029,-1.0872161,10.0419742,3.7441074,14.6456030
0.5712257,-1.1219505,10.0583296,3.8842866,14.7069000
0.7401321,-1.1485045,10.0695011,4.0109840,14.7658860
0.8606395,-1.1651587,10.0747507,4.1234631,14.8265450
0.9297344,-1.1707499,10.0737479,4.2219211,14.9008590
0.9471600,-1.1648290,10.0665905,4.3072888,14.9587820
0.9152000,-1.1478232,10.0537811,4.3810298,15.0186640
0.8383370,-1.1210278,10.0361845,4.4448910,15.0810830
0.7228305,-1.0865542,10.0149176,4.5006821,15.1417420
0.5762186,-1.0472242,9.9912617,4.5500914,15.1992100
0.4066898,-1.0063403,9.9665950,4.5945284,15.2740240
0.2225784,-0.9674823,9.9422652,4.6350413,15.3316940
0.0319136,-0.9342238,9.9194641,4.6722961,15.3918730
-0.1580424,-0.9098789,9.8991631,4.7066115,15.4503560
-0.3411168,-0.8973342,9.8820482,4.7379930,15.5109460
-0.5124506,-0.8988048,9.8684796,4.7662449,15.5696020
-0.6686194,-0.9156820,9.8585758,4.7911039,15.6427170
-0.8075881,-0.9484404,9.8522239,4.8123324,15.7004820
-0.9286370,-0.9965597,9.8489474,4.8298236,15.7632090
-1.0321507,-1.0585997,9.8479942,4.8436877,15.8241710
-1.1193290,-1.1323775,9.8486622,4.8542920,15.8822230
-1.1920077,-1.2150765,9.8503168,4.8622724,15.9887750
-1.2523589,-1.3033864,9.8522261,4.8685505,16.0473520
-1.3026730,-1.3937334,9.8537173,4.8742649,16.1132840
-1.3452540,-1.4824284,9.8542638,4.8806608,16.1708940
-1.3822008,-1.5659250,9.8534618,4.8890232,16.2283430
-1.4152639,-1.6410771,9.8511208,4.9005885,16.2871740
-1.4458418,-1.7052480,9.8472247,4.9164460,16.3576280
-1.4749952,-1.7564094,9.8419188,4.9374817,16.4183960
-1.5035031,-1.7931880,9.8353675,4.9642988,16.4777920
-1.5319179,-1.8149039,9.8280902,4.9971709,16.5364070
-1.5605881,-1.8215461,9.8202358,5.0360513,16.5957840
-1.5897814,-1.8137446,9.8120787,5.0805998,16.6587750
-1.6195144,-1.7927161,9.8037726,5.1302607,16.7316170
-1.6498053,-1.7601089,9.7956942,5.1843309,16.7892870
-1.6805051,-1.7179532,9.7883610,5.2420589,16.8505800
-1.7112105,-1.6685998,9.7820555,5.3027564,16.9088450
-1.7412504,-1.6145980,9.7769138,5.3658621,16.9674730
-1.7694851,-1.5586455,9.7732121,5.4310234,17.0382190
-1.7944162,-1.5034916,9.7712393,5.4981318,17.1013790
-1.8143158,-1.4518153,9.7711688,5.5673104,17.1632250
-1.8269891,-1.4061798,9.7731398,5.6389454,17.2221390
-1.8305160,-1.3689687,9.7771581,5.7136492,17.2801670
-1.8221516,-1.3422830,9.7831120,5.7922067,17.3400110
-1.7994031,-1.3278678,9.7909064,5.8755228,17.4470110
-1.7598665,-1.3270066,9.8001394,5.9645203,17.5072100
-1.7014240,-1.3403942,9.8103912,6.0600620,17.5696560
-1.6223457,-1.3680854,9.8211022,6.1628870,17.6281550
-1.5214606,-1.4094698,9.8316010,6.2735656,17.6932700
-1.3981127,-1.4632489,9.8411882,6.3924415,17.7635270
-1.2521779,-1.5274734,9.8491702,6.5195935,17.8245010
-1.0840936,-1.5996286,9.8549482,6.6548265,17.8857900
-0.8948784,-1.6767258,9.8581184,6.7976695,17.9432020
-0.6862001,-1.7554863,9.8584815,6.9473815,18.0035460
-0.4604202,-1.8326044,9.8560862,7.1029491,18.0652760
-0.2207017,-1.9049210,9.8512210,7.2631036,18.1355500
0.0288629,-1.9696079,9.8443365,7.4263379,18.1997390
0.2832421,-2.0243691,9.8360517,7.5909182,18.2589370
0.5364190,-2.0675625,9.8271083,7.7549268,18.3177930
0.7814470,-2.0982860,9.8182597,7.9162832,18.3830310
1.0106341,-2.1164305,9.8101707,8.0727406,18.4423310
1.2157321,-2.1226489,9.8033650,8.2220108,18.5140620
1.3882868,-2.1181929,9.7981452,8.3618884,18.5764240
1.5200935,-2.1048263,9.7945897,8.4903378,18.6342380
1.6036892,-2.0847423,9.7926213,8.6056237,18.6946910
1.6329575,-2.0602914,9.7919919,8.7064527,18.7544300
1.6037176,-2.0337627,9.7923374,8.7920759,18.8129190
1.5142047,-2.0072770,9.7932986,8.8624365,18.9183130
1.3654469,-1.9827051,9.7946316,8.9183057,18.9800880
1.1614686,-1.9614499,9.7962521,8.9612894,19.0375620
0.9092913,-1.9444629,9.7983160,8.9938153,19.0966210
0.6186944,-1.9321162,9.8011984,9.0190664,19.1553400
0.3018005,-1.9238977,9.8052283,9.0408348,19.2251080
-0.0276206,-1.9186913,9.8108026,9.0632644,19.2882130
-0.3549673,-1.9152092,9.8184642,9.0905996,19.3487690
-0.6654549,-1.9121563,9.8282855,9.1268700,19.4088740
-0.9462042,-1.9061453,9.8403679,9.1750637,19.4688920
-1.1842209,-1.8946181,9.8521971,9.2377566,19.5263930
-1.3707216,-1.8794021,9.8618719,9.3157141,19.5990490
-1.4997897,-1.8567174,9.8674033,9.4081691,19.6624690
-1.5685840,-1.8275408,9.8652230,9.5126260,19.7241570
-1.5782828,-1.7933190,9.8514422,9.6247852,19.7830030
-1.5328975,-1.7574200,9.8215409,9.7386781,19.8406220
-1.4401346,-1.7250051,9.7716338,9.8469445,19.8993350
-1.3097665,-1.7031614,9.6984436,9.9412038,19.9747870
-1.1534006,-1.7006595,9.5998690,10.0126176,20.0325640
-0.9834932,-1.7275958,9.4752516,10.0525040,20.0952700
-0.8125868,-1.7946907,9.3257441,10.0529604,20.1530450
-0.6525206,-1.9124897,9.1544288,10.0074953,20.2107560
-0.5137612,-2.0903315,8.9663768,9.9115825,20.2700900
-0.4049729,-2.3352343,8.7684838,9.7630864,20.3749050
-0.3325969,-2.6509022,8.5691170,9.5625874,20.4354780
-0.3006004,-3.0367938,8.3776500,9.3135142,20.4942060
-0.3104890,-3.4875381,8.2037702,9.0221113,20.5519300
-0.3613984,-3.9926990,8.0567845,8.6972896,20.6143890
-0.4503181,-4.5367907,7.9449182,8.3502111,20.6873990
-0.5724337,-5.0997114,7.8746539,7.9937236,20.7483600
-0.7214829,-5.6577252,7.8502460,7.6418263,20.8099440
-0.8901073,-6.1847369,7.8733584,7.3089874,20.8679860
-1.0702708,-6.6538302,7.9429114,7.0094694,20.9254580
-1.2537366,-7.0391245,8.0550884,6.7566970,20.9879730
-1.4324058,-7.3174249,8.2036638,6.5626445,21.0585100
-1.5985154,-7.4696086,8.3805163,6.4373449,21.1167090
-1.7450792,-7.4823391,8.5762175,6.3885110,21.1750450
-1.8663766,-7.3492874,8.7807892,6.4213271,21.2336580
-1.9579660,-7.0740018,8.9843967,6.5382678,21.2947690
-2.0163212,-6.6608935,9.1779476,6.7390158,21.3563840
-2.0397998,-6.1256397,9.3537725,7.0205577,21.4261160
-2.0290283,-5.4881125,9.5060620,7.3773193,21.4867390
-1.9856501,-4.7729875,9.6310776,7.8013616,21.5483020
-1.9126117,-4.0072215,9.7275201,8.2826502,21.6091130
-1.8139388,-3.2186422,9.7960688,8.8093044,21.6691650
-1.6945876,-2.4341542,9.8391760,9.3678635,21.7308180
-1.5600369,-1.6784793,9.8606831,9.9436098,21.8327220
-1.4160428,-0.9730769,9.8652300,10.5209288,21.8990940
-1.2683530,-0.3356384,9.8577424,11.0836818,21.9569010
-1.1224948,0.2198760,9.8430170,11.6156309,22.0146540
-0.9835508,0.6831690,9.8251011,12.1008925,22.0740360
-0.8560211,1.0470944,9.8069792,12.5244441,22.1320480
-0.7437803,1.3068847,9.7903486,12.8726560,22.2067110
-0.6500115,1.4594178,9.7755100,13.1338162,22.2656180
-0.5772497,1.5025245,9.7615227,13.2986812,22.3252870
-0.5274799,1.4345699,9.7463554,13.3609622,22.3844270
-0.5021087,1.2543556,9.7271806,13.3177100,22.4432300
-0.5019648,0.9613548,9.7007414,13.1696232,22.5056760
-0.5272745,0.5562653,9.6636983,12.9211669,22.5776540
-0.5775462,0.0418073,9.6129337,12.5804582,22.6385430
-0.6515382,-0.5763706,9.5458622,12.1590652,22.6995900
-0.7472056,-1.2887655,9.4606423,11.6716134,22.7571150
-0.8616401,-2.0813213,9.3563278,11.1351903,22.8179000
-0.9911135,-2.9351591,9.2330421,10.5686375,22.8911070
-1.1311185,-3.8266264,9.0919700,9.9917204,22.9507480
-1.2764789,-4.7277885,8.9352573,9.4242020,23.0093210
-1.4215699,-5.6075069,8.7659689,8.8850166,23.0686520
-1.5605998,-6.4330935,8.5880500,8.3915163,23.1265660
-1.6879174,-7.1720463,8.4061092,7.9587424,23.1890780
-1.7983264,-7.7941354,8.2252541,7.5988597,23.2925760
-1.8874735,-8.2734804,8.0510470,7.3207684,23.3515580
-1.9520857,-8.5899072,7.8889742,7.1299247,23.4100770
-1.9902870,-8.7304779,7.7444429,7.0283152,23.4684120
-2.0018852,-8.6909515,7.6231883,7.0146787,23.5306390
-1.9877631,-8.4766742,7.5303322,7.0849831,23.5925500
-1.9515822,-8.0994601,7.4714163,7.2321670,23.6650880
-1.8961505,-7.5777508,7.4490371,7.4477716,23.7237010
-1.8262317,-6.9414636,7.4650818,7.7216119,23.7813530
-1.7472261,-6.2190415,7.5212372,8.0425888,23.8397660
-1.6641587,-5.4437276,7.6171355,8.3992470,23.9027470
-1.5822079,-4.6485049,7.7509207,8.7801408,23.9603400
-1.5051698,-3.8642717,7.9184927,9.1740995,24.0344690
-1.4364342,-3.1183576,8.1142202,9.5705220,24.0923510
-1.3779495,-2.4333598,8.3306795,9.9594619,24.1530010
-1.3304471,-1.8263097,8.5589853,10.3317436,24.2180870
-1.2934915,-1.3092546,8.7891754,10.6790756,24.2761120
-1.2656980,-0.8878495,9.0106139,10.9939767,24.3338640
-1.2449934,-0.5633082,9.2123496,11.2697886,24.4095180
-1.2290073,-0.3342114,9.3839796,11.5007119,24.4673930
-1.2155349,-0.1960588,9.5164256,11.6818314,24.5275470
-1.2028488,-0.1435192,9.6024468,11.8092567,24.5869920
-1.1899760,-0.1712986,9.6372800,11.8802456,24.6449620
-1.1769263,-0.2748615,9.6190170,11.8933174,24.7028900
-1.1647459,-0.4508678,9.5487660,11.8484087,24.8103030
-1.1555212,-0.6970465,9.4307409,11.7469656,24.8689820
-1.1522085,-1.0116641,9.2719682,11.5919184,24.9309570
-1.1583377,-1.3928056,9.0818857,11.3876998,24.9890470
-1.1776502,-1.8374235,8.8718262,11.1401562,25.0466750
-1.2136162,-2.3403816,8.6541562,10.8564194,25.1214360
-1.2690553,-2.8938094,8.4413906,10.5447513,25.1836000
-1.3457443,-3.4865181,8.2453901,10.2142544,25.2412340
-1.4439370,-4.1033944,8.0765083,9.8745318,25.2999310
-1.5621751,-4.7258307,7.9430113,9.5354072,25.3586570
-1.6976078,-5.3320457,7.8506832,9.2066256,25.4160110
-1.8461704,-5.9028193,7.8025502,8.8975620,25.4927260
-2.0017884,-6.4122377,7.7988324,8.6170212,25.5502910
-2.1576598,-6.8386104,7.8371432,8.3728953,25.6076310
-2.3065193,-7.1617104,7.9129106,8.1719351,25.6659150
-2.4412295,-7.3657921,8.0198888,8.0195890,25.7243840
-2.5548905,-7.4403357,8.1507049,7.9198274,25.7819700
-2.6414301,-7.3830368,8.2976111,7.8750543,25.8599320
-2.6968225,-7.1926311,8.4532282,7.8860298,25.9173310
-2.7178285,-6.8781269,8.6108834,7.9517770,25.9747470
-2.7035946,-6.4527382,8.7648030,8.0695017,26.0397670
-2.6549567,-5.9349228,8.9105654,8.2346288,26.0977330
-2.5744911,-5.3465858,9.0454140,8.4408674,26.1552380
-2.4662597,-4.7118542,9.1680442,8.6803174,26.2657470
-2.3355185,-4.0555717,9.2783789,8.9436892,26.3231050
-2.1883048,-3.4019673,9.3772325,9.2205764,26.3813590
-2.0309912,-2.7734941,9.4657640,9.4998045,26.4429580
-1.8699412,-2.1900944,9.5451250,9.7699127,26.5008870
-1.7112198,-1.6687657,9.6161196,10.0196958,26.5637680
-1.5603098,-1.2234419,9.6788113,10.2387606,26.6337480
-1.4219477,-0.8650906,9.7322568,10.4180932,26.6945930
-1.3000370,-0.6020743,9.7744594,10.5505897,26.7568400
-1.1976056,-0.4406354,9.8024721,10.6315019,26.8179280
-1.1168696,-0.3852002,9.8125666,10.6587324,26.8754360
-1.0593242,-0.4386461,9.8005925,10.6329820,26.9343340
-1.0258051,-0.6023998,9.7623803,10.5576999,27.0049260
-1.0165525,-0.8762581,9.6941563,10.4388539,27.0623740
-1.0312555,-1.2580898,9.5930642,10.2845276,27.1247780
-1.0690382,-1.7433744,9.4575297,10.1043035,27.1834650
-1.1284493,-2.3245777,9.2875620,9.9086027,27.2415340
-1.2074645,-2.9905940,9.0850114,9.7079603,27.3006030
-1.3034335,-3.7263320,8.8535492,9.5122936,27.3699850
-1.4130418,-4.5124924,8.5984942,9.3302782,27.4321530
-1.5323725,-5.3257964,8.3266457,9.1688077,27.4909650
-1.6569389,-6.1395048,8.0458101,9.0326061,27.5492790
-1.7818517,-6.9243800,7.7644550,8.9241063,27.6107120
-1.9021662,-7.6502442,7.4915903,8.8435210,27.7160650
-2.0130654,-8.2874962,7.2361493,8.7890912,27.7785480
-2.1101351,-8.8088876,7.0065826,8.7575084,27.8360900
-2.1896747,-9.1912930,6.8105441,8.7444175,27.8953190
-2.2488357,-9.4170711,6.6542803,8.7450121,27.9538670
-2.2858721,-9.4753215,6.5425700,8.7546075,28.0114230
-2.3003264,-9.3628969,6.4787295,8.7691794,28.0880420
-2.2929933,-9.0846533,6.4644269,8.7857530,28.1464800
-2.2658288,-8.6525698,6.4997620,8.8025984,28.2043300
-2.2217779,-8.0852737,6.5833618,8.8193386,28.2638610
-2.1645099,-7.4069874,6.7124488,8.8368209,28.3223780
-2.0981280,-6.6454760,6.8829704,8.8568850,28.3799690
-2.0268290,-5.8315829,7.0899595,8.8820990,28.4553010
-1.9545807,-4.9955306,7.3276102,8.9152829,28.5129830
-1.8847948,-4.1652429,7.5890768,8.9590534,28.5706880
-1.8201025,-3.3666918,7.8668136,9.0154158,28.6290540
-1.7622812,-2.6211255,8.1528494,9.0853885,28.6877820
-1.7121425,-1.9450580,8.4388358,9.1687961,28.7452340
-1.6696227,-1.3501649,8.7162738,9.2641843,28.8231430
-1.6339388,-0.8430043,8.9766289,9.3688991,28.8806310
-1.6033216,-0.4275417,9.2114939,9.4792689,28.9407330
-1.5761578,-0.1018669,9.4129866,9.5909157,29.0028120
-1.5503708,0.1365546,9.5741040,9.6991807,29.0604250
-1.5241128,0.2917871,9.6891457,9.7995069,29.1234210
-1.4959641,0.3681798,9.7542534,9.8878043,29.2274260
-1.4650826,0.3695187,9.7677184,9.9608160,29.2879590
-1.4313332,0.2983984,9.7302419,10.0163973,29.3493680
-1.3953112,0.1562359,9.6451188,10.0536666,29.4103970
-1.3582419,-0.0564710,9.5181380,10.0730038,29.4705530
-1.3219052,-0.3396092,9.3574091,10.0759716,29.5410550
-1.2884145,-0.6926100,9.1729997,10.0650569,29.5987180
-1.2600413,-1.1135568,8.9763266,10.0433961,29.6571090
-1.2391131,-1.5984918,8.7794672,10.0145639,29.7156430
-1.2277308,-2.1406409,8.5943524,9.9821667,29.7761830
-1.2275607,-2.7295000,8.4319391,9.9494983,29.8366850
-1.2397344,-3.3508087,8.3015586,9.9192785,29.9069920
-1.2645942,-3.9865174,8.2101413,9.8934139,29.9657640
-1.3014443,-4.6192263,8.1618086,9.8729014,30.0249160
-1.3496680,-5.2239944,8.1580571,9.8578659,30.0868350
-1.4071287,-5.7779242,8.1976070,9.8476273,30.1456250
-1.4714758,-6.2578857,8.2764001,9.8407232,30.2042760
-1.5400028,-6.6427820,8.3881161,9.8352075,30.2739130
-1.6097383,-6.9157708,8.5248813,9.8290969,30.3323850
-1.6776721,-7.0626792,8.6778296,9.8203985,30.3939800
-1.7410115,-7.0759510,8.8378228,9.8071567,30.4516250
-1.7972987,-6.9539036,8.9965942,9.7878405,30.5108280
-1.8444493,-6.7011758,9.1465820,9.7615256,30.5740700
-1.8809090,-6.3284217,9.2817242,9.7278819,30.6820630
-1.9057280,-5.8516315,9.3977468,9.6871505,30.7408200
-1.9185293,-5.2912059,9.4922032,9.6401229,30.7982820
-1.9194935,-4.6707977,9.5643074,9.5880664,30.8575360
-1.9092730,-4.0159040,9.6147573,9.5325834,30.9159180
-1.8888817,-3.3526336,9.6454488,9.4755236,30.9736610
-1.8596443,-2.7064494,9.6590442,9.4188880,31.0512840
-1.8231557,-2.1010821,9.6585924,9.3647602,31.1089390
-1.7812303,-1.5577601,9.6471236,9.3152946,31.1688790
-1.7358716,-1.0946087,9.6272335,9.2726908,31.2302100
-1.6892740,-0.7263223,9.6009104,9.2392299,31.2876570
-1.6438234,-0.4640707,9.5694444,9.2173270,31.3457100
-1.6020735,-0.3155019,9.5333743,9.2095126,31.4209480
-1.5667352,-0.2848292,9.4926198,9.2184065,31.4785460
-1.5406029,-0.3729951,9.4466018,9.2466550,31.5359130
-1.5264399,-0.5778072,9.3944124,9.2968252,31.5942500
-1.5268525,-0.8940286,9.3350687,9.3712359,31.6564100
-1.5440971,-1.3134652,9.2676627,9.4717158,31.7294010
-1.5798803,-1.8249861,9.1915263,9.5993750,31.7927890
-1.6351687,-2.4145358,9.1063653,9.7543476,31.8507170
-1.7099916,-3.0652350,9.0123035,9.9355761,31.9113530
-1.8032809,-3.7576157,8.9098571,10.1406840,31.9737610
-1.9128060,-4.4699442,8.7999308,10.3658755,32.0314000
-2.0351638,-5.1787526,8.6837388,10.6059389,32.1402730
-2.1658869,-5.8596050,8.5627418,10.8543894,32.1974450
-2.2996970,-6.4879862,8.4387307,11.1037372,32.2547280
-2.4307734,-7.0404336,8.3137578,11.3458352,32.3185050
-2.5531130,-7.4956285,8.1900740,11.5723187,32.3796380
-2.6609302,-7.8355348,8.0701788,11.7751123,32.4374530
-2.7490322,-8.0466723,7.9568439,11.9469057,32.5253200
-2.8132046,-8.1208052,7.8530950,12.0816495,32.5830760
-2.8505237,-8.0556656,7.7622728,12.1749923,32.6432650
-2.8595636,-7.8551349,7.6879061,12.2245407,32.7019730
-2.8405010,-7.5284884,7.6334497,12.2300230,32.7634580
-2.7950668,-7.0900796,7.6021527,12.1932969,32.8213730
-2.7263759,-6.5583618,7.5967532,12.1182052,32.8981870
-2.6386764,-5.9548174,7.6193489,12.0103013,32.9591430
-2.5370133,-5.3028090,7.6712453,11.8764186,33.0166320
-2.4270122,-4.6253485,7.7527464,11.7241983,33.0764370
-2.3139606,-3.9466741,7.8631302,11.5615558,33.1350270
-2.2032839,-3.2864792,8.0004284,11.3961484,33.2071940
-2.0995050,-2.6624645,8.1614143,11.2349390,33.2703030
-2.0062378,-2.0886174,8.3417390,11.0837896,33.3281580
-1.9259397,-1.5749291,8.5360802,10.9471766,33.3857780
-1.8599563,-1.1274084,8.7384324,10.8280628,33.4441310
-1.8085590,-0.7487080,8.9424143,10.7279011,33.5028490
-1.7710527,-0.4384309,9.1415261,10.6467550,33.6093200
-1.7460149,-0.1935515,9.3293492,10.5835200,33.6684930
-1.7314384,-0.0094948,9.4998945,10.5362821,33.7256790
-1.7249282,0.1193794,9.6478209,10.5026714,33.7849300
-1.7239347,0.1990384,9.7685992,10.4802485,33.8434150
-1.7259192,0.2340124,9.8587350,10.4668799,33.9049940
-1.7285812,0.2291493,9.9157407,10.4610133,33.9802670
-1.7299903,0.1874186,9.9381360,10.4618915,34.0388590
-1.7286856,0.1106620,9.9255052,10.4696754,34.0962120
-1.7237558,-0.0005036,9.8784399,10.4854636,34.1546630
-1.7148009,-0.1467502,9.7985967,10.5111831,34.2165980
-1.7019590,-0.3296190,9.6887493,10.5494173,34.2773500
-1.6858719,-0.5512452,9.5527144,10.6031680,34.3517660
-1.6675118,-0.8142066,9.3953401,10.6754395,34.4101010
-1.6482445,-1.1202433,9.2223275,10.7688912,34.4698160
-1.6296694,-1.4716729,9.0401255,10.8857686,34.5312500
-1.6135231,-1.8675412,8.8556488,11.0275099,34.5923690
-1.6015984,-2.3054271,8.6758432,11.1942002,34.6499360
-1.5956041,-2.7803051,8.5080309,11.3845079,34.7226300
-1.5969585,-3.2843910,8.3590027,11.5956925,34.7801960
-1.6066952,-3.8070325,8.2348654,11.8235897,34.8376520
-1.6253534,-4.3348489,8.1407364,12.0627095,34.8957470
-1.6529113,-4.8520870,8.0804417,12.3064273,34.9611240
-1.6887463,-5.3413715,8.0562195,12.5473167,35.0634990
-1.7316518,-5.7844830,8.0686046,12.7775115,35.1231370
-1.7799177,-6.1633637,8.1164079,12.9891157,35.1809240
-1.8313901,-6.4612389,8.1967571,13.1746235,35.2433020
-1.8836184,-6.6634617,8.3053132,13.3273152,35.3010880
-1.9339193,-6.7587559,8.4365502,13.4416267,35.3591250
-1.9800069,-6.7404749,8.5840851,13.5134163,35.4296960
-2.0189068,-6.6065991,8.7411253,13.5401832,35.4882160
-2.0489857,-6.3604375,8.9009406,13.5212362,35.5568210
-2.0690136,-6.0094038,9.0572590,13.4576664,35.6152300
-2.0782381,-5.5658944,9.2046404,13.3522173,35.6730670
-2.0765929,-5.0460908,9.3387325,13.2091840,35.7356090
-2.0647384,-4.4695264,9.4563962,13.0341890,35.8059010
-2.0439263,-3.8575771,9.5557548,12.8339340,35.8691800
-2.0158673,-3.2321474,9.6361133,12.6159691,35.9302270
-1.9826110,-2.6147293,9.6978264,12.3883829,35.9881320
-1.9463718,-2.0254515,9.7420427,12.1595447,36.0483030
-1.9093604,-1.4822697,9.7704496,11.9378748,36.1068780
-1.8736525,-1.0004976,9.7850398,11.7316181,36.1804720
-1.8410215,-0.5925203,9.7878005,11.5487023,36.2399360
-1.8128479,-0.2677477,9.7805218,11.3965705,36.2986380
-1.7900605,-0.0328045,9.7646568,11.2820336,36.3565120
-1.7730942,0.1082061,9.7412386,11.2111584,36.4199380
-1.7619549,0.1533205,9.7109187,11.1890702,36.4785110
-1.7562820,0.1023488,9.6740179,11.2197572,36.5870680
-1.7554302,-0.0433478,9.6306466,11.3059154,36.6465930
-1.7585834,-0.2809774,9.5808234,11.4487586,36.7040870
-1.7648172,-0.6062495,9.5245847,11.6478477,36.7626220
-1.7731725,-1.0132093,9.4621341,11.9010019,36.8277550
-1.7827179,-1.4939792,9.3938610,12.2041838,36.9017060
-1.7926022,-2.0384878,9.3203889,12.5514529,36.9655240
-1.8020857,-2.6342369,9.2425748,12.9350463,37.0234980
-1.8105123,-3.2661540,9.1613104,13.3455249,37.0838000
-1.8173286,-3.9166843,9.0775458,13.7720295,37.1459470
-1.8220289,-4.5660441,8.9922025,14.2026327,37.2068520
-1.8241545,-5.1928386,8.9060869,14.6247868,37.2793300
-1.8233974,-5.7749903,8.8200995,15.0258446,37.3389270
-1.8195402,-6.2907431,8.7351356,15.3936064,37.3964280
-1.8124880,-6.7198384,8.6520373,15.7168849,37.4552690
-1.8022886,-7.0446749,8.5717606,15.9860405,37.5170660
-1.7890261,-7.2514363,8.4953802,16.1934167,37.5744440
-1.7729108,-7.3309663,8.4241914,16.3337282,37.6446990
-1.7543062,-7.2795831,8.3598952,16.4043689,37.7029290
-1.7337128,-7.0993711,8.3045121,16.4054395,37.7604200
-1.7118579,-6.7977295,8.2602226,16.3396364,37.8183690
-1.6896167,-6.3871514,8.2293436,16.2120536,37.8823590
-1.6679519,-5.8842586,8.2141391,16.0297952,37.9434280
-1.6479071,-5.3083857,8.2166739,15.8015386,38.0471440
-1.6304562,-4.6820257,8.2387604,15.5370307,38.1099470
-1.6164885,-4.0272758,8.2816761,15.2464892,38.1688640
-1.6067896,-3.3660922,8.3459602,14.9400157,38.2263360
-1.6019070,-2.7186625,8.4312854,14.6271007,38.2856440
-1.6021651,-2.1022726,8.5362418,14.3162165,38.3560100
-1.6075968,-1.5308437,8.6583737,14.0145135,38.4143180
-1.6178790,-1.0148016,8.7942948,13.7276624,38.4815590
-1.6323963,-0.5608696,8.9396851,13.4598331,38.5392420
-1.6502387,-0.1724275,9.0895632,13.2138116,38.5995830
-1.6702631,0.1500651,9.2384472,12.9912258,38.6608010
-1.6911819,0.4086509,9.3804775,12.7928499,38.7304550
-1.7116057,0.6069025,9.5099064,12.6189771,38.7940760
-1.7301068,0.7493523,9.6213372,12.4697818,38.8562270
-1.7452553,0.8407299,9.7100519,12.3456482,38.9139850
-1.7559760,0.8851101,9.7724306,12.2474030,38.9713270
-1.7609914,0.8858172,9.8059660,12.1764923,39.0308390
-1.7595479,0.8451345,9.8094107,12.1350812,39.1040820
-1.7511643,0.7641369,9.7828580,12.1259592,39.1618630
-1.7357604,0.6428992,9.7276373,12.1523494,39.2246630
-1.7136408,0.4803496,9.6463706,12.2176204,39.2825070
-1.6855873,0.2747787,9.5428706,12.3249442,39.3400390
-1.6528289,0.0240765,9.4219258,12.4769008,39.3985680
-1.6169995,-0.2734474,9.2891011,12.6750825,39.5029820
-1.5799068,-0.6186474,9.1503894,12.9197461,39.5629860
-1.5441870,-1.0115860,9.0118790,13.2095017,39.6212510
-1.5115894,-1.4505313,8.8794475,13.5411215,39.6791750
-1.4845486,-1.9321584,8.7584256,13.9095006,39.7410910
-1.4654521,-2.4498044,8.6533796,14.3076976,39.8118800
-1.4562646,-2.9942878,8.5679182,14.7270586,39.8701170
-1.4584853,-3.5535919,8.5045374,15.1575482,39.9295620
-1.4731637,-4.1136655,8.4645893,15.5881478,39.9915040
-1.5007467,-4.6586736,8.4482595,16.0073332,40.0493430
-1.5409924,-5.1714519,8.4545955,16.4036378,40.1146760
-1.5929830,-5.6344302,8.4816859,16.7661542,40.1842770
-1.6551391,-6.0306032,8.5268424,17.0850364,40.2446580
-1.7253209,-6.3445491,8.5868317,17.3519306,40.3032680
-1.8009881,-6.5634027,8.6582002,17.5602799,40.3616710
-1.8793208,-6.6776708,8.7374805,17.7055829,40.4236130
-1.9573951,-6.6819158,8.8213942,17.7855043,40.4816440
-2.0323400,-6.5750949,8.9070496,17.7998791,40.5524350
-2.1014514,-6.3606241,8.9920330,17.7506471,40.6111150
-2.1623509,-6.0461975,9.0744891,17.6416310,40.6693830
-2.2130871,-5.6432598,9.1531318,17.4782404,40.7308320
-2.2522135,-5.1663260,9.2271878,17.2671423,40.7893900
-2.2788658,-4.6321207,9.2963182,17.0159027,40.8946420
-2.2927464,-4.0585408,9.3604927,16.7326110,40.9539310
-2.2940911,-3.4636273,9.4198748,16.4255275,41.0146630
-2.2836165,-2.8645610,9.4746931,16.1027587,41.0771320
-2.2624265,-2.2767850,9.5251095,15.7719471,41.1352090
-2.2319300,-1.7133497,9.5711667,15.4400538,41.1925520
-2.1937574,-1.1845114,9.6127487,15.1132022,41.2675900
-2.1496609,-0.6975255,9.6495833,14.7965475,41.3254230
-2.1014175,-0.2566402,9.6813033,14.4942194,41.3870330
-2.0507579,0.1366194,9.7074855,14.2093061,41.4452400
-1.9993024,0.4830596,9.7277588,13.9438668,41.5039080
-1.9485162,0.7852886,9.7418691,13.6990333,41.5616470
-1.8996863,1.0470567,9.7496521,13.4751165,41.6361720
-1.8538958,1.2727420,9.7511477,13.2717384,41.6972480
-1.8120003,1.4668881,9.7466283,13.0879611,41.7570820
-1.7746290,1.6337796,9.7365821,12.9224212,41.8164970
-1.7421883,1.7771630,9.7217782,12.7735382,41.8743600
-1.7148588,1.9001245,9.7031947,12.6396334,41.9369030
-1.6926314,2.0050765,9.6819591,12.5190715,42.0097300
-1.6752907,2.0937582,9.6592889,12.4103576,42.0699080
-1.6623880,2.1674700,9.6364183,12.3121547,42.1320240
-1.6532804,2.2270405,9.6145237,12.2233691,42.1897860
-1.6471216,2.2728409,9.5946369,12.1432098,42.2506150
-1.6429270,2.3052593,9.5776756,12.0711381,42.3598880
-1.6396426,2.3234670,9.5643733,12.0068317,42.4212880
-1.6361547,2.3280483,9.5553280,11.9501115,42.4824530
-1.6316839,2.3187940,9.5510725,11.9008140,42.5404610
-1.6251534,2.2955984,9.5519769,11.8587796,42.5977610
-1.6158777,2.2580372,9.5583819,11.8238022,42.6607220
-1.6032921,2.2055327,9.5705431,11.7955719,42.7315490
-1.5870054,2.1372819,9.5886295,11.7736799,42.7898970
-1.5668677,2.0524577,9.6127574,11.7576285,42.8492420
-1.5430149,1.9506268,9.6427243,11.7468716,42.9083820
-1.5158624,1.8316243,9.6780410,11.7409204,42.9703690
-1.4861913,1.6955897,9.7178236,11.7394738,43.0294550
-1.4549039,1.5429204,9.7606665,11.7425735,43.1003320
-1.4232457,1.3740395,9.8048093,11.7507395,43.1629400
-1.3922324,1.1887131,9.8479622,11.7650978,43.2217450
-1.3633152,0.9865553,9.8872556,11.7874698,43.2801120
-1.3380244,0.7664041,9.9194028,11.8204111,43.3424270
-1.3179919,0.5263711,9.9406685,11.8671769,43.4012260
-1.3049301,0.2634783,9.9471681,11.9316064,43.4709280
-1.3006196,-0.0261481,9.9352301,12.0179528,43.5339650
-1.3068570,-0.3470676,9.9015550,12.1305761,43.5916330
-1.3253440,-0.7040031,9.8435872,12.2735888,43.6520730
-1.3576212,-1.1013354,9.7597577,12.4504956,43.7114190
-1.4049623,-1.5424429,9.6496507,12.6638094,43.7731990
-1.4682570,-2.0289388,9.5142522,12.9146779,43.8755530
-1.5478828,-2.5600394,9.3559772,13.2025754,43.9372500
-1.6435751,-3.1319424,9.1786406,13.5250654,43.9952170
-1.7543049,-3.7373533,8.9873164,13.8776711,44.0546570
-1.8782101,-4.3653734,8.7880463,14.2538851,44.1164900
-2.0126090,-5.0016660,8.5875140,14.6453104,44.1740900
-2.1540273,-5.6288702,8.3926204,15.0419368,44.2448240
-2.2983101,-6.2273624,8.2100341,15.4325360,44.3106140
-2.4408019,-6.7762380,8.0457828,15.8051803,44.3682800
-2.5765516,-7.2544302,7.9048875,16.1478315,44.4305630
-2.7006075,-7.6420230,7.7910825,16.4489550,44.4882510
-2.8083296,-7.9215238,7.7066554,16.6981370,44.5585910
-2.8956786,-8.0790519,7.6523890,16.8866485,44.6204390
-2.9595067,-8.1053748,7.6276178,17.0079174,44.6813040
-2.9977716,-7.9965833,7.6304147,17.0578978,44.7417560
-3.0096751,-7.7544659,7.6578563,17.0352921,44.8034610
-2.9957470,-7.3864910,7.7063571,16.9416156,44.8612290
-2.9578036,-6.9053704,7.7720253,16.7811044,44.9340770
-2.8988315,-6.3283582,7.8510054,16.5604684,44.9958310
-2.8227980,-5.6762365,7.9397780,16.2885121,45.0535710
-2.7343524,-4.9721159,8.0353765,15.9756505,45.1118770
-2.6385071,-4.2401569,8.1355328,15.6333512,45.1705720
-2.5402948,-3.5042442,8.2387131,15.2735457,45.2742470
-2.4444215,-2.7867620,8.3440547,14.9080347,45.3367240
-2.3549908,-2.1075376,8.4512412,14.5479407,45.3940840
-2.2752763,-1.4830436,8.5603140,14.2032406,45.4534340
-2.2075618,-0.9258603,8.6714516,13.8823697,45.5115750
-2.1530803,-0.4444246,8.7847509,13.5919591,45.5692800
-2.1120241,-0.0430719,8.9000301,13.3366793,45.6439980
-2.0836341,0.2776870,9.0166967,13.1191690,45.7031870
-2.0663721,0.5207032,9.1336831,12.9401271,45.7621340
-2.0581408,0.6915891,9.2494331,12.7984869,45.8216690
-2.0565170,0.7980116,9.3619807,12.6916693,45.8796270
-2.0589946,0.8490307,9.4691217,12.6159209,45.9381080
-2.0632046,0.8544251,9.5685843,12.5666486,46.0106730
-2.0670777,0.8240231,9.6581994,12.5387554,46.0679850
-2.0689894,0.7672647,9.7361321,12.5269891,46.1274760
-2.0678542,0.6928784,9.8010549,12.5262756,46.1889670
-2.0631273,0.6085310,9.8522561,12.5319762,46.2468340
-2.0547779,0.5208210,9.8897581,12.5400735,46.3234690
-2.0431980,0.4350958,9.9142785,12.5473045,46.3822890
-2.0290684,0.3551959,9.9270715,12.5512523,46.4423510
-2.0132698,0.2841461,9.9298663,12.5503318,46.5049730
-1.9967077,0.2224519,9.9246605,12.5437673,46.5624380
-1.9801182,0.1710228,9.9135633,12.5314715,46.6198720
-1.9644872,0.1296251,9.8988122,12.5138213,46.7289910
-1.9502527,0.0976349,9.8825245,12.4915373,46.7869930
-1.9378790,0.0741514,9.8665266,12.4655365,46.8494000
-1.9276555,0.0582462,9.8523468,12.4367628,46.9079060
-1.9196499,0.0489540,9.8410595,12.4060796,46.9655410
-1.9137920,0.0454300,9.8333569,12.3741501,47.0311030
-1.9099490,0.0470005,9.8297040,12.3413517,47.1011250
-1.9078938,0.0531929,9.8302448,12.3077864,47.1614710
-1.9074792,0.0636422,9.8348496,12.2732927,47.2226420
-1.9086218,0.0778728,9.8431703,12.2375064,47.2802960
-1.9110446,0.0956677,9.8546633,12.1999713,47.3433350
-1.9143662,0.1162269,9.8686316,12.1602488,47.4017540
-1.9182906,0.1384862,9.8842073,12.1180268,47.4717730
-1.9224716,0.1610701,9.9003028,12.0732753,47.5365870
-1.9263780,0.1824091,9.9154255,12.0263731,47.5946670
-1.9293931,0.2004832,9.9277732,11.9781938,47.6551180
-1.9308154,0.2130662,9.9353149,11.9302420,47.7177440
-1.9299432,0.2175781,9.9357715,11.8846486,47.7753700
-1.9262801,0.2103717,9.9268149,11.8440876,47.8485570
-1.9195029,0.1876001,9.9060550,11.8117700,47.9098970
-1.9095627,0.1458840,9.8711282,11.7913201,47.9701700
-1.8968102,0.0816679,9.8199787,11.7866047,48.0308230
-1.8820187,-0.0089943,9.7510685,11.8015671,48.0889270
-1.8665229,-0.1300278,9.6637010,11.8399448,48.1468950
-1.8522379,-0.2850753,9.5582739,11.9050024,48.2563420
-1.8415707,-0.4773665,9.4364253,11.9993108,48.3140860
-1.8372904,-0.7094167,9.3011271,12.1245465,48.3735840
-1.8423199,-0.9826952,9.1566236,12.2813104,48.4321910
-1.8594737,-1.2972465,9.0082690,12.4689973,48.4905580
-1.8911949,-1.6513368,8.8622623,12.6857347,48.5612940
-1.9392998,-2.0411918,8.7252649,12.9283716,48.6225050
-2.0047086,-2.4607290,8.6039651,13.1925565,48.6873070
-2.0872684,-2.9014430,8.5046081,13.4728693,48.7454790
-2.1856454,-3.3525287,8.4325080,13.7629966,48.8030400
-2.2973132,-3.8011768,8.3916174,14.0559592,48.8653200
-2.4186525,-4.2330204,8.3841943,14.3443676,48.9376680
-2.5451261,-4.6328123,8.4105759,14.6207003,48.9953450
-2.6715561,-4.9851755,8.4691275,14.8775949,49.0594860
-2.7924447,-5.2754113,8.5563531,15.1081333,49.1178430
-2.9023471,-5.4904382,8.6671284,15.3061057,49.1753010
-2.9962589,-5.6195999,8.7951021,15.4662498,49.2514160
-3.0699379,-5.6553739,8.9331692,15.5844469,49.3101930
-3.1201850,-5.5939230,9.0739921,15.6578689,49.3719940
-3.1450288,-5.4353573,9.2105649,15.6850805,49.4333360
-3.1437998,-5.1837911,9.3367018,15.6660792,49.4905830
-3.1171297,-4.8471296,9.4474534,15.6022766,49.5505060
-3.0668433,-4.4366069,9.5394090,15.4964254,49.6543730
-2.9957713,-3.9661385,9.6108214,15.3524860,49.7149550
-2.9075065,-3.4515068,9.6616053,15.1754471,49.7738970
-2.8061139,-2.9094581,9.6931840,14.9711062,49.8313870
-2.6958348,-2.3567971,9.7082023,14.7458203,49.8942160
-2.5808056,-1.8095213,9.7101816,14.5062390,49.9549710
-2.4648289,-1.2820304,9.7031265,14.2590240,50.0274580
-2.3511895,-0.7865556,9.6911060,14.0105825,50.0891610
-2.2425419,-0.3327664,9.6778926,13.7668244,50.1467140
-2.1408725,0.0724509,9.6666534,13.5329479,50.2067960
-2.0474988,0.4249363,9.6597083,13.3132635,50.2684590
-1.9631471,0.7231052,9.6584453,13.1110806,50.3536240
-1.8880603,0.9676721,9.6633259,12.9286479,50.4187540
-1.8221091,1.1611973,9.6739810,12.7671486,50.4765530
-1.7649254,1.3076370,9.6894153,12.6267687,50.5371290
-1.7160012,1.4118863,9.7082169,12.5068007,50.5953740
-1.6747688,1.4793331,9.7287927,12.4057783,50.6543200
-1.6406610,1.5155243,9.7495996,12.3216567,50.7285670
-1.6131164,1.5259118,9.7693084,12.2520259,50.7878430
-1.5915856,1.5156430,9.7869292,12.1942950,50.8489600
-1.5755132,1.4894364,9.8019018,12.1458632,50.9078980
-1.5643034,1.4515373,9.8140830,12.1042778,50.9681200
-1.5573101,1.4056785,9.8236246,12.0673594,51.0267850
-1.5538222,1.3550919,9.8309171,12.0332785,51.1348800
-1.5530421,1.3025626,9.8364286,12.0006101,51.1960650
-1.5541155,1.2504284,9.8405854,11.9683356,51.2535990
-1.5562203,1.2005255,9.8438411,11.9357807,51.3115190
-1.5585962,1.1542202,9.8465460,11.9025759,51.3728740
-1.5606029,1.1124365,9.8488898,11.8685945,51.4437550
-1.5617797,1.0756338,9.8509437,11.8338760,51.5015010
-1.5618337,1.0438722,9.8526544,11.7985621,51.5632980
-1.5606638,1.0168894,9.8539048,11.7628390,51.6215120
-1.5584076,0.9939882,9.8546624,11.7268820,51.6825000
-1.5553923,0.9742099,9.8550050,11.6908345,51.7456330
-1.5519930,0.9567621,9.8549907,11.6548177,51.8153100
-1.5486268,0.9408840,9.8547546,11.6189184,51.8756700
-1.5456424,0.9262351,9.8544617,11.5832254,51.9371080
-1.5432650,0.9130020,9.8542736,11.5478407,51.9980630
-1.5417227,0.9008652,9.8545016,11.5128251,52.0581500
-1.5411430,0.8893139,9.8554674,11.4782410,52.1286410
-1.5415434,0.8785313,9.8574393,11.4441485,52.1867320
-1.5428640,0.8689556,9.8606318,11.4106016,52.2459610
-1.5448906,0.8607610,9.8650764,11.3777044,52.3046210
-1.5473375,0.8539378,9.8706805,11.3455750,52.3658830
-1.5499137,0.8483269,9.8772915,11.3143107,52.4290820
-1.5523372,0.8435713,9.8846527,11.2839959,52.5311690
-1.5543701,0.8391563,9.8924881,11.2547127,52.5926010
-1.5558287,0.8344130,9.9004949,11.2265296,52.6547030
-1.5565582,0.8285909,9.9082916,11.1995055,52.7122890
-1.5564522,0.8209706,9.9155426,11.1737024,52.7746390
-1.5554949,0.8108584,9.9219713,11.1491494,52.8327910
-1.5537217,0.7977379,9.9273703,11.1258760,52.9047810
-1.5512053,0.7814653,9.9316597,11.1039702,52.9688020
-1.5480684,0.7622181,9.9348358,11.0835138,53.0261730
-1.5443773,0.7405009,9.9369129,11.0645728,53.0861300
-1.5402389,0.7171155,9.9379671,11.0471845,53.1437610
-1.5359589,0.6931651,9.9381842,11.0313363,53.2017710
-1.5318282,0.6699634,9.9377353,11.0169659,53.2751250
-1.5282825,0.6484172,9.9369697,11.0037829,53.3329500
-1.5257454,0.6277941,9.9364185,10.9915895,53.3916220
-1.5240658,0.6123458,9.9355335,10.9798161,53.4508400
-1.5230475,0.6023789,9.9352409,10.9677511,53.5085410
-1.5227941,0.5990490,9.9353739,10.9545054,53.5723010
-1.5232502,0.6026510,9.9358639,10.9390431,53.6449730
-1.5240611,0.6132382,9.9365423,10.9202711,53.7033360
-1.5247094,0.6303644,9.9370304,10.8971060,53.7622680
-1.5245949,0.6529963,9.9366928,10.8686139,53.8235570
-1.5230848,0.6794412,9.9346605,10.8341625,53.8814750
-1.5196396,0.7073086,9.9299091,10.7935656,53.9465280
-1.5140097,0.7332181,9.9213662,10.7472751,54.0483790
-1.5064154,0.7526207,9.9076666,10.6965123,54.1076320
-1.4977333,0.7597741,9.8880036,10.6433605,54.1661670
-1.4896667,0.7478103,9.8616273,10.5908151,54.2280570
-1.4847713,0.7088597,9.8282468,10.5427012,54.2909730
-1.4864498,0.6343722,9.7880879,10.5035208,54.3612690
-1.4988024,0.5155733,9.7419268,10.4782368,54.4227820
-1.5263190,0.3439778,9.6910111,10.4719757,54.4842910
-1.5736180,0.1121946,9.6370479,10.4896583,54.5450250
-1.6450162,-0.1852700,9.5820753,10.5356143,54.6054160
-1.7440759,-0.5512843,9.5282460,10.6131813,54.6640970
-1.8732164,-0.9853783,9.4775888,10.7243256,54.7338050
-2.0332123,-1.4832846,9.4317631,10.8693634,54.7934390
-2.2228709,-2.0366771,9.3918320,11.0467633,54.8552730
-2.4388546,-2.6331335,9.3580819,11.2530619,54.9129920
-2.6756221,-3.2564194,9.3299270,11.4829200,54.9712320
-2.9256540,-3.8870620,9.3059093,11.7293221,55.0298020
-3.1797898,-4.5032198,9.2837841,11.9839009,55.0993800
-3.4277184,-5.0817957,9.2607458,12.2373852,55.1578460
-3.6587503,-5.5997171,9.2337508,12.4801363,55.2195550
-3.8622070,-6.0352530,9.1998396,12.7027008,55.2784120
-4.0284160,-6.3693327,9.1565366,12.8963788,55.3410650
-4.1492311,-6.5866939,9.1021955,13.0537475,55.3991870
