-0.0001366,-0.0000053,0.0026451,0.0003204,2.5735660
-0.0004616,-0.0000503,0.0073517,0.0008448,2.6314490
-0.0010431,-0.0001565,0.0143398,0.0015609,2.6905830
-0.0018349,-0.0002465,0.0238808,0.0024567,2.7556170
-0.0027860,-0.0002395,0.0360932,0.0034989,2.8133180
-0.0037721,-0.0000375,0.0507628,0.0046169,2.9648780
-0.0046332,0.0004638,0.0671019,0.0056803,3.0259380
-0.0053215,0.0012886,0.0835158,0.0064871,3.0846910
-0.0057184,0.0024474,0.0976163,0.0067805,3.1432180
-0.0056971,0.0039456,0.1062484,0.0062515,3.2057940
-0.0051082,0.0057214,0.1057305,0.0046006,3.2636720
-0.0036388,0.0075964,0.0923181,0.0016383,3.4187640
-0.0010576,0.0092812,0.0626054,-0.0027058,3.4811190
0.0027668,0.0103635,0.0141797,-0.0083196,3.5405910
0.0078249,0.0103293,-0.0537539,-0.0148593,3.6018990
0.0138112,0.0086411,-0.1398675,-0.0217550,3.6594090
0.0202724,0.0047799,-0.2400635,-0.0281784,3.7210570
0.0266165,-0.0016842,-0.3471969,-0.0330758,3.8711390
0.0321154,-0.0109502,-0.4510108,-0.0352553,3.9291640
0.0359957,-0.0228287,-0.5382842,-0.0335001,3.9896480
0.0373999,-0.0366955,-0.5935627,-0.0267040,4.0509250
0.0353956,-0.0514286,-0.6000309,-0.0140166,4.1090420
0.0290686,-0.0653998,-0.5406557,0.0050202,4.1706570
0.0176064,-0.0765654,-0.3995725,0.0303678,4.2780130
0.0003342,-0.0825650,-0.1633159,0.0614253,4.3395660
-0.0231513,-0.0808967,0.1778978,0.0970147,4.3976420
-0.0529849,-0.0692007,0.6290912,0.1354510,4.4550800
-0.0891170,-0.0455834,1.1898151,0.1746842,4.5171740
-0.1311237,-0.0088767,1.8536693,0.2124598,4.5774600
-0.1782526,0.0410840,2.6083420,0.2465661,4.6497970
-0.2293868,0.1032654,3.4361261,0.2750611,4.7092590
-0.2828921,0.1753706,4.3148275,0.2964698,4.7668260
-0.3368706,0.2538084,5.2190881,0.3100566,4.8271210
-0.3891988,0.3338376,6.1219638,0.3159784,4.8856770
-0.4375965,0.4098448,6.9965948,0.3153848,4.9461450
-0.4798303,0.4757191,7.8177611,0.3104723,5.0179550
-0.5136460,0.5253365,8.5634033,0.3043492,5.0753280
-0.5368390,0.5530386,9.2164252,0.3008797,5.1328540
-0.5473890,0.5541508,9.7643113,0.3044457,5.1971640
-0.5435461,0.5254637,10.2009336,0.3196054,5.2578360
-0.5239805,0.4654896,10.5258508,0.3508327,5.3403870
-0.4879308,0.3746737,10.7439523,0.4022535,5.4002800
-0.4352649,0.2553739,10.8647501,0.4772960,5.4609020
-0.3664865,0.1116050,10.9013971,0.5783959,5.5229770
-0.2828273,-0.0511735,10.8694085,0.7069075,5.5805100
-0.1862268,-0.2265106,10.7854737,0.8629064,5.6385150
-0.0792678,-0.4074977,10.6661828,1.0453020,5.7451700
0.0348981,-0.5872880,10.5267875,1.2521840,5.8041820
0.1527257,-0.7596938,10.3805585,1.4806879,5.8642610
0.2704397,-0.9195917,10.2382560,1.7272558,5.9254210
0.3842155,-1.0632925,10.1077949,1.9878396,5.9829890
0.4903692,-1.1888119,9.9942750,2.2579258,6.0428970
0.5855069,-1.2957234,9.9002126,2.5329425,6.1165240
0.6667203,-1.3850572,9.8258830,2.8084845,6.1749590
0.7316677,-1.4589285,9.7699987,3.0802903,6.2333370
0.7785723,-1.5199287,9.7305381,3.3441754,6.2944230
0.8064008,-1.5709256,9.7051303,3.5961103,6.3519770
0.8148936,-1.6146525,9.6916059,3.8322088,6.4125010
0.8045768,-1.6533521,9.6883593,4.0487535,6.4855710
0.7768276,-1.6886607,9.6943873,4.2423537,6.5449960
0.7337702,-1.7214415,9.7094647,4.4101211,6.6039010
0.6782008,-1.7518899,9.7339496,4.5500045,6.6621740
0.6135673,-1.7798246,9.7684300,4.6612444,6.7231230
0.5439251,-1.8050730,9.8133552,4.7448868,6.7858830
0.4737901,-1.8279771,9.8684412,4.8043269,6.8625020
0.4080346,-1.8498446,9.9315478,4.8456924,6.9226100
0.3515000,-1.8733755,10.0024105,4.8787082,6.9801890
0.3089180,-1.9030215,10.0764658,4.9160861,7.0397190
0.2845801,-1.9449494,10.1474423,4.9736871,7.1018860
0.2821677,-2.0067486,10.2074947,5.0700518,7.1594700
0.3043195,-2.0970548,10.2474301,5.2255941,7.2675710
0.3523514,-2.2248424,10.2572255,5.4614822,7.3249280
0.4259601,-2.3986611,10.2266904,5.7983366,7.3921780
0.5227870,-2.6258334,10.1461370,6.2547541,7.4500240
0.6384153,-2.9115062,10.0073470,6.8458253,7.5099820
0.7663451,-3.2578223,9.8044775,7.5817415,7.5714350
0.8981719,-3.6632810,9.5347710,8.4666369,7.6411050
1.0241588,-4.1224251,9.1993188,9.4978525,7.7018900
1.1336324,-4.6257816,8.8033168,10.6655659,7.7612230
1.2156586,-5.1601472,8.3560622,11.9529510,7.8196190
1.2597378,-5.7092674,7.8707591,13.3368230,7.8770680
1.2563826,-6.2547096,7.3637041,14.7887144,7.9361080
1.1979168,-6.7770313,6.8534610,16.2764138,8.0096490
1.0790767,-7.2571352,6.3597516,17.7657709,8.0701290
0.8975004,-7.6774944,5.9020610,19.2226204,8.1285930
0.6540849,-8.0232728,5.4985091,20.6147099,8.1871660
0.3529865,-8.2833706,5.1645064,21.9134457,8.2451320
0.0013869,-8.4511402,4.9116393,23.0953312,8.3193870
-0.3909200,-8.5247719,4.7470396,24.1430586,8.3809110
-0.8120892,-8.5074132,4.6728063,25.0461187,8.4410710
-1.2490182,-8.4067757,4.6860863,25.8009125,8.5023870
-1.6881201,-8.2343493,4.7795526,26.4103883,8.5601810
-2.1161344,-8.0046176,4.9419085,26.8832793,8.6178200
-2.5210940,-7.7340231,5.1589248,27.2330451,8.7269090
-2.8928516,-7.4397890,5.4145093,27.4765649,8.7861150
-3.2235620,-7.1388871,5.6917752,27.6327844,8.8460190
-3.5079956,-6.8469664,5.9742888,27.7213731,8.9046960
-3.7433418,-6.5774276,6.2470979,27.7614445,8.9622830
-3.9291792,-6.3409706,6.4974659,27.7706041,9.0241270
-4.0671751,-6.1453980,6.7153777,27.7642211,9.0944150
-4.1606153,-5.9954696,6.8938937,27.7549721,9.1537130
-4.2140759,-5.8932150,7.0289189,27.7527481,9.2123790
-4.2328680,-5.8381768,7.1189000,27.7646724,9.2711000
-4.2225672,-5.8276743,7.1655083,27.7953330,9.3361810
-4.1886631,-5.8575753,7.1714864,27.8471827,9.3949980
-4.1363360,-5.9225593,7.1414264,27.9208302,9.4666250
-4.0702841,-6.0166826,7.0807921,28.0155025,9.5279640
-3.9946404,-6.1340201,6.9950877,28.1295708,9.5855110
-3.9131492,-6.2684289,6.8899931,28.2606685,9.6457660
-3.8291311,-6.4138401,6.7712649,28.4058034,9.7099090
-3.7456958,-6.5641690,6.6445138,28.5615459,9.7674700
-3.6660312,-6.7131626,6.5154103,28.7238742,9.8408070
-3.5932616,-6.8543641,6.3894981,28.8883324,9.8993080
-3.5305184,-6.9815593,6.2718354,29.0504730,9.9566800
-3.4808379,-7.0886526,6.1672379,29.2057261,10.0189730
-3.4469683,-7.1698921,6.0805088,29.3495414,10.0775310
-3.4313587,-7.2199070,6.0161494,29.4776186,10.1350440
-3.4354746,-7.2345816,5.9782920,29.5859003,10.2422620
-3.4605193,-7.2104006,5.9705554,29.6709230,10.3028510
-3.5063636,-7.1457633,5.9955706,29.7302135,10.3620230
-3.5716801,-7.0409721,6.0548625,29.7625802,10.4205040
-3.6539792,-6.8983039,6.1488741,29.7682082,10.4781070
-3.7494558,-6.7223339,6.2764740,29.7489483,10.5364620
-3.8528888,-6.5200630,6.4346460,29.7085483,10.6130640
-3.9581061,-6.3006603,6.6183450,29.6525415,10.6710920
-4.0580684,-6.0751962,6.8202891,29.5881939,10.7353710
-4.1454088,-5.8560801,7.0311208,29.5242615,10.7930880
-4.2132798,-5.6565000,7.2392491,29.4705744,10.8508470
-4.2554423,-5.4895950,7.4322219,29.4376046,10.9132440
-4.2665560,-5.3669404,7.5965768,29.4359055,10.9863600
-4.2428058,-5.2991530,7.7191257,29.4754282,11.0469300
-4.1822398,-5.2933951,7.7880035,29.5647738,11.1082500
-4.0850407,-5.3536421,7.7935455,29.7105733,11.1660890
-3.9537155,-5.4801645,7.7292179,29.9169068,11.2236610
-3.7929914,-5.6692402,7.5924886,30.1848328,11.3008960
-3.6095285,-5.9132986,7.3853370,30.5121757,11.3600770
-3.4116030,-6.2011152,7.1147270,30.8933632,11.4177320
-3.2085594,-6.5182902,6.7924769,31.3195415,11.4766210
-3.0102254,-6.8481543,6.4348454,31.7789982,11.5353710
-2.8263367,-7.1727641,6.0618062,32.2577444,11.5927720
-2.6657946,-7.4740346,5.6956189,32.7403368,11.7012730
-2.5360846,-7.7350233,5.3594956,33.2108415,11.7587890
-2.4428113,-7.9409124,5.0758755,33.6537606,11.8192630
-2.3893859,-8.0797532,4.8646076,34.0549107,11.8804340
-2.3768906,-8.1434269,4.7416805,34.4023349,11.9423420
-2.4040414,-8.1280984,4.7177634,34.6870174,12.0009820
-2.4674200,-8.0342540,4.7974450,34.9033504,12.0746700
-2.5618179,-7.8670429,4.9790423,35.0494063,12.1357560
-2.6806505,-7.6347813,5.2543355,35.1269013,12.1934490
-2.8165508,-7.3494379,5.6093056,35.1408707,12.2565180
-2.9618343,-7.0251886,6.0250329,35.0992692,12.3150720
-3.1089254,-6.6773827,6.4788135,35.0124618,12.3723100
-3.2508760,-6.3218075,6.9461505,34.8923231,12.4465440
-3.3816482,-5.9734580,7.4023977,34.7514388,12.5043920
-3.4963871,-5.6456554,7.8245235,34.6022709,12.5673410
-3.5917251,-5.3512477,8.1927411,34.4562613,12.6286370
-3.6657120,-5.0983220,8.4915721,34.3233736,12.6863380
-3.7172170,-4.8935480,8.7108797,34.2115923,12.7439370
-3.7471918,-4.7402496,8.8462024,34.1266146,12.8192560
-3.7566314,-4.6386496,8.8986651,34.0718246,12.8812300
-3.7475534,-4.5861564,8.8746366,34.0482207,12.9417250
-3.7225506,-4.5787705,8.7847604,34.0546847,13.0013620
-3.6847321,-4.6106510,8.6429649,34.0883215,13.0593880
-3.6379898,-4.6760619,8.4654221,34.1448093,13.1217740
-3.5864545,-4.7689750,8.2690269,34.2191308,13.2281180
-3.5343765,-4.8837320,8.0700390,34.3061276,13.2875220
-3.4860993,-5.0157724,7.8829781,34.4011055,13.3458490
-3.4458438,-5.1608953,7.7194265,34.5005263,13.4039300
-3.4177024,-5.3167986,7.5874663,34.6022276,13.4633730
-3.4051741,-5.4817671,7.4915720,34.7057215,13.5398930
-3.4114195,-5.6556822,7.4322424,34.8123505,13.5983990
-3.4380892,-5.8372606,7.4062511,34.9250972,13.6615780
-3.4853068,-6.0294302,7.4069346,35.0485931,13.7196300
-3.5509973,-6.2321883,7.4241944,35.1888746,13.7771130
-3.6305696,-6.4463393,7.4454047,35.3529399,13.8397910
-3.7166677,-6.6713592,7.4562537,35.5483801,13.9125250
-3.7990742,-6.9058585,7.4415483,35.7825972,13.9706940
-3.8651161,-7.1470867,7.3863517,36.0619239,14.0292910
-3.9001270,-7.3906066,7.2768266,36.3911239,14.0878500
-3.8883291,-7.6308079,7.1009420,36.7732691,14.1455550
-3.8137436,-7.8607862,6.8493381,37.2085468,14.2078420
-3.6613303,-8.0727162,6.5162808,37.6946361,14.2787380
-3.4183900,-8.2579272,6.1000491,38.2262587,14.3368490
-3.0748885,-8.4078855,5.6032054,38.7952575,14.3957180
-2.6256761,-8.5137730,5.0327156,39.3908904,14.4553980
-2.0705817,-8.5677392,4.3995392,40.0001807,14.5209740
-1.4149347,-8.5632411,3.7182378,40.6084771,14.5798690
-0.6697527,-8.4956138,3.0063902,41.2000899,14.6863250
0.1489208,-8.3625207,2.2835396,41.7589608,14.7438930
1.0212021,-8.1643715,1.5700650,42.2695406,14.8048590
1.9242833,-7.9045703,0.8860094,42.7174660,14.8637830
2.8339701,-7.5895555,0.2499540,43.0902089,14.9222150
3.7262216,-7.2285323,-0.3217860,43.3776978,14.9799630
4.5777767,-6.8334568,-0.8167415,43.5727329,15.0547900
5.3684250,-6.4183033,-1.2260188,43.6713234,15.1131630
6.0817205,-5.9976213,-1.5446677,43.6728869,15.1761810
6.7059150,-5.5871933,-1.7731962,43.5802334,15.2379080
7.2343328,-5.2018894,-1.9153847,43.3993866,15.2956270
7.6654740,-4.8546899,-1.9787139,43.1392799,15.3533450
8.0026711,-4.5565255,-1.9732715,42.8112446,15.4253920
8.2535063,-4.3151844,-1.9110799,42.4285913,15.4828370
8.4290856,-4.1346274,-1.8054250,42.0060922,15.5455940
8.5428924,-4.0154042,-1.6697750,41.5593830,15.6040050
8.6095617,-3.9541670,-1.5168645,41.1044847,15.6618550
8.6438793,-3.9436347,-1.3581438,40.6570433,15.7241690
8.6595775,-3.9740651,-1.2034674,40.2317483,15.7941910
8.6685167,-4.0335796,-1.0605184,39.8418012,15.8572470
8.6801652,-4.1094302,-0.9344967,39.4983563,15.9190580
8.7010531,-4.1889694,-0.8285280,39.2102926,15.9770840
8.7346778,-4.2602009,-0.7443764,38.9838380,16.0345160
8.7816489,-4.3133867,-0.6824497,38.8223994,16.0932580
8.8400232,-4.3411652,-0.6420606,38.7265599,16.2014820
8.9059618,-4.3393312,-0.6218956,38.6940093,16.2613410
8.9743849,-4.3076285,-0.6199532,38.7197907,16.3224450
9.0397375,-4.2486975,-0.6339730,38.7965738,16.3799480
9.0967124,-4.1690076,-0.6605437,38.9149305,16.4422320
9.1408135,-4.0775891,-0.6971962,39.0639481,16.5034690
9.1687883,-3.9848665,-0.7402410,39.2320633,16.5755090
9.1787619,-3.9016504,-0.7858083,39.4075448,16.6376050
9.1713155,-3.8395839,-0.8297658,39.5790840,16.6952430
9.1472752,-3.8053984,-0.8676663,39.7364942,16.7526640
9.1095246,-3.8073015,-0.8942920,39.8709817,16.8147450
9.0614531,-3.8482962,-0.9043618,39.9756825,16.8726270
9.0075472,-3.9291341,-0.8930878,40.0460427,16.9422290
8.9511394,-4.0469171,-0.8561539,40.0798690,17.0006250
8.8971787,-4.1950657,-0.7900205,40.0775192,17.0592100
8.8482337,-4.3634465,-0.6922718,40.0417463,17.1204150
8.8072863,-4.5399985,-0.5619639,39.9775149,17.1790700
8.7762306,-4.7109077,-0.3997923,39.8917872,17.2502040
8.7555726,-4.8633011,-0.2080395,39.7929854,17.3124510
8.7447239,-4.9858599,0.0093427,39.6906862,17.3698420
8.7422698,-5.0697280,0.2469153,39.5951416,17.4274950
8.7461069,-5.1099757,0.4979275,39.5167643,17.4897100
8.7537838,-5.1047594,0.7544972,39.4658819,17.5482150
8.7626299,-5.0567434,1.0080967,39.4521206,17.6526760
8.7704923,-4.9719602,1.2499913,39.4839410,17.7118230
8.7751692,-4.8606285,1.4717501,39.5683029,17.7691130
8.7753489,-4.7327674,1.6657887,39.7101266,17.8311420
8.7705273,-4.6040171,1.8257387,39.9122014,17.8897370
8.7610640,-4.4880513,1.9467224,40.1750435,17.9470980
8.7481663,-4.3984299,2.0256346,40.4967931,18.0230580
8.7337202,-4.3461595,2.0614049,40.8735635,18.0806740
8.7200426,-4.3393295,2.0549251,41.2995927,18.1437540
8.7095871,-4.3828030,2.0085933,41.7673709,18.2057480
8.7046623,-4.4775103,1.9265189,42.2680416,18.2634600
8.7069841,-4.6197505,1.8148524,42.7924352,18.3207710
8.7174487,-4.8022126,1.6808566,43.3307599,18.3955570
8.7358523,-5.0151467,1.5321848,43.8736398,18.4533070
8.7608063,-5.2464519,1.3769431,44.4123382,18.5166310
8.7900529,-5.4825737,1.2234352,44.9390236,18.5779610
8.8205420,-5.7095618,1.0796366,45.4470719,18.6354850
8.8488024,-5.9137515,0.9526984,45.9312459,18.6953160
8.8713056,-6.0830137,0.8486193,46.3877682,18.7658510
8.8846859,-6.2077192,0.7724316,46.8143742,18.8264640
8.8862516,-6.2815276,0.7281725,47.2102219,18.8848970
8.8743847,-6.2999454,0.7153012,47.5757660,18.9435280
8.8487891,-6.2646405,0.7362601,47.9126204,19.0014690
8.8106171,-6.1786911,0.7883549,48.2233737,19.0637890
8.7625563,-6.0484984,0.8678933,48.5114278,19.1669040
8.7081123,-5.8829131,0.9695217,48.7808420,19.2293100
8.6520563,-5.6925281,1.0864053,49.0361449,19.2872960
8.5995118,-5.4890581,1.2116394,49.2821518,19.3449640
8.5556631,-5.2844740,1.3368633,49.5237913,19.4051110
8.5252850,-5.0907659,1.4542916,49.7659893,19.4661180
8.5122212,-4.9183514,1.5565275,50.0134857,19.5376250
8.5190119,-4.7760791,1.6372972,50.2705696,19.5960150
8.5465756,-4.6706020,1.6918131,50.5409865,19.6553410
8.5940283,-4.6053382,1.7170238,50.8277241,19.7151000
8.6587865,-4.5811596,1.7118593,51.1329067,19.7737810
8.7365568,-4.5961873,1.6775379,51.4579236,19.8393670
8.8216949,-4.6452900,1.6175156,51.8032716,19.9094150
8.9076246,-4.7214011,1.5366646,52.1685802,19.9699220
8.9872818,-4.8155720,1.4412339,52.5526874,20.0315790
9.0538409,-4.9177021,1.3387290,52.9535578,20.0892500
9.1011731,-5.0173157,1.2372842,53.3685418,20.1501380
9.1243594,-5.1039401,1.1449710,53.7945933,20.2248920
9.1201968,-5.1684734,1.0692257,54.2284991,20.2841400
9.0872391,-5.2031547,1.0165808,54.6672383,20.3418790
9.0261394,-5.2023182,0.9922485,55.1081797,20.4012140
8.9403100,-5.1624293,0.9997422,55.5493495,20.4627840
8.8352343,-5.0823796,1.0403699,55.9896133,20.5206730
8.7166420,-4.9638891,1.1145997,56.4287435,20.6267250
8.5925736,-4.8111208,1.2195402,56.8674510,20.6848230
8.4716354,-4.6303078,1.3511411,57.3073620,20.7509870
8.3621934,-4.4283850,1.5038820,57.7509255,20.8091210
8.2728570,-4.2149932,1.6707809,58.2010449,20.8678390
8.2096838,-3.9971947,1.8438854,58.6608914,20.9313010
8.1777497,-3.7826493,2.0154063,59.1336850,21.0018470
8.1795667,-3.5784553,2.1779463,59.6222636,21.0624720
8.2161895,-3.3905998,2.3240941,60.1288764,21.1217270
8.2856746,-3.2231893,2.4462906,60.6549253,21.1802220
8.3796211,-3.0829633,2.5430139,61.2008013,21.2377210
8.4991190,-2.9692141,2.6054548,61.7657562,21.2995560
8.6354502,-2.8847707,2.6323773,62.3478055,21.3692860
8.7810485,-2.8304347,2.6227412,62.9437922,21.4324360
8.9278615,-2.8067927,2.5779631,63.5494272,21.4942930
9.0683878,-2.8139328,2.4998057,64.1594839,21.5517360
9.1958000,-2.8517964,2.3921509,64.7680128,21.6118050
9.3045404,-2.9200913,2.2599117,65.3685252,21.6739170
9.3908056,-3.0181816,2.1089440,65.9542731,21.7462690
9.4520611,-3.1452005,1.9460234,66.5185243,21.8067130
9.4870283,-3.2999558,1.7787393,67.0547799,21.8688080
9.4954027,-3.4808147,1.6152070,67.5571757,21.9267340
9.4770323,-3.6860161,1.4637275,68.0208694,21.9841930
9.4323780,-3.9128116,1.3326130,68.4422840,22.0435480
9.3617752,-4.1584233,1.2296183,68.8195106,22.1491580
9.2654386,-4.4198021,1.1615727,69.1525146,22.2077490
9.1432369,-4.6937991,1.1343735,69.4432616,22.2674100
8.9945568,-4.9764710,1.1522316,69.6958047,22.3289010
8.8194601,-5.2663225,1.2167672,69.9161784,22.3899770
8.6162007,-5.5597570,1.3268266,70.1121527,22.4477370
8.3847895,-5.8546497,1.4789067,70.2927901,22.5234480
8.1255115,-6.1486012,1.6669850,70.4680522,22.5810050
7.8394300,-6.4401035,1.8826970,70.6482238,22.6386170
7.5284746,-6.7278899,2.1164753,70.8432840,22.7000670
7.1963184,-7.0116620,2.3527444,71.0623609,22.7587370
6.8462837,-7.2898369,2.5833183,71.3131019,22.8162290
6.4836912,-7.5610038,2.7944048,71.6011946,22.8912190
6.1144504,-7.8228938,2.9741277,71.9301104,22.9488710
5.7447691,-8.0728032,3.1123422,72.3010174,23.0098290
5.3805865,-8.3080242,3.2027183,72.7128105,23.0690980
5.0272143,-8.5237116,3.2379753,73.1623305,23.1277650
4.6887539,-8.7176518,3.2186298,73.6447350,23.1976720
4.3679477,-8.8856150,3.1461231,74.1539291,23.2597940
4.0652192,-9.0242255,3.0248801,74.6830601,23.3174890
3.7815314,-9.1318420,2.8613423,75.2250493,23.3780390
3.5170118,-9.2081288,2.6633606,75.7729660,23.4364410
3.2710851,-9.2539219,2.4393299,76.3202803,23.4983300
3.0436071,-9.2715325,2.1972595,76.8611387,23.6038050
2.8359793,-9.2652389,1.9440869,77.3904365,23.6679220
2.6508860,-9.2408304,1.6850150,77.9037963,23.7267090
2.4928268,-9.2032209,1.4243203,78.3975251,23.7887030
2.3685485,-9.1609016,1.1628571,78.8683958,23.8470730
2.2822776,-9.1181067,0.9013367,79.3134639,23.9045590
2.2437715,-9.0811605,0.6390874,79.7299710,23.9822500
2.2598107,-9.0532918,0.3753891,80.1152872,24.0399480
2.3366157,-9.0360966,0.1100316,80.4669500,24.0972900
2.4781704,-9.0289960,-0.1560834,80.7827961,24.1557750
2.6854643,-9.0291228,-0.4203427,81.0611400,24.2142350
2.9558022,-9.0313302,-0.6780655,81.3009941,24.2720940
3.2827662,-9.0286643,-0.9226316,81.5023412,24.3475670
3.6564442,-9.0129137,-1.1455665,81.6663358,24.4053430
4.0641307,-8.9753329,-1.3372729,81.7954644,24.4624930
4.4910642,-8.9075424,-1.4881029,81.8936143,24.5216530
4.9215455,-8.8023129,-1.5890099,81.9659726,24.5804160
5.3410413,-8.6541585,-1.6327479,82.0188325,24.6379870
5.7375749,-8.4600090,-1.6147834,82.0592520,24.7109030
6.1006445,-8.2195706,-1.5328952,82.0946429,24.7685500
6.4241556,-7.9355672,-1.3896506,82.1323345,24.8284410
6.7057518,-7.6138342,-1.1908794,82.1790096,24.8870650
6.9479392,-7.2629604,-0.9461771,82.2403358,24.9463030
7.1561517,-6.8938544,-0.6684880,82.3206423,25.0076750
7.3384251,-6.5191126,-0.3727931,82.4226451,25.1141130
7.5045096,-6.1517258,-0.0747738,82.5475343,25.1735640
7.6636481,-5.8057087,0.2106416,82.6949982,25.2321120
7.8242227,-5.4933063,0.4705180,82.8633444,25.2896520
7.9942585,-5.2246596,0.6923228,83.0499159,25.3559510
8.1692490,-5.0121065,0.8734892,83.2515025,25.4137040
8.3542210,-4.8590373,1.0064150,83.4647649,25.4856970
8.5446228,-4.7697596,1.0906418,83.6866895,25.5480450
8.7335974,-4.7453047,1.1282916,83.9148083,25.6059800
8.9110405,-4.7807864,1.1250747,84.1473668,25.6665210
9.0669659,-4.8714489,1.0875551,84.3833975,25.7259520
9.1906678,-5.0095742,1.0241896,84.6225700,25.7845450
9.2725331,-5.1861650,0.9435347,84.8651877,25.8542780
9.3054557,-5.3907498,0.8533634,85.1119902,25.9129910
9.2853046,-5.6124959,0.7601606,85.3638949,25.9743780
9.2110912,-5.8408456,0.6687364,85.6217640,26.0318890
9.0854501,-6.0660642,0.5822150,85.8861444,26.0946670
8.9137182,-6.2804029,0.5019528,86.1572113,26.1525850
8.7039522,-6.4776020,0.4278167,86.4347060,26.2217870
8.4657503,-6.6537174,0.3583732,86.7179885,26.2804150
8.2093815,-6.8070754,0.2912463,87.0061285,26.3447190
7.9446930,-6.9385334,0.2239290,87.2980191,26.4021630
7.6798134,-7.0498200,0.1538874,87.5925477,26.4644360
7.4223346,-7.1466752,0.0787126,87.8887893,26.5224600
7.1758059,-7.2333060,-0.0035373,88.1860760,26.6298520
6.9425872,-7.3154182,-0.0944934,88.4838665,26.6883350
6.7231539,-7.3984544,-0.1955181,88.7817066,26.7456960
6.5166477,-7.4870817,-0.3071431,89.0790452,26.8048790
6.3211387,-7.5842840,-0.4269787,89.3749967,26.8662580
6.1356263,-7.6924863,-0.5581001,89.6681612,26.9271060
5.9581963,-7.8110203,-0.6946891,89.9563606,26.9997520
5.7884349,-7.9377677,-0.8335691,90.2364339,27.0571430
5.6273290,-8.0688032,-0.9699980,90.5041191,27.1143050
5.4773474,-8.1990096,-1.0979976,90.7541727,27.1733890
5.3421280,-8.3222421,-1.2102888,90.9804714,27.2356660
5.2263744,-8.4323199,-1.2984542,91.1761913,27.2962900
5.1349854,-8.5235209,-1.3534636,91.3343715,27.3700840
5.0725479,-8.5898309,-1.3661906,91.4483731,27.4276500
5.0411491,-8.6257654,-1.3280302,91.5124590,27.4865680
5.0426538,-8.6278289,-1.2318708,91.5225232,27.5448320
5.0773310,-8.5944672,-1.0724995,91.4764213,27.6067360
5.1429394,-8.5256949,-0.8470181,91.3742765,27.6669570
5.2350165,-8.4231495,-0.5553961,91.2187814,27.7365010
5.3477895,-8.2906187,-0.2008345,91.0151835,27.7947760
5.4739596,-8.1341469,0.2097387,90.7712296,27.8534220
5.6054418,-7.9583199,0.6675143,90.4969562,27.9109240
5.7352666,-7.7721502,1.1594055,90.2041024,27.9727070
5.8515213,-7.5815665,1.6715333,89.9053986,28.0340910
5.9472756,-7.3949798,2.1888167,89.6138562,28.1362190
6.0149511,-7.2195066,2.6962866,89.3419136,28.1945770
6.0487098,-7.0615757,3.1800837,89.1007186,28.2551540
6.0447820,-6.9269616,3.6284199,88.8995356,28.3181330
6.0016081,-6.8197087,4.0322729,88.7451050,28.3763140
5.9197569,-6.7429355,4.3859401,88.6414750,28.4339140
5.8022780,-6.6981882,4.6870625,88.5896975,28.5094690
5.6549222,-6.6853866,4.9364561,88.5876324,28.5698930
5.4859412,-6.7029646,5.1374469,88.6305583,28.6274350
5.3058410,-6.7478910,5.2947220,88.7117935,28.6861110
5.1270150,-6.8159076,5.4134107,88.8231581,28.7475220
4.9630520,-6.9021033,5.4976228,88.9555764,28.8185650
4.8280352,-7.0009594,5.5493196,89.0998917,28.8808380
4.7354939,-7.1063573,5.5691869,89.2475487,28.9414760
4.6971032,-7.2121006,5.5539726,89.3912438,29.0018540
4.7231592,-7.3135492,5.4977542,89.5254353,29.0633820
4.8162969,-7.4052993,5.3921127,89.6468198,29.1211500
4.9782644,-7.4841413,5.2266172,89.7548778,29.1937830
5.2012289,-7.5479487,4.9902020,89.8518262,29.2564400
5.4730015,-7.5948305,4.6730159,89.9425547,29.3140770
5.7746858,-7.6245812,4.2675755,90.0345400,29.3732630
6.0811620,-7.6370632,3.7698818,90.1374775,29.4316990
6.3629812,-7.6337629,3.1812947,90.2627789,29.4890400
6.5878078,-7.6144099,2.5096371,90.4227305,29.5996220
6.7228088,-7.5771678,1.7718791,90.6298733,29.6582550
6.7341531,-7.5238971,0.9853623,90.8962826,29.7203270
6.5960955,-7.4613974,0.1648180,91.2325484,29.7781570
6.2855072,-7.3842597,-0.6622585,91.6470479,29.8356630
5.7892939,-7.2904253,-1.4697485,92.1450733,29.8971420
5.1043703,-7.1779518,-2.2321870,92.7280491,29.9676180
4.2389057,-7.0460819,-2.9278516,93.3932318,30.0258810
3.2122998,-6.8982281,-3.5458044,94.1335489,30.0860940
2.0547385,-6.7394094,-4.0813982,94.9378022,30.1449620
0.8057121,-6.5722355,-4.5318683,95.7911920,30.2090290
-0.4885346,-6.4013442,-4.8993377,96.6759717,30.2678890
-1.7770789,-6.2316865,-5.1927409,97.5723212,30.3396850
-3.0094808,-6.0736203,-5.4327148,98.4594229,30.4029980
-4.1356498,-5.9329586,-5.6349057,99.3166738,30.4606260
-5.1108672,-5.8157208,-5.8139666,100.1248022,30.5184060
-5.8981474,-5.7253942,-5.9823483,100.8668931,30.5804630
-6.4707344,-5.6627062,-6.1474956,101.5293229,30.6391700
-6.8127716,-5.6319498,-6.3229871,102.1024233,30.7085100
-6.9203066,-5.6294376,-6.5069048,102.5808869,30.7681830
-6.8006890,-5.6487952,-6.6914024,102.9639017,30.8278500
-6.4714824,-5.6811598,-6.8645598,103.2549561,30.8885400
-5.9610160,-5.7170694,-7.0112032,103.4614032,30.9511930
-5.3017040,-5.7499138,-7.1259580,103.5938037,31.0095790
-4.5318961,-5.7688293,-7.1947921,103.6650758,31.1137290
-3.6915067,-5.7641045,-7.2055063,103.6896468,31.1751440
-2.8199944,-5.7289532,-7.1521523,103.6825119,31.2352440
-1.9544276,-5.6590847,-7.0339485,103.6583997,31.2973210
-1.1285325,-5.5533606,-6.8568388,103.6312104,31.3551330
-0.3707890,-5.4136392,-6.6323499,103.6132028,31.4124470
0.2972435,-5.2447269,-6.3765460,103.6144332,31.4882850
0.8599840,-5.0537572,-6.1084464,103.6425037,31.5489320
1.3085548,-4.8492982,-5.8475510,103.7022104,31.6062670
1.6400465,-4.6407956,-5.6123511,103.7957831,31.6655000
1.8573110,-4.4374942,-5.4188267,103.9232418,31.7239560
1.9680704,-4.2476962,-5.2785960,104.0825292,31.7814730
1.9837966,-4.0781124,-5.1978261,104.2698860,31.8587710
1.9191780,-3.9331406,-5.1767034,104.4801568,31.9166830
1.7912047,-3.8149641,-5.2095480,104.7070761,31.9740050
1.6181231,-3.7232573,-5.2856943,104.9437514,32.0333350
1.4190425,-3.6552431,-5.3909643,105.1831469,32.0917530
1.2126905,-3.6062160,-5.5093959,105.4185126,32.1650290
1.0158168,-3.5704778,-5.6249923,105.6438095,32.2277390
0.8427583,-3.5417978,-5.7236798,105.8541284,32.2852910
0.7053096,-3.5140482,-5.7950074,106.0459590,32.3428370
0.6118708,-3.4816225,-5.8332159,106.2175995,32.4028940
0.5652928,-3.4403753,-5.8378992,106.3694552,32.4624280
0.5661214,-3.3871064,-5.8138971,106.5040675,32.5690060
0.6100310,-3.3206759,-5.7703270,106.6264349,32.6269880
0.6892751,-3.2411684,-5.7200713,106.7436203,32.6848480
0.7927000,-3.1518684,-5.6777038,106.8639429,32.7434420
0.9072499,-3.0543435,-5.6581860,106.9966206,32.8021320
1.0188313,-2.9525389,-5.6754702,107.1512394,32.8629320
1.1133021,-2.8504285,-5.7405603,107.3369432,32.9518580
1.1767032,-2.7524811,-5.8608443,107.5615853,33.0166910
1.1976357,-2.6632896,-6.0392069,107.8309509,33.0779810
1.1679337,-2.5871772,-6.2731688,108.1479379,33.1357710
1.0823942,-2.5274646,-6.5559388,108.5123562,33.1961120
0.9425570,-2.4880692,-6.8771020,108.9208173,33.2545850
0.7498308,-2.4706128,-7.2240586,109.3666388,33.3266670
0.5141817,-2.4766164,-7.5833086,109.8404412,33.3888570
0.2465905,-2.5065612,-7.9415433,110.3306508,33.4467650
-0.0383720,-2.5595726,-8.2860651,110.8243170,33.5042300
-0.3246471,-2.6331865,-8.6057107,111.3079978,33.5666740
-0.5960740,-2.7239288,-8.8915880,111.7686267,33.6244020
-0.8376123,-2.8281192,-9.1376978,112.1947007,33.6979550
-1.0361677,-2.9405570,-9.3413756,112.5769088,33.7599210
-1.1806792,-3.0534798,-9.4980764,112.9088052,33.8174330
-1.2670198,-3.1615317,-9.6072189,113.1873338,33.8747060
-1.2917400,-3.2669458,-9.6801368,113.4127584,33.9332880
-1.2576335,-3.3666422,-9.7219393,113.5884913,33.9918540
-1.1715571,-3.4582477,-9.7374066,113.7207005,34.0974820
-1.0437822,-3.5404770,-9.7300604,113.8178332,34.1561140
-0.8870625,-3.6122429,-9.7009442,113.8896794,34.2137160
-0.7157319,-3.6765123,-9.6549659,113.9464960,34.2718960
-0.5445114,-3.7394178,-9.5989029,113.9982178,34.3335550
-0.3869018,-3.8044752,-9.5349918,114.0533804,34.4036370
-0.2546592,-3.8755264,-9.4613825,114.1188326,34.4664600
-0.1560045,-3.9542339,-9.3739930,114.1995717,34.5240400
-0.0977838,-4.0473200,-9.2779869,114.2981555,34.5844550
-0.0821592,-4.1576611,-9.1732141,114.4145707,34.6463330
-0.1078908,-4.2875269,-9.0601252,114.5465292,34.7070740
-0.1705485,-4.4370687,-8.9380503,114.6898429,34.7798480
-0.2636331,-4.6024662,-8.8030780,114.8389339,34.8392550
-0.3787047,-4.7853162,-8.6650733,114.9874590,34.8967480
-0.5066094,-4.9826217,-8.5285346,115.1290071,34.9599710
-0.6380142,-5.1894218,-8.3959623,115.2577765,35.0205480
-0.7634441,-5.3990388,-8.2693785,115.3691296,35.0780290
-0.8772539,-5.6039243,-8.1470797,115.4600566,35.1500250
-0.9731032,-5.8011557,-8.0396896,115.5294369,35.2075330
-1.0475992,-5.9849260,-7.9517645,115.5780796,35.2676370
-1.0992451,-6.1488325,-7.8842953,115.6086710,35.3291830
-1.1280233,-6.2880058,-7.8382738,115.6254249,35.3881100
-1.1350234,-6.3986533,-7.8132195,115.6336691,35.4498540
-1.1229831,-6.4784942,-7.8081054,115.6395658,35.5532100
-1.0955909,-6.5267592,-7.8208945,115.6494038,35.6156470
-1.0558139,-6.5443009,-7.8488722,115.6690475,35.6769790
-1.0066949,-6.5336296,-7.8887917,115.7034900,35.7346160
-0.9503506,-6.4984818,-7.9364793,115.7561420,35.7966920
-0.8880787,-6.4437987,-7.9873852,115.8286929,35.8546050
-0.8201953,-6.3754950,-8.0369328,115.9210890,35.9297930
-0.7460595,-6.3000568,-8.0808182,116.0314579,35.9902350
-0.6646326,-6.2243027,-8.1153106,116.1564156,36.0477520
-0.5745702,-6.1548268,-8.1374037,116.2913471,36.1079670
-0.4745183,-6.0976710,-8.1450160,116.4307566,36.1666960
-0.3635193,-6.0577597,-8.1369365,116.5688514,36.2241000
-0.2409358,-6.0386500,-8.1128957,116.7000401,36.3013000
-0.1067236,-6.0422674,-8.0735460,116.8193948,36.3590940
0.0382129,-6.0689247,-8.0202712,116.9231110,36.4166570
0.1919840,-6.1172629,-7.9552043,117.0087219,36.4752850
0.3524522,-6.1842352,-7.8811556,117.0751409,36.5367180
0.5179059,-6.2654789,-7.8013498,117.1227108,36.6063800
0.6843791,-6.3554819,-7.7193921,117.1530136,36.6716820
0.8492973,-6.4482001,-7.6390326,117.1686387,36.7292990
1.0098211,-6.5377573,-7.5633818,117.1730459,36.7894330
1.1638640,-6.6179100,-7.4953150,117.1701401,36.8516890
1.3095730,-6.6857768,-7.4367907,117.1638679,36.9093470
1.4459840,-6.7370090,-7.3888845,117.1579311,37.0182030
1.5730784,-6.7695738,-7.3522707,117.1555039,37.0755470
1.6917742,-6.7826433,-7.3268946,117.1590249,37.1357510
1.8036834,-6.7765942,-7.3122129,117.1701991,37.1975820
1.9096665,-6.7527976,-7.3072863,117.1899953,37.2551500
2.0119373,-6.7136052,-7.3101606,117.2184014,37.3183650
2.1127554,-6.6619757,-7.3185333,117.2546829,37.3917040
2.2137548,-6.6010684,-7.3295589,117.2977918,37.4493870
2.3160433,-6.5340132,-7.3404404,117.3464748,37.5092080
2.4201743,-6.4638772,-7.3489583,117.3995051,37.5712620
2.5266617,-6.3933935,-7.3536045,117.4558207,37.6319520
2.6350876,-6.3249151,-7.3535646,117.5147824,37.6901200
2.7445886,-6.2604386,-7.3489598,117.5762526,37.7646710
2.8536913,-6.2012974,-7.3397666,117.6403425,37.8224270
2.9606348,-6.1483876,-7.3261798,117.7074755,37.8812170
3.0637220,-6.1023484,-7.3088738,117.7783143,37.9401370
3.1613829,-6.0634486,-7.2887060,117.8535917,38.0015250
3.2524530,-6.0320336,-7.2667004,117.9340859,38.0726240
3.3362748,-6.0081383,-7.2435955,118.0204650,38.1312460
3.4127196,-5.9917370,-7.2204466,118.1130649,38.1896030
3.4822549,-5.9827321,-7.1976098,118.2118556,38.2481140
3.5458744,-5.9809991,-7.1749872,118.3166614,38.3089210
3.6049612,-5.9863191,-7.1523065,118.4270802,38.3718830
3.6611132,-5.9983421,-7.1290076,118.5425656,38.4738100
3.7159099,-6.0164985,-7.1044760,118.6625927,38.5331360
3.7706397,-6.0398849,-7.0784452,118.7863069,38.5981310
3.8260896,-6.0672166,-7.0509429,118.9127236,38.6555500
3.8823696,-6.0967742,-7.0225884,119.0411856,38.7179350
3.9388164,-6.1264149,-6.9952015,119.1712219,38.7756290
3.9940139,-6.1536492,-6.9693156,119.3023520,38.8465170
4.0458843,-6.1757232,-6.9478364,119.4341020,38.9108390
4.0918648,-6.1897875,-6.9330140,119.5660135,38.9684020
4.1291823,-6.1930616,-6.9271895,119.6975349,39.0322890
4.1552019,-6.1829969,-6.9326929,119.8279183,39.0900010
4.1677473,-6.1575072,-6.9514940,119.9561782,39.1474590
4.1654353,-6.1151712,-6.9848629,120.0810684,39.2195820
4.1479437,-6.0553849,-7.0332127,120.2010645,39.2802090
4.1161115,-5.9784646,-7.0959186,120.3144010,39.3405640
4.0720356,-5.8856752,-7.1712942,120.4191277,39.3990340
4.0190390,-5.7791674,-7.2566718,120.5131796,39.4571040
3.9614681,-5.6618650,-7.3485346,120.5945113,39.5309120
3.9044335,-5.5372984,-7.4427170,120.6612414,39.5923060
3.8534503,-5.4093484,-7.5347158,120.7117660,39.6523570
3.8139881,-5.2819730,-7.6199891,120.7449048,39.7139950
3.7910734,-5.1589314,-7.6942941,120.7600042,39.7716580
3.7889764,-5.0435019,-7.7540785,120.7569513,39.8320860
3.8108456,-4.9382771,-7.7966859,120.7362600,39.9406180
3.8584876,-4.8450107,-7.8205727,120.6990705,40.0020330
3.9322400,-4.7645348,-7.8253995,120.6471147,40.0607220
4.0308735,-4.6967847,-7.8118718,120.5827494,40.1184410
4.1517303,-4.6408750,-7.7817160,120.5088239,40.1784130
4.2909341,-4.5952612,-7.7374678,120.4285721,40.2398750
4.4436753,-4.5579433,-7.6822139,120.3454898,40.3112020
4.6045886,-4.5266740,-7.6194846,120.2631133,40.3699780
4.7681149,-4.4992097,-7.5528848,120.1849070,40.4285280
4.9288725,-4.4735125,-7.4858293,120.1141165,40.4880790
5.0819911,-4.4479253,-7.4213433,120.0536249,40.5488170
5.2233920,-4.4213228,-7.3617869,120.0058808,40.6112080
5.3499888,-4.3931346,-7.3088192,119.9727781,40.6810830
5.4598131,-4.3633261,-7.2633868,119.9555809,40.7418130
5.5520404,-4.3323204,-7.2257485,119.9548946,40.8031210
5.6268924,-4.3008281,-7.1956180,119.9706493,40.8608640
5.6855298,-4.2697118,-7.1722636,120.0021375,40.9238340
5.7298279,-4.2398258,-7.1546554,120.0480816,40.9824700
5.7621496,-4.2118535,-7.1416240,120.1067213,41.0520280
5.7852133,-4.1862222,-7.1319634,120.1759165,41.1104000
5.8018689,-4.1630140,-7.1245662,120.2532737,41.1691320
5.8148134,-4.1419336,-7.1185124,120.3362852,41.2297980
5.8260804,-4.1223468,-7.1131055,120.4224519,41.2885820
5.8383580,-4.1033467,-7.1079006,120.5094104,41.3937220
5.8524947,-4.0838634,-7.1026734,120.5950474,41.4575500
5.8694585,-4.0627939,-7.0973561,120.6775769,41.5161830
5.8896719,-4.0391271,-7.0919858,120.7556156,41.5734090
5.9131840,-4.0120413,-7.0866625,120.8282450,41.6317170
5.9397091,-3.9809826,-7.0814897,120.8950066,41.6937890
5.9687858,-3.9457372,-7.0765206,120.9558828,41.7633290
5.9998782,-3.9064268,-7.0717355,121.0112488,41.8289230
6.0323682,-3.8634256,-7.0670512,121.0617744,41.8868460
6.0656942,-3.8173333,-7.0623124,121.1083445,41.9443710
6.0993943,-3.7688597,-7.0573405,121.1519753,42.0034570
6.1331263,-3.7187401,-7.0519621,121.1937116,42.0620250
6.1667881,-3.6677671,-7.0459524,121.2345246,42.1344730
6.2004464,-3.6166651,-7.0391060,121.2752467,42.1932790
6.2342874,-3.5660364,-7.0312597,121.3165139,42.2517770
6.2685836,-3.5163494,-7.0222960,121.3587440,42.3094130
6.3035976,-3.4678644,-7.0122177,121.4021542,42.3723030
6.3395527,-3.4206847,-7.0011138,121.4467773,42.4300960
6.3766028,-3.3748062,-6.9891334,121.4924972,42.5009720
6.4147905,-3.3301440,-6.9764891,121.5391019,42.5653430
6.4540246,-3.2865853,-6.9634147,121.5863439,42.6231970
6.4940695,-3.2440153,-6.9501633,121.6339895,42.6806700
6.5345495,-3.2023455,-6.9370091,121.6818678,42.7402220
6.5749822,-3.1615287,-6.9242066,121.7298988,42.8470620
6.6148120,-3.1215449,-6.9119824,121.7780857,42.9063610
6.6534578,-3.0824020,-6.9005200,121.8265206,42.9649210
6.6903651,-3.0441087,-6.8899364,121.8753670,43.0267470
6.7250571,-3.0066518,-6.8802887,121.9248172,43.0884440
6.7571745,-2.9700014,-6.8715768,121.9750715,43.1469830
6.7865167,-2.9340717,-6.8637354,122.0262917,43.2212850
6.8130851,-2.8986935,-6.8566235,122.0785499,43.2791350
6.8370668,-2.8636215,-6.8500479,122.1318118,43.3365090
6.8588130,-2.8285234,-6.8437714,122.1859369,43.3986830
6.8788204,-2.7930086,-6.8375285,122.2406651,43.4574810
6.8976779,-2.7566897,-6.8310532,122.2956242,43.5150230
6.9160130,-2.7191771,-6.8240956,122.3503647,43.5898770
6.9344669,-2.6800974,-6.8164600,122.4043771,43.6471560
6.9535974,-2.6391355,-6.8080295,122.4571357,43.7073870
6.9737842,-2.5960494,-6.7987883,122.5081519,43.7721910
6.9952235,-2.5506952,-6.7888640,122.5570171,43.8298280
7.0178398,-2.5030565,-6.7785162,122.6034305,43.8897820
7.0413228,-2.4532103,-6.7681724,122.6472465,43.9635190
7.0652365,-2.4012511,-6.7584876,122.6885186,44.0215470
7.0889369,-2.3473293,-6.7502271,122.7274882,44.0847050
7.1117055,-2.2916404,-6.7442277,122.7645897,44.1459410
7.1327659,-2.2343904,-6.7413098,122.8004328,44.2033760
7.1511870,-2.1758167,-6.7421013,122.8357585,44.2636020
7.1661971,-2.1161722,-6.7470290,122.8713900,44.3694690
7.1772501,-2.0556807,-6.7562284,122.9081698,44.4303090
7.1841017,-1.9946463,-6.7694317,122.9468739,44.4915940
7.1870070,-1.9336179,-6.7859228,122.9881179,44.5492430
7.1866016,-1.8732862,-6.8044796,123.0322897,44.6092300
7.1838331,-1.8145717,-6.8233596,123.0794735,44.6810080
7.1800446,-1.7585690,-6.8404064,123.1294064,44.7393040
7.1770350,-1.7063095,-6.8532183,123.1814679,44.7987560
7.1768622,-1.6589056,-6.8592849,123.2346822,44.8608740
7.1818325,-1.6174373,-6.8562669,123.2877868,44.9183810
7.1942662,-1.5827709,-6.8421888,123.3393052,44.9806690
7.2160524,-1.5554823,-6.8155510,123.3876348,45.0533340
7.2487392,-1.5356053,-6.7756914,123.4312318,45.1141270
7.2932895,-1.5224335,-6.7229219,123.4687596,45.1759750
7.3498677,-1.5145541,-6.6586263,123.4992492,45.2336650
7.4178651,-1.5099835,-6.5853886,123.5222671,45.2908880
7.4955683,-1.5061309,-6.5067695,123.5379902,45.3501400
7.5800799,-1.5000788,-6.4270657,123.5472666,45.4230940
7.6674933,-1.4887367,-6.3511322,123.5516377,45.4811510
7.7530940,-1.4688610,-6.2841286,123.5533030,45.5400550
7.8316932,-1.4376324,-6.2310816,123.5550004,45.5986310
7.8981832,-1.3928543,-6.1965876,123.5598290,45.6573570
7.9478795,-1.3331737,-6.1843588,123.5710428,45.7225220
7.9766503,-1.2584377,-6.1966803,123.5918056,45.8280880
7.9818320,-1.1694541,-6.2343555,123.6249226,45.8867450
7.9621839,-1.0678963,-6.2964545,123.6725879,45.9452460
7.9183035,-0.9562347,-6.3802609,123.7361521,46.0109780
7.8529894,-0.8374888,-6.4815123,123.8159291,46.0689400
7.7707665,-0.7150396,-6.5943287,123.9111016,46.1266710
7.6776399,-0.5924871,-6.7115635,124.0197265,46.1981550
7.5807419,-0.4732520,-6.8252119,124.1387772,46.2557080
7.4876593,-0.3601176,-6.9267455,124.2642651,46.3160630
7.4060858,-0.2552590,-7.0079418,124.3915389,46.3744270
7.3433169,-0.1599598,-7.0615160,124.5155877,46.4358040
7.3055750,-0.0746407,-7.0816634,124.6314165,46.4935820
7.2974337,0.0007825,-7.0646417,124.7344814,46.5657000
7.3214621,0.0672035,-7.0090426,124.8210141,46.6231130
7.3778332,0.1260958,-6.9158977,124.8883493,46.6838040
7.4643308,0.1792870,-6.7888052,124.9351982,46.7432340
7.5766786,0.2289712,-6.6338890,124.9618124,46.8045290
7.7085788,0.2771272,-6.4593075,124.9700298,46.8623760
7.8522139,0.3252104,-6.2748433,124.9631842,46.9360680
7.9987227,0.3741026,-6.0911941,124.9458992,46.9935260
8.1391665,0.4240976,-5.9190356,124.9237664,47.0566240
8.2643083,0.4749079,-5.7684768,124.9029005,47.1162140
8.3666151,0.5257648,-5.6482529,124.8894564,47.1741670
8.4401840,0.5756487,-5.5650467,124.8891119,47.2366720
8.4815836,0.6234216,-5.5230879,124.9065644,47.3408870
8.4897593,0.6681535,-5.5235992,124.9451057,47.3993170
8.4660705,0.7091716,-5.5646364,125.0062963,47.4605370
8.4142181,0.7463199,-5.6411982,125.0897588,47.5183120
8.3398761,0.7803671,-5.7454719,125.1931190,47.5814550
8.2502792,0.8126262,-5.8675197,125.3121573,47.6541210
8.1537650,0.8449010,-5.9961425,125.4410996,47.7153990
8.0589795,0.8793495,-6.1197394,125.5730276,47.7767610
7.9740009,0.9180418,-6.2268242,125.7003987,47.8346060
7.9059229,0.9630752,-6.3078518,125.8156747,47.8944780
7.8601065,1.0163919,-6.3549951,125.9119351,47.9528210
7.8398677,1.0795326,-6.3633139,125.9834821,48.0273770
7.8464755,1.1535346,-6.3311756,126.0263829,48.0860730
7.8787073,1.2386537,-6.2602326,126.0388131,48.1442380
7.9332222,1.3342770,-6.1553935,126.0212844,48.2028060
8.0047132,1.4389657,-6.0243596,125.9766988,48.2614970
8.0862394,1.5505805,-5.8768802,125.9102215,48.3228280
8.1703107,1.6663381,-5.7240685,125.8289067,48.3978270
8.2484627,1.7830919,-5.5773482,125.7411832,48.4553520
8.3138485,1.8974378,-5.4475162,125.6562342,48.5151960
8.3603135,2.0057796,-5.3438902,125.5832854,48.5770210
8.3834722,2.1048576,-5.2734344,125.5308809,48.6376920
8.3810423,2.1916685,-5.2402085,125.5061993,48.6978460
8.3530816,2.2638337,-5.2450331,125.5144453,48.8037140
8.3017233,2.3200217,-5.2853693,125.5583459,48.8617580
8.2309986,2.3596105,-5.3556445,125.6379532,48.9270950
8.1476563,2.3830738,-5.4478708,125.7506558,48.9852860
8.0584646,2.3918237,-5.5523034,125.8913142,49.0427900
7.9714306,2.3878234,-5.6583563,126.0526393,49.1051930
7.8943879,2.3738945,-5.7555911,126.2258334,49.1749870
7.8339455,2.3534537,-5.8343853,126.4012417,49.2355040
7.7951279,2.3303158,-5.8869150,126.5692210,49.2940960
7.7812226,2.3087229,-5.9079551,126.7210659,49.3527780
7.7929913,2.2928321,-5.8950838,126.8496847,49.4102310
7.8289327,2.2861879,-5.8490473,126.9502682,49.4688050
7.8852729,2.2916490,-5.7735676,127.0207858,49.5422570
7.9559382,2.3111032,-5.6747211,127.0622266,49.6031260
8.0335960,2.3453092,-5.5605619,127.0785634,49.6669570
8.1103508,2.3943322,-5.4404390,127.0764872,49.7247730
8.1784852,2.4573015,-5.3240489,127.0648464,49.7825330
8.2315048,2.5323363,-5.2207137,127.0538443,49.8449950
8.2645787,2.6170237,-5.1384072,127.0541533,49.9178830
8.2744078,2.7082299,-5.0827676,127.0759390,49.9794880
8.2600680,2.8025339,-5.0567265,127.1278602,50.0412930
8.2228605,2.8968192,-5.0601292,127.2161701,50.0997800
8.1660753,2.9881311,-5.0898366,127.3440644,50.1572480
8.0952206,3.0739275,-5.1403376,127.5112752,50.2157860
8.0171776,3.1522976,-5.2041287,127.7139319,50.3237230
7.9392142,3.2218355,-5.2725000,127.9447744,50.3838510
7.8686960,3.2818933,-5.3364217,128.1937499,50.4423590
7.8120842,3.3329409,-5.3871502,128.4487512,50.4998550
7.7744045,3.3762864,-5.4172252,128.6967098,50.5622510
7.7590884,3.4140239,-5.4212745,128.9248317,50.6323160
7.7672880,3.4488435,-5.3964468,129.1216724,50.6925890
7.7976573,3.4832668,-5.3427707,129.2782548,50.7524380
7.8465686,3.5195701,-5.2631591,129.3889449,50.8104400
7.9082421,3.5594767,-5.1630567,129.4520233,50.8754230
7.9754623,3.6038594,-5.0499367,129.4699247,50.9340320
8.0406311,3.6529492,-4.9328026,129.4491002,51.0229960
8.0963753,3.7061496,-4.8212346,129.3994874,51.0817690
8.1363877,3.7620144,-4.7245087,129.3336196,51.1392320
8.1558416,3.8184686,-4.6507785,129.2655311,51.1974560
8.1523028,3.8731613,-4.6060268,129.2095152,51.2601400
8.1247796,3.9238135,-4.5935802,129.1788002,51.3178900
8.0748824,3.9685256,-4.6137240,129.1843242,51.3953620
8.0061709,4.0061482,-4.6635594,129.2337446,51.4525210
7.9241736,4.0364276,-4.7373695,129.3307378,51.5129170
7.8356393,4.0602521,-4.8269595,129.4746706,51.5742980
7.7477854,4.0794996,-4.9223338,129.6606932,51.6318980
7.6676812,4.0969369,-5.0125601,129.8802172,51.6918730
7.6015554,4.1164292,-5.0865797,130.1216988,51.8008950
7.5542446,4.1423503,-5.1341900,130.3717335,51.8609020
7.5289554,4.1791781,-5.1470086,130.6163259,51.9221600
7.5270009,4.2310629,-5.1193323,130.8421631,51.9827480
7.5474664,4.3009832,-5.0479877,131.0377764,52.0407950
7.5875409,4.3905260,-4.9336234,131.1945683,52.0990800
7.6427275,4.4996369,-4.7798554,131.3075307,52.1721170
7.7073147,4.6264161,-4.5932241,131.3756132,52.2305380
7.7753624,4.7672930,-4.3828727,131.4017741,52.2888630
7.8410392,4.9171472,-4.1597344,131.3926277,52.3502990
7.8992692,5.0695413,-3.9356587,131.3577640,52.4078350
7.9461231,5.2172596,-3.7225855,131.3088245,52.4811240
7.9787429,5.3529959,-3.5315243,131.2585060,52.5404130
7.9960231,5.4698807,-3.3718439,131.2194212,52.5982550
7.9973568,5.5622162,-3.2506704,131.2029921,52.6607410
7.9844036,5.6259319,-3.1724264,131.2185886,52.7226780
7.9596358,5.6585694,-3.1386780,131.2728264,52.7801340
7.9263553,5.6596853,-3.1481328,131.3691364,52.8541360
7.8881905,5.6307435,-3.1969033,131.5076828,52.9119290
7.8488085,5.5749499,-3.2789285,131.6854982,52.9749220
7.8114785,5.4974198,-3.3864921,131.8968174,53.0366220
7.7784724,5.4044765,-3.5108942,132.1337225,53.0944710
7.7523898,5.3031707,-3.6431557,132.3869482,53.1522340
7.7339444,5.2007549,-3.7746735,132.6466856,53.2589910
7.7233215,5.1037352,-3.8977298,132.9033264,53.3162260
7.7199209,5.0176127,-4.0059755,133.1482237,53.3750770
7.7224394,4.9465555,-4.0946499,133.3742463,53.4337320
7.7290775,4.8931296,-4.1607056,133.5761825,53.4916890
7.7382791,4.8584445,-4.2030161,133.7510769,53.5536150
7.7486817,4.8421259,-4.2221061,133.8981974,53.6242390
7.7593423,4.8424192,-4.2199089,134.0188216,53.6838010
7.7698859,4.8565360,-4.1994540,134.1159338,53.7454480
7.7800780,4.8810617,-4.1642870,134.1938315,53.8030520
7.7900151,4.9122912,-4.1181990,134.2576196,53.8645430
7.8000398,4.9467236,-4.0648905,134.3127052,53.9360350
7.8105781,4.9813414,-4.0076755,134.3643357,53.9970170
7.8222057,5.0135209,-3.9494026,134.4171501,54.0582080
7.8354221,5.0413335,-3.8922702,134.4748807,54.1157950
7.8503863,5.0635179,-3.8378088,134.5401812,54.1768360
7.8669069,5.0794251,-3.7869278,134.6145350,54.2354510
