0.0000506,0.0000277,0.0029379,0.0020323,2.3325130
0.0000869,0.0000700,0.0080987,0.0056220,2.3949540
0.0000758,0.0001090,0.0156680,0.0108859,2.4561640
0.0001131,0.0001452,0.0259423,0.0179152,2.5136410
0.0003005,0.0001538,0.0390380,0.0266328,2.5722830
0.0007283,0.0000783,0.0546915,0.0367065,2.6437950
0.0014036,-0.0002219,0.0719303,0.0473426,2.7022510
0.0025204,-0.0008544,0.0890384,0.0568703,2.7640290
0.0037912,-0.0019798,0.1036705,0.0631678,2.8223580
0.0049145,-0.0043882,0.1110740,0.0636124,2.8801130
0.0052850,-0.0082613,0.1083783,0.0560089,2.9392730
0.0058940,-0.0147715,0.0906893,0.0380192,3.0102360
0.0050904,-0.0226652,0.0545889,0.0076612,3.0712280
0.0028714,-0.0317096,-0.0022264,-0.0357728,3.1296590
-0.0010009,-0.0409909,-0.0800202,-0.0914260,3.1884030
-0.0071164,-0.0495755,-0.1769791,-0.1565424,3.2462270
-0.0154349,-0.0559874,-0.2880595,-0.2261257,3.3086740
-0.0257266,-0.0583205,-0.4043615,-0.2929899,3.3818410
-0.0375448,-0.0543563,-0.5135112,-0.3480236,3.4398410
-0.0496914,-0.0417135,-0.6002310,-0.3806209,3.4987990
-0.0605367,-0.0183634,-0.6469813,-0.3796211,3.5575100
-0.0680215,0.0168745,-0.6350738,-0.3342945,3.6149990
-0.0698230,0.0639360,-0.5461904,-0.2353605,3.6733190
-0.0636947,0.1211502,-0.3640059,-0.0760367,3.7854200
-0.0476055,0.1849148,-0.0757845,0.1471097,3.8466200
-0.0200507,0.2496235,0.3261512,0.4335386,3.9052660
0.0196118,0.3077443,0.8432804,0.7783816,3.9659640
0.0709390,0.3500800,1.4702156,1.1724441,4.0261640
0.1321212,0.3664264,2.1945281,1.6026661,4.0838010
0.1998445,0.3463032,2.9971872,2.0529039,4.1567600
0.2693724,0.2798647,3.8536002,2.5050197,4.2158120
0.3347812,0.1589365,4.7351524,2.9402139,4.2782960
0.3892863,-0.0221414,5.6111265,3.3403954,4.3370030
0.4256371,-0.2658306,6.4508529,3.6895279,4.3945270
0.4366062,-0.5708763,7.2258544,3.9748662,4.4571940
0.4163525,-0.9311575,7.9118436,4.1879228,4.5289030
0.3593472,-1.3375815,8.4903165,4.3250100,4.5927820
0.2623862,-1.7767397,8.9497792,4.3874300,4.6550040
0.1246713,-2.2320980,9.2862594,4.3811899,4.7139950
-0.0525066,-2.6853822,9.5032663,4.3162771,4.7741160
-0.2654247,-3.1175344,9.6110735,4.2057503,4.8589220
-0.5081843,-3.5100348,9.6255231,4.0645212,4.9174620
-0.7730683,-3.8462320,9.5664326,3.9080375,4.9785640
-1.0509823,-4.1125263,9.4557596,3.7510373,5.0375120
-1.3321521,-4.2992669,9.3157699,3.6063438,5.0950360
-1.6067600,-4.4013799,9.1673008,3.4839560,5.1582870
-1.8655933,-4.4185839,9.0283173,3.3904851,5.2635860
-2.1006915,-4.3551919,8.9128825,3.3289310,5.3254930
-2.3057152,-4.2196676,8.8305338,3.2988305,5.3834350
-2.4762588,-4.0238019,8.7861690,3.2967302,5.4413080
-2.6100119,-3.7816999,8.7803641,3.3168700,5.5039140
-2.7067166,-3.5087045,8.8100310,3.3520079,5.5628420
-2.7680516,-3.2201809,8.8693771,3.3943500,5.6324200
-2.7973542,-2.9304599,8.9509558,3.4363865,5.6916080
-2.7992401,-2.6519900,9.0467164,3.4716115,5.7503570
-2.7791843,-2.3947091,9.1489478,3.4950735,5.8122620
-2.7430674,-2.1657268,9.2509790,3.5036071,5.8755360
-2.6967607,-1.9692914,9.3476384,3.4958696,5.9336270
-2.6457648,-1.8069717,9.4354388,3.4721696,6.0055700
-2.5949192,-1.6780288,9.5124983,3.4341074,6.0668410
-2.5482240,-1.5799833,9.5782809,3.3841444,6.1277810
-2.5087376,-1.5092013,9.6332010,3.3251260,6.1853680
-2.4785659,-1.4614804,9.6781701,3.2598207,6.2443610
-2.4589312,-1.4325862,9.7141800,3.1905502,6.3030420
-2.4502576,-1.4186138,9.7419819,3.1189552,6.3725670
-2.4523080,-1.4162554,9.7611495,3.0453768,6.4319130
-2.4642353,-1.4228639,9.7746263,2.9720641,6.4933890
-2.4848929,-1.4364840,9.7822153,2.8987934,6.5507450
-2.5128755,-1.4557667,9.7836240,2.8250312,6.6111610
-2.5464648,-1.4797578,9.7787252,2.7501038,6.7136720
-2.5837526,-1.5077662,9.7676147,2.6733166,6.7768600
-2.6226873,-1.5392508,9.7507339,2.5941363,6.8359290
-2.6613008,-1.5737571,9.7288128,2.5123574,6.8981010
-2.6973416,-1.6107779,9.7029038,2.4277215,6.9568650
-2.7290526,-1.6496678,9.6749921,2.3402924,7.0142090
-2.7549454,-1.6905643,9.6451146,2.2502444,7.0909650
-2.7745188,-1.7331357,9.6156538,2.1587584,7.1483490
-2.7854639,-1.7787755,9.5873146,2.0673336,7.2061150
-2.7883290,-1.8268496,9.5611613,1.9775009,7.2644250
-2.7829588,-1.8776150,9.5379974,1.8911487,7.3262070
-2.7695135,-1.9310378,9.5185944,1.8103532,7.3841520
-2.7491828,-1.9873340,9.5028972,1.7371503,7.4612180
-2.7230521,-2.0465600,9.4903466,1.6735148,7.5189200
-2.6928585,-2.1084857,9.4804737,1.6212241,7.5789180
-2.6604552,-2.1725960,9.4727771,1.5817152,7.6404110
-2.6277189,-2.2379042,9.4665755,1.5561600,7.6987160
-2.5963806,-2.3030262,9.4611788,1.5452828,7.7561210
-2.5678834,-2.3663289,9.4560298,1.5492258,7.8337730
-2.5433547,-2.4259844,9.4507487,1.5675689,7.8913570
-2.5237447,-2.4800476,9.4451262,1.5992865,7.9515700
-2.5097045,-2.5266221,9.4391299,1.6427897,8.0102900
-2.5015758,-2.5639628,9.4328812,1.6960502,8.0676770
-2.4994287,-2.5906479,9.4265871,1.7566462,8.1292940
-2.5030000,-2.6057754,9.4205298,1.8217917,8.2320580
-2.5117741,-2.6090353,9.4149872,1.8885139,8.2921130
-2.5250995,-2.6008753,9.4101443,1.9538342,8.3533870
-2.5421866,-2.5823984,9.4060990,2.0148468,8.4113060
-2.5620804,-2.5551840,9.4028452,2.0689046,8.4705080
-2.5836896,-2.5211963,9.4002797,2.1137202,8.5436030
-2.6058861,-2.4826709,9.3982659,2.1473745,8.6025340
-2.6278173,-2.4422758,9.3966258,2.1684602,8.6657210
-2.6478531,-2.4016848,9.3952082,2.1761947,8.7267320
-2.6654048,-2.3632932,9.3938659,2.1703650,8.7841730
-2.6795961,-2.3286282,9.3925163,2.1512939,8.8470320
-2.6896792,-2.2983194,9.3911958,2.1198345,8.9167030
-2.6951600,-2.2723961,9.3902225,2.0772275,8.9769790
-2.6958257,-2.2501309,9.3900536,2.0250812,9.0411490
-2.6915023,-2.2304587,9.3911519,1.9653332,9.0986120
-2.6821710,-2.2120197,9.3940096,1.9002152,9.1586020
-2.6685259,-2.1919723,9.3991707,1.8323055,9.2163560
-2.6507292,-2.1691359,9.4071628,1.7645278,9.2875270
-2.6293640,-2.1420810,9.4175952,1.7001983,9.3480280
-2.6049798,-2.1104322,9.4308379,1.6430200,9.4057020
-2.5783662,-2.0747942,9.4461575,1.5970092,9.4632430
-2.5504051,-2.0370869,9.4624985,1.5664959,9.5217550
-2.5220069,-2.0005877,9.4790878,1.5561099,9.5801500
-2.4942927,-1.9697886,9.4943044,1.5704663,9.6889570
-2.4680856,-1.9504952,9.5059812,1.6138898,9.7466680
-2.4448807,-1.9488362,9.5123136,1.6900535,9.8088250
-2.4259875,-1.9710831,9.5128328,1.8014412,9.8665670
-2.4128410,-2.0229361,9.5053112,1.9490910,9.9241920
-2.4068350,-2.1083838,9.4891658,2.1322757,9.9896570
-2.4092224,-2.2300001,9.4621664,2.3481707,10.0600650
-2.4214654,-2.3874688,9.4251167,2.5917418,10.1206300
-2.4440348,-2.5774747,9.3786936,2.8556733,10.1817850
-2.4779629,-2.7942411,9.3251393,3.1305341,10.2394200
-2.5240893,-3.0279963,9.2647496,3.4052034,10.2999150
-2.5810034,-3.2669657,9.1993093,3.6674647,10.3618280
-2.6491488,-3.4973582,9.1308713,3.9047999,10.4310870
-2.7271469,-3.7049091,9.0619953,4.1052909,10.4902890
-2.8131298,-3.8751593,8.9952536,4.2585384,10.5489280
-2.9045143,-3.9954817,8.9331823,4.3565178,10.6062870
-2.9980344,-4.0558129,8.8778798,4.3943857,10.6722930
-3.0897247,-4.0497551,8.8308983,4.3710916,10.7429680
-3.1750319,-3.9753407,8.7943550,4.2896604,10.8037060
-3.2492062,-3.8350633,8.7704803,4.1572127,10.8650460
-3.3071713,-3.6369083,8.7599513,3.9846741,10.9225240
-3.3437827,-3.3925752,8.7639614,3.7860798,10.9855740
-3.3542496,-3.1175896,8.7831107,3.5777733,11.0462900
-3.3346021,-2.8304299,8.8175163,3.3774480,11.1510800
-3.2819735,-2.5508887,8.8668770,3.2028392,11.2124360
-3.1948041,-2.2985141,8.9306756,3.0705589,11.2742320
-3.0735986,-2.0912457,9.0079397,2.9949444,11.3364980
-2.9205614,-1.9439487,9.0972501,2.9869794,11.3944990
-2.7400872,-1.8674185,9.1952560,3.0536694,11.4520910
-2.5386311,-1.8677114,9.2984711,3.1976029,11.5272230
-2.3243811,-1.9456546,9.4027751,3.4167875,11.5848500
-2.1076136,-2.0968522,9.5055460,3.7048391,11.6479550
-1.8985841,-2.3121019,9.6003789,4.0514308,11.7077850
-1.7088362,-2.5780459,9.6828843,4.4430105,11.7655450
-1.5493598,-2.8783016,9.7488367,4.8637279,11.8249020
-1.4298256,-3.1948160,9.7939008,5.2965149,11.8955630
-1.3580945,-3.5091054,9.8146196,5.7241455,11.9626310
-1.3395671,-3.8035973,9.8088066,6.1302576,12.0216100
-1.3765323,-4.0628091,9.7757428,6.5003151,12.0824410
-1.4678467,-4.2742644,9.7160327,6.8223602,12.1444910
-1.6088200,-4.4292404,9.6323521,7.0876018,12.2153130
-1.7913929,-4.5231084,9.5287654,7.2907840,12.2810770
-2.0045815,-4.5553552,9.4107265,7.4302607,12.3387450
-2.2351678,-4.5292368,9.2848365,7.5078244,12.3964090
-2.4686213,-4.4512057,9.1583097,7.5283437,12.4548790
-2.6901851,-4.3302620,9.0384265,7.4992900,12.5134670
-2.8859739,-4.1770187,8.9320361,7.4300789,12.6188830
-3.0440247,-4.0027865,8.8450400,7.3313895,12.6776770
-3.1552123,-3.8186938,8.7819735,7.2144234,12.7353180
-3.2139652,-3.6348776,8.7457207,7.0901523,12.7972750
-3.2186343,-3.4598975,8.7373169,6.9687048,12.8549390
-3.1715745,-3.3004057,8.7559405,6.8588480,12.9127790
-3.0789946,-3.1609577,8.7990428,6.7676521,12.9905340
-2.9499978,-3.0438687,8.8625509,6.7001920,13.0478430
-2.7962981,-2.9494987,8.9412380,6.6594943,13.1076220
-2.6308620,-2.8765749,9.0292940,6.6466612,13.1658970
-2.4670214,-2.8224270,9.1207725,6.6610016,13.2233420
-2.3171482,-2.7838789,9.2098983,6.7003598,13.2995780
-2.1916067,-2.7580152,9.2914747,6.7614824,13.3585930
-2.0990549,-2.7402917,9.3613495,6.8403683,13.4160220
-2.0446499,-2.7278780,9.4168396,6.9327849,13.4794620
-2.0306151,-2.7182164,9.4556043,7.0347180,13.5376410
-2.0560338,-2.7096969,9.4775530,7.1427428,13.5981070
-2.1172599,-2.7014574,9.4831455,7.2543022,13.6726990
-2.2084554,-2.6935383,9.4734669,7.3678199,13.7313600
-2.3221417,-2.6868420,9.4510609,7.4828844,13.7915730
-2.4501683,-2.6831646,9.4184436,7.6001396,13.8526290
-2.5837988,-2.6844162,9.3778187,7.7211483,13.9103000
-2.7153567,-2.6925446,9.3312015,7.8481728,13.9709530
-2.8381015,-2.7096154,9.2821319,7.9836936,14.0773340
-2.9468432,-2.7376319,9.2319379,8.1301280,14.1350190
-3.0381018,-2.7776976,9.1827922,8.2894695,14.1975920
-3.1099708,-2.8309122,9.1339072,8.4629689,14.2556250
-3.1626606,-2.8975433,9.0860529,8.6509533,14.3145740
-3.1968610,-2.9768488,9.0393260,8.8526205,14.3736080
-3.2148690,-3.0681937,8.9954014,9.0659862,14.4439990
-3.2204473,-3.1692608,8.9537182,9.2879201,14.5042950
-3.2154233,-3.2773329,8.9143022,9.5142963,14.5649480
-3.2036761,-3.3888307,8.8773340,9.7402517,14.6266720
-3.1880146,-3.5000781,8.8434814,9.9605062,14.6860130
-3.1707443,-3.6065540,8.8136614,10.1697708,14.7441010
-3.1535419,-3.7037988,8.7890577,10.3630763,14.8180250
-3.1374826,-3.7873850,8.7707087,10.5361401,14.8795770
-3.1230860,-3.8532342,8.7589308,10.6857137,14.9394920
-3.1103349,-3.8980153,8.7543339,10.8097571,14.9986520
-3.0991341,-3.9187859,8.7580323,10.9075438,15.0567130
-3.0892239,-3.9144303,8.7694899,10.9797253,15.1189240
-3.0802389,-3.8844334,8.7884212,11.0282117,15.1887150
-3.0718615,-3.8294134,8.8140613,11.0560096,15.2532070
-3.0640536,-3.7515093,8.8450553,11.0671349,15.3152040
-3.0570995,-3.6541066,8.8797437,11.0662364,15.3732300
-3.0512590,-3.5415747,8.9166708,11.0582582,15.4332390
-3.0472606,-3.4190408,8.9545632,11.0481123,15.5422640
-3.0456591,-3.2919274,8.9928184,11.0402090,15.6000110
-3.0469406,-3.1656497,9.0297486,11.0382044,15.6581900
-3.0515103,-3.0452861,9.0640980,11.0447755,15.7167360
-3.0593314,-2.9352323,9.0943157,11.0614511,15.7742200
-3.0706771,-2.8389241,9.1219870,11.0885801,15.8355290
-3.0847072,-2.7586549,9.1457506,11.1253474,15.9058900
-3.1005206,-2.6954347,9.1656026,11.1698787,15.9633760
-3.1170265,-2.6490256,9.1822643,11.2194953,16.0213810
-3.1324296,-2.6181957,9.1961311,11.2710249,16.0827720
-3.1444852,-2.6008797,9.2076061,11.3211560,16.1407750
-3.1507317,-2.5944626,9.2174263,11.3668607,16.2183840
-3.1485609,-2.5961146,9.2264816,11.4056680,16.2770170
-3.1353492,-2.6030077,9.2353021,11.4359182,16.3368220
-3.1085827,-2.6126394,9.2447554,11.4569818,16.3987290
-3.0660019,-2.6230985,9.2554218,11.4693203,16.4565680
-3.0057809,-2.6331507,9.2678051,11.4745172,16.5171470
-2.9266446,-2.6422787,9.2824663,11.4751900,16.5915610
-2.8280350,-2.6506365,9.2999373,11.4747505,16.6489680
-2.7102824,-2.6588898,9.3207205,11.4770811,16.7092190
-2.5745949,-2.6680500,9.3451997,11.4861994,16.7687970
-2.4231119,-2.6793132,9.3735584,11.5059368,16.8295620
-2.2588529,-2.6938002,9.4057542,11.5395769,16.8885620
-2.0855641,-2.7123277,9.4414757,11.5895901,16.9921790
-1.9076698,-2.7352792,9.4801066,11.6574574,17.0539900
-1.7300635,-2.7624687,9.5207652,11.7435071,17.1147340
-1.5578808,-2.7931360,9.5622935,11.8469790,17.1731340
-1.3962846,-2.8260026,9.6032300,11.9661686,17.2325370
-1.2501786,-2.8593295,9.6419749,12.0986169,17.2911930
-1.1239472,-2.8911298,9.6769529,12.2414414,17.3608860
-1.0212742,-2.9193089,9.7066528,12.3916267,17.4196420
-0.9449753,-2.9418779,9.7297068,12.5463700,17.4814950
-0.8968729,-2.9571716,9.7450417,12.7033292,17.5395610
-0.8778421,-2.9638283,9.7520195,12.8607406,17.6012090
-0.8877622,-2.9609512,9.7504746,13.0175608,17.6592250
-0.9255285,-2.9482584,9.7407408,13.1734184,17.7319590
-0.9892413,-2.9260642,9.7236490,13.3285480,17.7970750
-1.0762246,-2.8950919,9.7004217,13.4836985,17.8547770
-1.1832370,-2.8564775,9.6725533,13.6398417,17.9127820
-1.3067511,-2.8116675,9.6418420,13.7979055,17.9719600
-1.4429415,-2.7628519,9.6099787,13.9584845,18.0426680
-1.5878158,-2.7118232,9.5786360,14.1215723,18.1037440
-1.7373346,-2.6602024,9.5492934,14.2864326,18.1623830
-1.8874473,-2.6094287,9.5228022,14.4515768,18.2208500
-2.0341885,-2.5606308,9.5000794,14.6147777,18.2791060
-2.1737657,-2.5145406,9.4812973,14.7731972,18.3420230
-2.3025464,-2.4714738,9.4663529,14.9236216,18.4454600
-2.4170005,-2.4313769,9.4549531,15.0627014,18.5047760
-2.5137749,-2.3938547,9.4466614,15.1873400,18.5641530
-2.5897488,-2.3582627,9.4410947,15.2950826,18.6214170
-2.6420362,-2.3238279,9.4380334,15.3843746,18.6807450
-2.6680676,-2.2897336,9.4375007,15.4548007,18.7393580
-2.6657346,-2.2553103,9.4398773,15.5072454,18.8126910
-2.6334711,-2.2202004,9.4458082,15.5438801,18.8780580
-2.5704981,-2.1844356,9.4561889,15.5681407,18.9360680
-2.4770797,-2.1485150,9.4720914,15.5846012,18.9935900
-2.3547068,-2.1134181,9.4944939,15.5986992,19.0557230
-2.2063614,-2.0805568,9.5241841,15.6164677,19.1166610
-2.0366316,-2.0517243,9.5614149,15.6441925,19.1892670
-1.8517491,-2.0290095,9.6056352,15.6880523,19.2513060
-1.6595600,-2.0146559,9.6554599,15.7537809,19.3087020
-1.4692384,-2.0108796,9.7086758,15.8463662,19.3688570
-1.2910114,-2.0197416,9.7623212,15.9697896,19.4313960
-1.1357996,-2.0430377,9.8129391,16.1268292,19.4892820
-1.0144299,-2.0820756,9.8557935,16.3188987,19.5598410
-0.9369740,-2.1375811,9.8865455,16.5459555,19.6177170
-0.9119617,-2.2095759,9.9009468,16.8064679,19.6759520
-0.9454973,-2.2971535,9.8952765,17.0974275,19.7353040
-1.0407872,-2.3986698,9.8667606,17.4144646,19.7967750
-1.1976681,-2.5115837,9.8139665,17.7519772,19.9034180
-1.4122844,-2.6325341,9.7370210,18.1033196,19.9618870
-1.6770150,-2.7573660,9.6378527,18.4610631,20.0241560
-1.9807469,-2.8813102,9.5201510,18.8172792,20.0830050
-2.3094646,-2.9991232,9.3889653,19.1638493,20.1404130
-2.6469831,-3.1053568,9.2504997,19.4928526,20.1995270
-2.9762321,-3.1947443,9.1122146,19.7969350,20.2733030
-3.2798951,-3.2624151,8.9812032,20.0696877,20.3316380
-3.5421082,-3.3042260,8.8646838,20.3060852,20.3975350
-3.7494385,-3.3171191,8.7690573,20.5027682,20.4553280
-3.8921119,-3.2993737,8.6997067,20.6582866,20.5127950
-3.9646633,-3.2508741,8.6603513,20.7732309,20.5746700
-3.9663721,-3.1732950,8.6526098,20.8502019,20.6440730
-3.9013715,-3.0700694,8.6759502,20.8937036,20.7060120
-3.7782330,-2.9462275,8.7276387,20.9098845,20.7644870
-3.6093103,-2.8081506,8.8030751,20.9061934,20.8229090
-3.4098420,-2.6631480,8.8962063,20.8908976,20.8802850
-3.1965365,-2.5189597,8.9999946,20.8725629,20.9393970
-2.9860532,-2.3832417,9.1070516,20.8595558,21.0151140
-2.7936631,-2.2629791,9.2101466,20.8594798,21.0727200
-2.6317874,-2.1639116,9.3027845,20.8786887,21.1347240
-2.5089860,-2.0901501,9.3797186,20.9219674,21.1926930
-2.4293831,-2.0439135,9.4373578,20.9923232,21.2501470
-2.3922486,-2.0253615,9.4740409,21.0908984,21.3127390
-2.3921197,-2.0327223,9.4900281,21.2170892,21.4174410
-2.4195224,-2.0625223,9.4874249,21.3687406,21.4810720
-2.4620205,-2.1097722,9.4698340,21.5424113,21.5391880
-2.5054738,-2.1690436,9.4423084,21.7338091,21.5969080
-2.5354975,-2.2339648,9.4103057,21.9382769,21.6620690
-2.5389314,-2.2989402,9.3793902,22.1511755,21.7198500
-2.5051997,-2.3588026,9.3546852,22.3682437,21.7902410
-2.4273028,-2.4095824,9.3402406,22.5859722,21.8512830
-2.3024795,-2.4485473,9.3388866,22.8017867,21.9091040
-2.1324168,-2.4741839,9.3517108,23.0142143,21.9690710
-1.9225971,-2.4874895,9.3772175,23.2229575,22.0307090
-1.6823120,-2.4909103,9.4131488,23.4288184,22.0881450
-1.4232601,-2.4881258,9.4551260,23.6336140,22.1581990
-1.1585083,-2.4839247,9.4977219,23.8400068,22.2154740
-0.9010530,-2.4838461,9.5348348,24.0512824,22.2793860
-0.6626342,-2.4939483,9.5603291,24.2711058,22.3407700
-0.4525320,-2.5204852,9.5680726,24.5032912,22.3992980
-0.2768136,-2.5695631,9.5533557,24.7515220,22.4618030
-0.1379101,-2.6467928,9.5125686,25.0191011,22.5314280
-0.0346634,-2.7569738,9.4441159,25.3086836,22.5915910
0.0373952,-2.9036705,9.3484536,25.6219349,22.6558440
0.0852353,-3.0888492,9.2283021,25.9593144,22.7138750
0.1171769,-3.3133040,9.0879819,26.3198952,22.7712740
0.1418071,-3.5748945,8.9342005,26.7011573,22.8778540
0.1671502,-3.8697273,8.7745338,27.0988431,22.9400560
0.1993578,-4.1913736,8.6174172,27.5069385,23.0041690
0.2417837,-4.5309898,8.4714453,27.9177322,23.0618310
0.2946558,-4.8774983,8.3447091,28.3219638,23.1192590
0.3549109,-5.2179655,8.2442488,28.7091552,23.1778770
0.4164768,-5.5380371,8.1754962,29.0679793,23.2518610
0.4710071,-5.8225233,8.1419987,29.3867032,23.3097170
0.5087063,-6.0562176,8.1451088,29.6537971,23.3691420
0.5191865,-6.2247541,8.1838595,29.8585706,23.4310820
0.4931427,-6.3154743,8.2552010,29.9917746,23.4890080
0.4228403,-6.3184909,8.3542266,30.0461618,23.5507530
0.3033978,-6.2269530,8.4745881,30.0170090,23.6226840
0.1331787,-6.0383636,8.6096070,29.9025209,23.6828520
-0.0858067,-5.7545907,8.7515725,29.7040608,23.7441700
-0.3479379,-5.3822148,8.8933636,29.4262424,23.8017660
-0.6444496,-4.9323647,9.0285806,29.0768114,23.8594630
-0.9639111,-4.4201120,9.1519535,28.6663096,23.9371590
-1.2931978,-3.8639810,9.2596382,28.2076447,23.9967020
-1.6185874,-3.2849194,9.3493716,27.7155200,24.0576170
-1.9267604,-2.7052337,9.4204588,27.2057200,24.1198070
-2.2057042,-2.1472929,9.4737074,26.6943513,24.1778420
-2.4455537,-1.6323502,9.5111996,26.1970775,24.2378920
-2.6392107,-1.1793777,9.5358776,25.7283773,24.3452360
-2.7825208,-0.8040050,9.5509951,25.3008834,24.4026660
-2.8747291,-0.5178447,9.5605511,24.9248503,24.4672390
-2.9176903,-0.3278987,9.5678230,24.6077437,24.5251950
-2.9158357,-0.2362684,9.5756486,24.3539771,24.5827480
-2.8755170,-0.2402266,9.5859909,24.1648411,24.6462030
-2.8045122,-0.3325021,9.6001644,24.0386112,24.7178110
-2.7112693,-0.5018367,9.6186451,23.9707669,24.7776470
-2.6042728,-0.7337337,9.6410968,23.9543642,24.8363580
-2.4914570,-1.0113531,9.6665805,23.9805270,24.8946560
-2.3796825,-1.3164469,9.6935621,24.0389493,24.9573490
-2.2744576,-1.6303361,9.7202398,24.1185274,25.0277590
-2.1798598,-1.9348520,9.7448249,24.2079949,25.0900850
-2.0985148,-2.2132089,9.7656577,24.2964691,25.1477450
-2.0315919,-2.4507495,9.7815099,24.3740435,25.2055570
-1.9790711,-2.6355813,9.7916259,24.4322290,25.2677170
-1.9399751,-2.7590683,9.7956926,24.4642687,25.3289180
-1.9126611,-2.8160298,9.7939217,24.4654201,25.3985930
-1.8952582,-2.8048857,9.7869647,24.4330983,25.4569810
-1.8858719,-2.7275367,9.7758172,24.3668542,25.5182000
-1.8826694,-2.5890482,9.7617604,24.2682610,25.5756760
-1.8840507,-2.3973570,9.7462478,24.1406726,25.6418930
-1.8887976,-2.1624171,9.7304822,23.9888540,25.6998170
-1.8960706,-1.8962757,9.7157886,23.8186030,25.8072070
-1.9053396,-1.6111886,9.7031220,23.6363629,25.8682680
-1.9163269,-1.3199795,9.6931713,23.4487995,25.9262080
-1.9289497,-1.0346274,9.6864323,23.2623491,25.9887600
-1.9431734,-0.7658632,9.6830657,23.0829108,26.0466270
-1.9590339,-0.5225049,9.6832312,22.9155946,26.1185290
-1.9766395,-0.3104687,9.6871604,22.7645413,26.1810080
-1.9955838,-0.1340057,9.6939838,22.6328823,26.2416470
-2.0155999,0.0047871,9.7036196,22.5227372,26.2990130
-2.0360906,0.1059551,9.7155171,22.4352803,26.3575560
-2.0563225,0.1712012,9.7290997,22.3708922,26.4161640
-2.0754165,0.2034907,9.7437760,22.3293534,26.4863950
-2.0924683,0.2065048,9.7589407,22.3100273,26.5539630
-2.1065458,0.1841145,9.7739716,22.3120338,26.6121280
-2.1167658,0.1399797,9.7882989,22.3343858,26.6720930
-2.1222852,0.0772599,9.8012256,22.3760901,26.7343340
-2.1224009,-0.0016135,9.8122901,22.4361956,26.7920540
-2.1165591,-0.0948703,9.8210224,22.5137752,26.8670830
-2.1043840,-0.2010819,9.8272653,22.6078962,26.9287680
-2.0858290,-0.3200509,9.8304338,22.7175789,26.9863620
-2.0612717,-0.4509519,9.8306550,22.8417041,27.0440380
-2.0311687,-0.5932405,9.8279234,22.9789222,27.1032760
-1.9961508,-0.7460036,9.8223707,23.1276081,27.2083890
-1.9572585,-0.9077142,9.8142713,23.2858383,27.2693500
-1.9157812,-1.0761290,9.8040175,23.4514109,27.3271960
-1.8728779,-1.2483574,9.7920721,23.6219477,27.3848580
-1.8300353,-1.4208831,9.7789534,23.7949378,27.4430340
-1.7886258,-1.5896788,9.7652267,23.9678119,27.5069150
-1.7497917,-1.7504891,9.7514731,24.1380763,27.5813290
-1.7145856,-1.8990980,9.7382559,24.3034126,27.6396310
-1.6833997,-2.0315766,9.7261170,24.4618239,27.6995960
-1.6565481,-2.1449295,9.7155430,24.6117121,27.7613040
-1.6339852,-2.2367137,9.7069546,24.7519173,27.8220570
-1.6153146,-2.3057132,9.7007184,24.8817250,27.8796820
-1.5998332,-2.3517550,9.6971006,25.0008506,27.9562560
-1.5865253,-2.3758053,9.6962573,25.1093996,28.0139940
-1.5741929,-2.3798079,9.6982246,25.2078090,28.0714520
-1.5616058,-2.3665161,9.7028818,25.2967868,28.1338730
-1.5475752,-2.3392476,9.7099935,25.3772325,28.1924400
-1.5310829,-2.3015963,9.7192311,25.4501968,28.2620640
-1.5113744,-2.2572033,9.7301835,25.5168417,28.3212310
-1.4879761,-2.2095332,9.7424001,25.5784114,28.3801410
-1.4607900,-2.1616666,9.7553928,25.6362191,28.4380270
-1.4301623,-2.1162247,9.7686518,25.6916325,28.5043620
-1.3968288,-2.0752708,9.7816885,25.7460595,28.5627160
-1.3618879,-2.0402658,9.7940601,25.8009269,28.6653600
-1.3267028,-2.0121132,9.8053947,25.8576250,28.7270460
-1.2927269,-1.9911858,9.8154297,25.9174331,28.7848030
-1.2614261,-1.9773910,9.8240054,25.9814277,28.8440070
-1.2341648,-1.9702585,9.8310702,26.0503791,28.9024920
-1.2121181,-1.9689642,9.8366805,26.1246482,28.9724730
-1.1962449,-1.9723356,9.8409342,26.2040684,29.0356830
-1.1872361,-1.9788735,9.8439721,26.2878781,29.0963690
-1.1855165,-1.9867603,9.8459336,26.3746680,29.1566610
-1.1912554,-1.9938905,9.8469215,26.4623855,29.2154660
-1.2044106,-1.9978921,9.8470555,26.5484445,29.2732360
-1.2247893,-1.9962045,9.8464145,26.6298255,29.3475560
-1.2521111,-1.9861555,9.8450414,26.7032498,29.4082760
-1.2860728,-1.9650835,9.8429495,26.7654075,29.4688620
-1.3263643,-1.9306004,9.8400532,26.8131742,29.5314140
-1.3726880,-1.8807360,9.8362267,26.8438778,29.5894300
-1.4247436,-1.8141173,9.8313336,26.8555407,29.6472270
-1.4821955,-1.7301693,9.8252471,26.8470740,29.7239510
-1.5446347,-1.6291936,9.8179232,26.8184240,29.7847590
-1.6115219,-1.5124647,9.8094057,26.7706339,29.8421870
-1.6821397,-1.3822742,9.7998325,26.7058308,29.9005950
-1.7555433,-1.2418472,9.7894519,26.6271276,29.9588050
-1.8305576,-1.0951379,9.7786223,26.5384415,30.0663090
-1.9057852,-0.9466408,9.7678005,26.4442616,30.1242510
-1.9796347,-0.8011232,9.7575218,26.3493689,30.1862890
-2.0504081,-0.6633120,9.7483660,26.2585353,30.2450110
-2.1163869,-0.5376596,9.7409007,26.1762285,30.3033350
-2.1759386,-0.4280428,9.7356387,26.1063412,30.3657300
-2.2276402,-0.3375117,9.7329991,26.0519723,30.4388870
-2.2703658,-0.2681473,9.7332601,26.0152698,30.4993400
-2.3033535,-0.2209562,9.7365283,25.9973484,30.5614790
-2.3262652,-0.1958652,9.7427250,25.9982896,30.6190510
-2.3392050,-0.1917972,9.7515715,26.0172096,30.6766030
-2.3427090,-0.2067817,9.7626159,26.0523933,30.7548030
-2.3377027,-0.2381307,9.7752890,26.1014854,30.8141600
-2.3254230,-0.2826449,9.7889383,26.1616944,30.8718030
-2.3073177,-0.3368248,9.8028956,26.2300117,30.9307080
-2.2849337,-0.3971037,9.8165217,26.3034238,30.9894850
-2.2598160,-0.4600467,9.8292269,26.3790815,31.0502980
-2.2334021,-0.5225170,9.8405261,26.4544499,31.1258600
-2.2069298,-0.5818207,9.8500605,26.5274184,31.1836590
-2.1813865,-0.6357746,9.8576195,26.5963499,31.2438340
-2.1574785,-0.6827280,9.8631567,26.6600891,31.3058380
-2.1356041,-0.7215783,9.8667681,26.7179469,31.3669860
-2.1159446,-0.7517162,9.8686659,26.7696269,31.4276890
-2.0985839,-0.7729801,9.8691414,26.8151617,31.5333310
-2.0831513,-0.7856408,9.8685319,26.8548927,31.5939230
-2.0693340,-0.7902978,9.8671825,26.8893673,31.6587950
-2.0568518,-0.7878034,9.8654211,26.9192770,31.7168480
-2.0455454,-0.7791938,9.8635341,26.9454049,31.7743850
-2.0352235,-0.7655775,9.8617315,26.9685203,31.8486920
-2.0257586,-0.7480892,9.8601516,26.9893649,31.9061530
-2.0171378,-0.7278540,9.8588536,27.0086471,31.9693680
-2.0094231,-0.7059399,9.8578279,27.0270141,32.0315870
-2.0027306,-0.6833017,9.8570468,27.0450284,32.0891690
-1.9971939,-0.6607632,9.8564609,27.0631646,32.1467590
-1.9929098,-0.6390043,9.8560244,27.0817982,32.2352090
-1.9899105,-0.6185414,9.8557116,27.1012028,32.2927140
-1.9881796,-0.5997396,9.8554811,27.1215768,32.3532120
-1.9876200,-0.5828185,9.8553041,27.1430376,32.4118900
-1.9880622,-0.5678489,9.8551687,27.1656195,32.4695460
-1.9892872,-0.5547804,9.8550658,27.1892897,32.5444020
-1.9909982,-0.5434905,9.8550144,27.2139615,32.6033470
-1.9928742,-0.5337987,9.8550394,27.2395105,32.6623750
-1.9946172,-0.5254926,9.8551489,27.2657899,32.7213200
-1.9959624,-0.5183462,9.8553421,27.2926423,32.7804380
-1.9967213,-0.5121238,9.8556059,27.3199230,32.8391550
-1.9967868,-0.5065919,9.8559190,27.3475092,32.9460580
-1.9961318,-0.5015029,9.8562711,27.3753102,33.0069580
-1.9948206,-0.4966213,9.8566521,27.4032765,33.0688120
-1.9929852,-0.4917308,9.8570490,27.4313957,33.1294490
-1.9908182,-0.4866363,9.8574459,27.4596914,33.1918950
-1.9885520,-0.4812122,9.8578025,27.4882108,33.2495590
-1.9864247,-0.4753622,9.8580842,27.5170255,33.3218090
-1.9846824,-0.4690071,9.8582551,27.5462183,33.3831360
-1.9835422,-0.4621058,9.8582866,27.5758757,33.4439710
-1.9831662,-0.4546330,9.8581906,27.6060921,33.5017350
-1.9836594,-0.4466215,9.8579789,27.6369457,33.5621630
-1.9850458,-0.4381890,9.8576767,27.6684916,33.6326820
-1.9872780,-0.4295185,9.8573187,27.7007602,33.6906190
-1.9902598,-0.4208544,9.8569179,27.7337501,33.7499000
-1.9938461,-0.4124761,9.8565105,27.7674430,33.8118630
-1.9978587,-0.4046540,9.8561478,27.8018002,33.8693380
-2.0021059,-0.3976343,9.8558978,27.8367738,33.9327930
-2.0063841,-0.3916224,9.8558684,27.8723230,34.0024530
-2.0105137,-0.3867535,9.8561618,27.9083945,34.0600350
-2.0143717,-0.3830968,9.8568632,27.9449351,34.1219590
-2.0178965,-0.3806373,9.8580288,27.9818751,34.1832930
-2.0211104,-0.3792429,9.8596544,28.0190911,34.2409930
-2.0241083,-0.3787321,9.8616901,28.0564421,34.3468570
-2.0270276,-0.3788942,9.8640336,28.0937628,34.4086390
-2.0300447,-0.3795409,9.8665188,28.1308695,34.4670360
-2.0334008,-0.3806201,9.8689779,28.1675965,34.5263340
-2.0372811,-0.3821665,9.8711224,28.2037796,34.5839240
-2.0419172,-0.3843115,9.8726871,28.2392710,34.6475400
-2.0475021,-0.3873044,9.8733976,28.2739765,34.7204910
-2.0541764,-0.3914574,9.8730251,28.3078872,34.7814570
-2.0620155,-0.3971593,9.8713892,28.3411061,34.8433820
-2.0710111,-0.4048479,9.8683822,28.3738789,34.9011490
-2.0810678,-0.4149119,9.8639909,28.4065999,34.9586940
-2.0920094,-0.4276000,9.8582857,28.4397959,35.0170560
-2.1035801,-0.4429382,9.8514509,28.4741213,35.0926200
-2.1154577,-0.4606331,9.8437927,28.5103174,35.1499840
-2.1272718,-0.4800269,9.8357084,28.5491579,35.2093330
-2.1386266,-0.5000858,9.8276657,28.5913846,35.2683100
-2.1491221,-0.5194171,9.8201551,28.6376353,35.3273770
-2.1583778,-0.5363549,9.8136243,28.6883832,35.3985170
-2.1660518,-0.5490794,9.8084493,28.7438787,35.4563610
-2.1718531,-0.5557764,9.8049029,28.8041020,35.5194610
-2.1755619,-0.5548176,9.8031151,28.8687655,35.5772560
-2.1770359,-0.5449607,9.8030830,28.9373423,35.6358230
-2.1762183,-0.5255123,9.8046521,29.0090991,35.6989810
-2.1731462,-0.4964304,9.8074955,29.0831521,35.8030330
-2.1679295,-0.4584572,9.8111888,29.1585716,35.8626840
-2.1607605,-0.4131575,9.8152390,29.2344629,35.9219540
-2.1518827,-0.3628496,9.8191448,29.3100734,35.9796460
-2.1415371,-0.3104992,9.8225012,29.3849247,36.0409910
-2.1300029,-0.2595365,9.8249948,29.4588219,36.1115030
-2.1175544,-0.2135283,9.8264299,29.5318418,36.1695770
-2.1044826,-0.1760063,9.8268098,29.6043632,36.2329000
-2.0911731,-0.1503667,9.8262246,29.6770674,36.2909880
-2.0780023,-0.1394618,9.8247526,29.7507841,36.3495950
-2.0653515,-0.1451988,9.8235513,29.8263812,36.4159450
-2.0535905,-0.1682499,9.8226546,29.9046041,36.4857680
-2.0429978,-0.2093953,9.8222667,29.9858507,36.5472250
-2.0338362,-0.2660732,9.8235882,30.0700919,36.6086660
-2.0263255,-0.3361038,9.8262776,30.1567842,36.6662800
-2.0206181,-0.4158972,9.8307022,30.2447657,36.7294370
-2.0167999,-0.5007111,9.8366214,30.3322087,36.7879070
-2.0148139,-0.5850080,9.8436266,30.4167509,36.8574980
-2.0144629,-0.6633049,9.8510355,30.4956983,36.9167620
-2.0153680,-0.7295897,9.8579685,30.5662602,36.9755670
-2.0169574,-0.7784151,9.8633544,30.6258711,37.0363620
-2.0184727,-0.8051146,9.8661387,30.6726123,37.0988480
-2.0190879,-0.8063236,9.8654048,30.7055927,37.1564830
-2.0179421,-0.7804439,9.8605102,30.7253713,37.2614740
-2.0142806,-0.7280792,9.8512826,30.7343696,37.3219480
-2.0074931,-0.6522754,9.8379932,30.7370012,37.3794820
-1.9971887,-0.5586806,9.8213430,30.7397139,37.4451420
-1.9832925,-0.4555119,9.8024400,30.7508951,37.5033380
-1.9661253,-0.3533635,9.7826792,30.7805366,37.5608130
-1.9463884,-0.2646722,9.7636305,30.8397371,37.6353640
-1.9251145,-0.2029700,9.7468025,30.9400202,37.6959790
-1.9035991,-0.1820495,9.7335410,31.0924994,37.7556530
-1.8832613,-0.2149509,9.7248882,31.3069888,37.8140270
-1.8654656,-0.3128778,9.7212524,31.5910501,37.8714270
-1.8513420,-0.4841759,9.7227148,31.9491388,37.9302820
-1.8415454,-0.7333275,9.7279533,32.3819040,38.0039210
-1.8360455,-1.0601041,9.7353054,32.8856658,38.0628410
-1.8339978,-1.4591662,9.7423987,33.4522707,38.1213040
-1.8335717,-1.9199233,9.7464690,34.0692717,38.1791800
-1.8320171,-2.4267813,9.7446187,34.7203524,38.2414180
-1.8259228,-2.9598693,9.7341437,35.3861041,38.3134830
-1.8112358,-3.4960095,9.7128138,36.0451102,38.3715340
-1.7835614,-4.0100224,9.6792201,36.6751299,38.4367530
-1.7386872,-4.4763386,9.6329173,37.2545200,38.4947220
-1.6724500,-4.8706306,9.5745094,37.7636839,38.5521230
-1.5824118,-5.1715294,9.5057375,38.1862682,38.6146330
-1.4670333,-5.3622308,9.4293573,38.5102867,38.7180650
-1.3274495,-5.4316863,9.3489294,38.7288927,38.7773730
-1.1664453,-5.3754765,9.2687868,38.8407470,38.8386790
-0.9891780,-5.1961314,9.1934610,38.8501151,38.8960910
-0.8030712,-4.9029273,9.1273309,38.7665219,38.9583250
-0.6174877,-4.5112693,9.0742286,38.6039941,39.0193850
-0.4431080,-4.0415922,9.0370217,38.3800190,39.0915610
-0.2914559,-3.5179258,9.0174891,38.1142769,39.1547560
-0.1741040,-2.9662152,9.0161346,37.8272176,39.2121350
-0.1017528,-2.4125189,9.0322099,37.5386986,39.2697970
-0.0833609,-1.8812524,9.0639273,37.2667495,39.3316600
-0.1251934,-1.3936740,9.1085604,37.0264618,39.4021390
-0.2300570,-0.9666500,9.1627741,36.8292209,39.4601620
-0.3968039,-0.6118371,9.2229678,36.6822482,39.5183820
-0.6200949,-0.3353403,9.2855582,36.5884673,39.5770410
-0.8904662,-0.1377399,9.3474177,36.5467819,39.6377180
-1.1948058,-0.0145938,9.4061494,36.5525800,39.7002210
-1.5170367,0.0427295,9.4602655,36.5984706,39.7696900
-1.8389464,0.0459699,9.5093401,36.6751933,39.8273280
-2.1415906,0.0087147,9.5538752,36.7725188,39.8920690
-2.4065974,-0.0547886,9.5950851,36.8801130,39.9500260
-2.6175056,-0.1307988,9.6346858,36.9883521,40.0105780
-2.7611822,-0.2070809,9.6745510,37.0889430,40.0732930
-2.8286769,-0.2735851,9.7164240,37.1753440,40.1751830
-2.8158837,-0.3228854,9.7617054,37.2430658,40.2368440
-2.7240264,-0.3503536,9.8111629,37.2896696,40.2988280
-2.5596208,-0.3539305,9.8647185,37.3145363,40.3568720
-2.3341155,-0.3338203,9.9214802,37.3186193,40.4173920
-2.0632746,-0.2922524,9.9796885,37.3041414,40.4887500
-1.7660029,-0.2328863,10.0364492,37.2741288,40.5519450
-1.4629791,-0.1600563,10.0895823,37.2320156,40.6110070
-1.1752193,-0.0777026,10.1357781,37.1812675,40.6692090
-0.9224486,0.0088622,10.1714388,37.1249855,40.7279140
-0.7217227,0.0971042,10.1947094,37.0657368,40.7863230
-0.5862363,0.1842769,10.2031294,37.0055049,40.8604010
-0.5243581,0.2685686,10.1957997,36.9456471,40.9210810
-0.5391370,0.3492550,10.1726557,36.8868837,40.9788330
-0.6281379,0.4266303,10.1347662,36.8294330,41.0372280
-0.7837279,0.5010204,10.0842191,36.7731864,41.0956650
-0.9937789,0.5734347,10.0239980,36.7178436,41.1545670
-1.2426635,0.6448655,9.9576458,36.6630181,41.2319160
-1.5124606,0.7162302,9.8890413,36.6083682,41.2895830
-1.7844405,0.7881782,9.8220745,36.5536325,41.3494560
-2.0404118,0.8610604,9.7603312,36.4986611,41.4078510
-2.2640922,0.9348531,9.7069365,36.4435246,41.4663410
-2.4421929,1.0092283,9.6642790,36.3884360,41.5293720
-2.5651997,1.0837166,9.6338550,36.3336783,41.6327450
-2.6278793,1.1577831,9.6162141,36.2795846,41.6916350
-2.6294527,1.2308396,9.6109444,36.2264886,41.7503260
-2.5733507,1.3023711,9.6168194,36.1747289,41.8091120
-2.4666607,1.3720105,9.6318365,36.1246613,41.8740820
-2.3193496,1.4395208,9.6534763,36.0766944,41.9446050
-2.1433028,1.5047530,9.6790589,36.0313933,42.0057820
-1.9512887,1.5675689,9.7057340,35.9895345,42.0677290
-1.7559688,1.6276805,9.7313935,35.9521881,42.1254580
-1.5689567,1.6845260,9.7537375,35.9208069,42.1859660
-1.4000409,1.7372501,9.7712643,35.8972180,42.2452990
-1.2566851,1.7845540,9.7830698,35.8836583,42.3162800
-1.1436529,1.8246304,9.7888766,35.8827911,42.3756320
-1.0629602,1.8551711,9.7889953,35.8976149,42.4342410
-1.0142579,1.8733565,9.7842738,35.9313184,42.4959760
-0.9950597,1.8759971,9.7759358,35.9871631,42.5548140
-1.0011217,1.8596912,9.7655469,36.0682866,42.6171610
-1.0272319,1.8210414,9.7548011,36.1775276,42.6870920
-1.0669150,1.7569390,9.7452731,36.3173515,42.7471070
-1.1143098,1.6647907,9.7383578,36.4896471,42.8092590
-1.1632607,1.5427833,9.7350030,36.6956002,42.8702920
-1.2092210,1.3900760,9.7356874,36.9356123,42.9277390
-1.2483774,1.2068979,9.7406180,37.2091828,42.9871380
-1.2781258,0.9946630,9.7496261,37.5149401,43.0926430
-1.2971471,0.7559688,9.7622084,37.8507161,43.1508460
-1.3052946,0.4945483,9.7776111,38.2136143,43.2101870
-1.3031876,0.2151596,9.7947844,38.6001315,43.2680210
-1.2920710,-0.0766324,9.8125637,39.0063191,43.3268810
-1.2735785,-0.3747262,9.8297629,39.4279310,43.3872050
-1.2494602,-0.6727881,9.8452431,39.8606193,43.4646800
-1.2214540,-0.9645311,9.8581236,40.3001718,43.5223300
-1.1910914,-1.2440294,9.8677571,40.7426540,43.5823570
-1.1595668,-1.5059748,9.8737467,41.1845623,43.6443860
-1.1277266,-1.7459059,9.8759753,41.6229463,43.7030340
-1.0961021,-1.9604340,9.8744788,42.0554401,43.7772000
-1.0649498,-2.1473268,9.8694704,42.4803243,43.8371720
-1.0344194,-2.3055545,9.8612994,42.8965247,43.8947500
-1.0046404,-2.4352486,9.8503850,43.3035873,43.9540470
-0.9755637,-2.5375873,9.8372788,43.7016538,44.0125230
-0.9471304,-2.6146434,9.8225802,44.0913607,44.0699530
-0.9192690,-2.6691470,9.8068806,44.4737162,44.1452340
-0.8918887,-2.7043225,9.7908005,44.8500179,44.2031030
-0.8650790,-2.7236649,9.7749499,45.2217503,44.2608480
-0.8389965,-2.7307183,9.7599587,45.5904737,44.3189220
-0.8137963,-2.7289264,9.7465371,45.9577521,44.3772450
-0.7896276,-2.7213977,9.7354526,46.3250262,44.4351320
-0.7666004,-2.7107585,9.7274967,46.6934713,44.5431950
-0.7447890,-2.6990645,9.7234958,47.0639283,44.6007000
-0.7242555,-2.6877350,9.7242843,47.4368228,44.6621700
-0.7050642,-2.6775534,9.7306584,47.8120709,44.7197800
-0.6872471,-2.6686459,9.7433581,48.1890205,44.7804810
-0.6708364,-2.6605237,9.7629871,48.5663811,44.8548730
-0.6558745,-2.6521312,9.7899241,48.9421627,44.9139420
-0.6424233,-2.6418569,9.8242592,49.3136534,44.9715600
-0.6306019,-2.6276273,9.8657232,49.6774366,45.0311240
-0.6205765,-2.6069302,9.9136256,50.0294158,45.0926640
-0.6125743,-2.5768322,9.9668176,50.3648750,45.1503380
-0.6068727,-2.5340899,10.0236737,50.6785981,45.2228630
-0.6037624,-2.4752206,10.0821031,50.9650288,45.2802160
-0.6035541,-2.3966106,10.1396010,51.2184567,45.3374430
-0.6065578,-2.2946474,10.1933250,51.4332373,45.3966220
-0.6130705,-2.1658623,10.2402305,51.6040544,45.4620380
-0.6233802,-2.0071247,10.2772311,51.7261730,45.5314850
-0.6377348,-1.8158311,10.3013644,51.7957124,45.5922710
-0.6563229,-1.5901305,10.3099893,51.8099244,45.6495310
-0.6792457,-1.3290961,10.3009584,51.7673687,45.7087710
-0.7064934,-1.0328522,10.2727337,51.6680524,45.7675160
-0.7379245,-0.7027202,10.2245569,51.5135315,45.8298190
-0.7732400,-0.3412993,10.1565756,51.3069163,45.9348560
-0.8119995,0.0475565,10.0698105,51.0528045,45.9953130
-0.8536167,0.4588280,9.9661881,50.7571429,46.0608970
-0.8973767,0.8865026,9.8483977,50.4269842,46.1191480
-0.9424722,1.3238324,9.7196374,50.0701846,46.1807030
-0.9880176,1.7636138,9.5835458,49.6950874,46.2387480
-1.0331011,2.1985103,9.4439303,49.3101505,46.3088480
-1.0768302,2.6214051,9.3045540,48.9236125,46.3701300
-1.1183823,3.0257364,9.1690084,48.5432005,46.4307340
-1.1570536,3.4057546,9.0404049,48.1758507,46.4913110
-1.1922835,3.7567285,8.9212481,47.8275333,46.5526410
-1.2236906,4.0750468,8.8133589,47.5031566,46.6101480
-1.2510929,4.3582078,8.7178105,47.2065526,46.6820830
-1.2744860,4.6047706,8.6350626,46.9405530,46.7438100
-1.2940302,4.8141684,8.5650856,46.7071339,46.8014960
-1.3099947,4.9864882,8.5075202,46.5076031,46.8598260
-1.3226743,5.1222276,8.4618980,46.3428056,46.9216730
-1.3323584,5.2219898,8.4277604,46.2133513,46.9797030
-1.3392696,5.2862526,8.4047910,46.1198254,47.0508390
-1.3435134,5.3151769,8.3929129,46.0629318,47.1127800
-1.3450630,5.3085078,8.3922923,46.0435663,47.1712140
-1.3437255,5.2655502,8.4033593,46.0628751,47.2338420
-1.3391590,5.1852033,8.4267448,46.1222469,47.2915740
-1.3309098,5.0661363,8.4631556,46.2232143,47.4004140
-1.3184659,4.9070215,8.5132313,46.3673187,47.4578390
-1.3013524,4.7067797,8.5773714,46.5559630,47.5157850
-1.2791996,4.4648764,8.6556172,46.7902375,47.5741580
-1.2518458,4.1815724,8.7475209,47.0707571,47.6360930
-1.2194432,3.8581226,8.8520573,47.3975253,47.6950550
-1.1824645,3.4969336,8.9676589,47.7698232,47.7725070
-1.1417377,3.1016478,9.0922356,48.1861194,47.8309740
-1.0984139,2.6771060,9.2233105,48.6440500,47.8920590
-1.0538590,2.2292262,9.3582243,49.1404576,47.9533950
-1.0096191,1.7648603,9.4942565,49.6713810,48.0116290
-0.9673059,1.2915534,9.6288135,50.2320820,48.0691350
-0.9284615,0.8173090,9.7595915,50.8171029,48.1458540
-0.8944615,0.3503285,9.8846914,51.4203130,48.2037450
-0.8663564,-0.1012433,10.0027095,52.0349737,48.2630470
-0.8447668,-0.5294529,10.1127215,52.6537644,48.3207750
-0.8298413,-0.9267273,10.2142215,53.2688320,48.3796770
-0.8212307,-1.2859759,10.3069819,53.8718436,48.4564170
-0.8181580,-1.6006612,10.3909052,54.4540515,48.5156060
-0.8195300,-1.8649092,10.4658498,55.0064162,48.5779700
-0.8240572,-2.0735225,10.5314538,55.5197564,48.6370100
-0.8304141,-2.2220422,10.5870202,55.9849604,48.6946510
-0.8373875,-2.3067753,10.6313725,56.3932134,48.7601670
-0.8440102,-2.3248361,10.6628416,56.7363037,48.8623580
-0.8496815,-2.2742795,10.6793135,57.0069474,48.9245090
-0.8542388,-2.1542166,10.6783283,57.1991114,48.9823710
-0.8579926,-1.9649447,10.6573140,57.3083648,49.0433610
-0.8616937,-1.7081201,10.6138174,57.3321709,49.1028750
-0.8664568,-1.3868205,10.5457709,57.2701160,49.1618360
-0.8736436,-1.0055751,10.4517677,57.1240651,49.2315010
-0.8847021,-0.5703937,10.3312622,56.8981988,49.2901850
-0.9010088,-0.0886471,10.1847501,56.5989406,49.3517230
-0.9237053,0.4310671,10.0138520,56.2347823,49.4092560
-0.9535612,0.9791251,9.8212984,55.8160121,49.4718550
-0.9908582,1.5451564,9.6108985,55.3543548,49.5298240
-1.0353123,2.1183435,9.3873816,54.8625379,49.6150750
-1.0860652,2.6877374,9.1561878,54.3538446,49.6738480
-1.1417135,3.2425715,8.9232332,53.8416458,49.7312990
-1.2003830,3.7725607,8.6946196,53.3389552,49.7905650
-1.2598629,4.2681160,8.4763464,52.8580725,49.8524700
-1.3177244,4.7205454,8.2740989,52.4102476,49.9253470
-1.3714578,5.1222166,8.0930501,52.0054263,49.9878300
-1.4186450,5.4666329,7.9376544,51.6520808,50.0452180
-1.4570658,5.7484569,7.8116294,51.3571320,50.1027220
-1.4848298,5.9635490,7.7178259,51.1259160,50.1664130
-1.5004824,6.1089860,7.6581716,50.9621913,50.2242560
-1.5030474,6.1830300,7.6337447,50.8682661,50.3335540
-1.4920829,6.1851451,7.6446489,50.8451044,50.3910280
-1.4676818,6.1159970,7.6901010,50.8924502,50.4484780
-1.4304487,5.9774364,7.7684675,51.0089517,50.5078200
-1.3814725,5.7725075,7.8772814,51.1923040,50.5694980
-1.3222706,5.5054535,8.0134333,51.4394027,50.6276330
-1.2547317,5.1816644,8.1731908,51.7464596,50.6990920
-1.1810466,4.8076144,8.3523051,52.1091265,50.7567390
-1.1036055,4.3907469,8.5461676,52.5225922,50.8178570
-1.0249138,3.9392824,8.7498915,52.9816605,50.8794790
-0.9474776,3.4620326,8.9585570,53.4808500,50.9384800
-0.8736952,2.9681443,9.1674394,54.0144960,50.9998350
-0.8057571,2.4668733,9.3721674,54.5767627,51.0698220
-0.7455103,1.9673853,9.5689525,55.1616447,51.1306670
-0.6943754,1.4785011,9.7546971,55.7629728,51.1952040
-0.6532661,1.0084844,9.9270666,56.3743946,51.2528860
-0.6225456,0.5649039,10.0845256,56.9893297,51.3133300
-0.6020385,0.1545416,10.2262369,57.6008847,51.3838260
-0.5910429,-0.2166355,10.3519614,58.2018000,51.4432980
-0.5883995,-0.5434529,10.4618846,58.7844155,51.5026220
-0.5925930,-0.8214898,10.5563918,59.3406577,51.5644160
-0.6018831,-1.0469797,10.6358552,59.8620626,51.6220700
-0.6144697,-1.2167463,10.7003912,60.3398828,51.6812790
-0.6286271,-1.3281679,10.7496855,60.7652712,51.7898140
-0.6428931,-1.3791206,10.7828806,61.1295227,51.8514270
-0.6562533,-1.3680151,10.7984882,61.4244008,51.9102480
-0.6682232,-1.2938625,10.7944858,61.6425172,51.9679130
-0.6789469,-1.1563482,10.7684786,61.7777141,52.0303260
-0.6891729,-0.9560174,10.7179068,61.8254938,52.0882990
-0.7001065,-0.6944792,10.6404193,61.7834538,52.1617890
-0.7133537,-0.3745534,10.5341681,61.6515814,52.2264720
-0.7307891,-0.0004184,10.3980949,61.4324674,52.2842580
-0.7543135,0.4223395,10.2322502,61.1314061,52.3419450
-0.7856993,0.8867396,10.0379959,60.7563203,52.4044240
-0.8263332,1.3845064,9.8180963,60.3175606,52.4622160
-0.8769680,1.9062862,9.5767051,59.8275512,52.5374800
-0.9376247,2.4418732,9.3192583,59.3003065,52.5995370
-1.0074330,2.9805766,9.0521714,58.7508412,52.6572050
-1.0846326,3.5115888,8.7825622,58.1945280,52.7149700
-1.1666726,4.0243549,8.5179220,57.6464294,52.7734690
-1.2502827,4.5090642,8.2656112,57.1206257,52.8473000
-1.3315815,4.9569129,8.0325530,56.6296724,52.9055890
-1.4063065,5.3604312,7.8248251,56.1840940,52.9641250
-1.4707532,5.7141097,7.6472781,55.7920014,53.0225640
-1.5205853,6.0137710,7.5034565,55.4589124,53.0802020
-1.5527686,6.2573034,7.3954465,55.1876674,53.1450610
-1.5650605,6.4442803,7.3238874,54.9785143,53.2475140
-1.5564210,6.5758139,7.2881112,54.8293295,53.3068330
-1.5271256,6.6544483,7.2862183,54.7359175,53.3672550
-1.4788518,6.6839894,7.3152915,54.6923946,53.4306030
