7.46751,-0.464475,-6.49307,-0.00307727,0.0445946,0.0335444,25.5287,-31.1607,-38.0174,2332513
7.54892,-0.521936,-6.65109,0.0187727,-0.0048342,0.0720482,26.9771,-30.4318,-36.9662,2394954
7.48667,-0.332794,-6.58166,0.0550115,0.0585839,0.0364755,26.9771,-30.4318,-36.9662,2456164
7.58483,-0.445321,-6.57208,0.00851384,0.0833648,-0.00455971,26.9771,-32.2541,-37.3166,2513641
7.95832,-0.23942,-6.36857,0.29576,0.140787,-0.0455949,26.9771,-32.2541,-37.3166,2572283
7.91762,-1.68791,-6.90487,1.14684,0.464672,0.501719,26.9771,-32.2541,-37.3166,2643795
8.01818,-0.878672,-5.25767,1.98646,1.44166,0.203148,30.0551,-32.0719,-34.3383,2702251
9.50977,-3.79481,-5.75566,2.75401,1.85228,-1.79492,36.0299,-38.0853,-24.0018,2764029
9.40921,-2.71981,-7.46033,4.48482,1.53665,-1.10865,36.0299,-38.0853,-24.0018,2822358
7.89368,-0.869095,0.229843,4.48482,2.22212,-1.71751,36.0299,-38.0853,-24.0018,2880113
11.1713,1.03669,-1.57778,2.97224,0.727804,-2.21766,30.0551,-41.1832,1.75195,2939273
10.3046,-4.01508,6.02381,2.25746,1.7794,-2.03247,30.0551,-41.1832,1.75195,3010236
9.13388,1.09176,2.57137,2.08879,-1.84809,-1.0772,9.41484,-42.2765,13.3148,3071228
10.9439,1.79805,1.32399,1.57904,-1.01446,-0.891346,-0.724219,-43.3699,3.15351,3129659
10.5584,-0.047884,-1.79326,1.8964,-0.863243,-0.619555,-0.724219,-43.3699,3.15351,3188403
9.25119,2.3535,-3.28963,0.887174,-0.258107,-0.536152,-0.724219,-43.3699,3.15351,3246227
8.17141,1.37427,-2.95684,-0.209452,-0.456621,0.303071,-5.25058,-42.8232,-6.48223,3308674
8.5066,0.584185,-1.92733,-0.107664,-0.0975631,1.34814,0.543164,-42.4588,-7.18301,3381841
9.76834,3.11725,-3.38301,-0.184005,-0.763319,0.459351,0.543164,-42.4588,-7.18301,3439841
11.3509,0.88346,-2.41575,-0.443007,-0.704964,0.16944,0.543164,-42.4588,-7.18301,3498799
9.46188,0.706289,-2.10211,-0.438077,-0.532563,-0.01282,0.543164,-42.4588,-7.18301,3557510
9.20091,1.19949,-3.51229,-0.897058,-0.947311,-0.14392,0.543164,-42.4588,-7.18301,3614999
9.61272,0.28491,-2.59053,-0.164953,-0.525102,-0.048526,3.07793,-42.4588,-13.8404,3673319
9.02853,0.622492,-3.64397,0.0157084,-0.222134,-0.162172,1.81055,-40.4543,-17.5195,3785420
8.9184,1.2402,-4.97994,-0.0691599,-0.492727,0.10056,1.81055,-40.4543,-17.5195,3846620
8.8346,1.4868,-3.45962,-0.0569027,-0.273561,0.0315459,1.26738,-41.3654,-22.2498,3905266
8.78672,1.36709,-3.86424,-0.0366515,0.103483,0.115082,1.26738,-41.3654,-22.2498,3965964
8.59997,1.72382,-4.13957,-0.0142687,-0.016825,0.0400727,1.62949,-39.9076,-20.8482,4026164
8.75559,1.53708,-3.97677,0.250062,0.617622,-0.0810344,1.62949,-39.9076,-20.8482,4083801
8.99262,2.00634,-4.68066,0.241802,0.648665,0.0203545,1.08633,-40.4543,-19.9723,4156760
9.62708,1.49159,-3.78044,0.713307,0.648265,0.0671186,1.08633,-40.4543,-19.9723,4215812
8.87291,0.73502,-4.31914,0.236872,0.602433,0.0619226,1.26738,-42.0943,-16.2932,4278296
9.6175,1.41497,-3.49553,-0.0470435,0.225123,-0.00789049,1.26738,-42.0943,-16.2932,4337003
9.34457,1.46525,-3.25611,-0.0902105,0.10335,0.0797756,3.9832,-42.2765,-13.3148,4394527
9.46428,1.4868,-3.26808,-0.226106,0.0830984,0.0880359,3.9832,-42.2765,-13.3148,4457194
8.14746,-1.16119,-7.46272,0.0275659,-0.460618,0.022353,3.80215,-42.4588,-13.49,4528903
9.09796,0.579397,-5.36301,-0.585431,-1.26667,0.144926,3.80215,-42.4588,-13.49,4592782
9.87847,2.17872,-3.23217,0.371702,-0.137666,-0.101685,1.44844,-41.1832,-17.8699,4655004
8.80827,1.20907,-4.53462,0.0239687,-0.0669199,-0.0513238,1.44844,-41.1832,-17.8699,4713995
8.95671,1.19949,-4.30238,-0.0453115,0.0636466,-0.00922281,2.35371,-41.3654,-18.3955,4774116
8.91122,0.849941,-4.40772,-0.180541,0.0997523,0.0664525,2.35371,-41.3654,-18.3955,4858922
9.07402,1.74537,-3.76847,-1.1502,0.642669,0.386207,1.44844,-41.1832,-18.2203,4917462
9.14106,2.81797,-4.54898,1.35468,0.409781,0.609636,1.44844,-41.1832,-18.2203,4978564
9.4547,1.57299,-3.56736,0.325071,0.412179,-0.117407,1.44844,-41.1832,-18.2203,5037512
9.80665,1.26893,-3.64158,0.314812,0.201408,0.00210185,1.44844,-41.1832,-18.2203,5095036
9.63905,1.30245,-3.70383,-0.0659624,-0.245583,0.0222198,2.53477,-42.2765,-13.6652,5158287
8.77953,0.964863,-3.58891,-0.00947234,-0.134468,0.0811079,3.62109,-42.641,-15.0668,5263586
9.3709,1.34075,-3.66792,0.0035843,-0.0991619,0.0031677,3.62109,-42.641,-15.0668,5325493
8.9998,1.04627,-3.58173,-0.10007,0.00529137,0.0529962,3.07793,-41.001,-17.3443,5383435
9.27753,0.952892,-3.87621,0.0538125,0.0775027,0.093232,3.07793,-41.001,-17.3443,5441308
9.37809,1.51074,-3.84269,-0.025993,-0.166044,0.100826,4.34531,-42.2765,-16.4684,5503914
8.99501,1.16598,-3.88339,-0.0306561,-0.168975,0.132802,4.34531,-42.2765,-16.4684,5562842
9.26795,1.1971,-4.15873,0.101776,0.0015609,0.138664,3.80215,-41.3654,-16.6435,5632420
9.09557,1.64003,-4.02226,0.0388906,0.388731,0.159581,3.80215,-41.3654,-16.6435,5691608
8.84896,0.440533,-3.21302,0.284436,0.524493,0.100693,4.16426,-43.1877,-16.2932,5750357
9.87129,1.13246,-3.02388,0.127889,0.742992,0.193422,4.16426,-43.1877,-16.2932,5812262
9.79707,1.21147,-2.69826,0.248197,0.541414,-0.144452,5.61269,-43.9166,-11.0373,5875536
10.0892,0.957681,-3.07415,0.33493,0.309058,-0.0284081,5.61269,-43.9166,-11.0373,5933627
9.69651,0.955286,-2.67911,0.395284,-0.00709913,-0.105682,6.15586,-42.2765,-9.11015,6005570
9.58159,0.667982,-2.76051,0.350252,-0.14979,-0.15218,6.15586,-42.2765,-9.11015,6066841
9.58878,1.03429,-2.91374,0.324005,-0.156052,-0.147384,5.06953,-43.3699,-9.46054,6127781
9.31583,0.426168,-3.06458,0.364108,-0.370687,-0.125134,5.06953,-43.3699,-9.46054,6185368
9.72524,0.888249,-2.81079,0.220485,0.0537875,-0.159108,2.71582,-42.4588,-12.4389,6244361
9.43315,0.924162,-3.04064,0.178783,0.044861,-0.0923591,2.71582,-42.4588,-12.4389,6303042
9.59596,0.991199,-3.03585,0.203298,0.150647,0.0127603,0.724219,-43.3699,-12.6141,6372567
9.61511,0.905008,-3.05739,0.134417,0.0515226,-0.0224127,0.724219,-43.3699,-12.6141,6431913
9.49061,1.07739,-2.80122,0.0343607,0.129862,-0.0170834,0.724219,-41.5476,-12.6141,6493389
9.10275,0.969651,-3.03345,0.0763285,0.106014,0.00583233,0.724219,-41.5476,-12.6141,6550745
9.71327,1.1133,-2.92332,0.112967,0.0752378,0.00250155,1.62949,-44.281,-11.7381,6611161
9.85453,1.00078,-2.95444,0.315212,-0.0218878,-0.219595,1.62949,-44.281,-11.7381,6713672
9.31583,1.66397,-3.07894,-0.0675612,-0.112085,-0.057186,0.362109,-42.2765,-12.2637,6776860
9.23204,1.04148,-3.29442,-0.0270589,0.0868289,0.0107619,1.26738,-41.001,-13.8404,6835929
9.54329,1.47243,-3.38301,-0.0501079,0.148781,0.122943,1.26738,-41.001,-13.8404,6898101
9.67257,0.481234,-3.74214,-0.00680771,-0.066387,0.13933,2.35371,-41.3654,-13.8404,6956865
9.38766,1.06063,-2.93529,-0.24689,-0.669924,0.0796424,2.35371,-41.3654,-13.8404,7014209
9.25359,1.01514,-2.12126,-0.14257,-0.182032,0.0883024,2.53477,-41.9121,-15.7676,7090965
9.42118,1.22823,-3.77565,-0.225973,-0.122877,0.157449,2.53477,-41.9121,-15.7676,7148349
9.64145,1.69749,-3.36385,-0.38585,0.0603158,0.0644541,1.9916,-42.0943,-15.242,7206115
9.00459,1.1564,-2.91614,0.166126,-0.0193564,-0.0762381,1.9916,-42.0943,-15.242,7264425
9.42358,1.12049,-4.2521,0.224082,-0.10609,0.039673,2.35371,-40.2721,-16.2932,7326207
9.4116,1.1133,-3.69665,0.115365,0.177559,0.0556608,2.35371,-40.2721,-16.2932,7384152
9.57441,1.67115,-2.43969,-1.18617,1.06688,0.746731,3.80215,-40.6365,-13.8404,7461218
8.93276,-0.957681,-2.45406,0.018373,-0.405727,-0.0609165,3.80215,-40.6365,-13.8404,7518920
9.36132,1.37667,-2.78924,0.614583,-0.0971634,0.132535,3.80215,-41.7299,-13.49,7578918
9.45949,1.01275,-3.81875,0.39555,0.240444,0.0787098,3.80215,-41.7299,-13.49,7640411
9.73003,0.90022,-3.38301,0.185978,0.0924246,0.0252841,3.25898,-43.7344,-12.9645,7698716
9.46188,1.00078,-3.22738,0.131619,-0.000437565,-0.0144188,3.25898,-43.7344,-12.9645,7756121
9.55526,1.00317,-2.93769,0.36131,0.112276,0.00410032,4.70742,-44.0988,-12.9645,7833773
9.52652,0.905008,-3.36385,0.411139,-0.0284161,-0.0559869,4.70742,-44.0988,-12.9645,7891357
9.46428,0.878672,-3.18429,0.205962,0.0176819,-0.0137527,4.52637,-41.3654,-13.8404,7951570
9.43076,0.830788,-3.27048,0.130287,0.0347355,-0.00948925,4.52637,-41.3654,-13.8404,8010290
9.30147,0.864306,-3.12922,0.110169,0.0877615,0.029281,3.44004,-42.4588,-13.8404,8067677
9.53371,0.885855,-3.23457,0.200633,0.0818993,0.0190222,3.44004,-42.4588,-13.8404,8129294
9.31105,0.52433,-4.44124,-0.235299,0.161705,-0.260363,3.07793,-42.4588,-14.1908,8232058
9.21528,0.641646,-2.49955,-0.567311,1.07314,-0.0890283,3.07793,-42.4588,-14.1908,8292113
9.16021,0.895431,-2.08295,-0.657909,1.21503,-0.127532,1.44844,-41.5476,-10.1613,8353387
10.1323,0.723049,-2.46603,-0.0209302,0.857838,0.0243515,1.44844,-41.5476,-10.1613,8411306
10.1754,0.92895,-1.46286,-0.946088,0.618954,-0.118606,0.724219,-43.7344,-1.75195,8470508
9.95509,0.842759,-0.071826,-0.511088,0.645734,0.0191554,0.724219,-43.7344,-1.75195,8543603
9.81383,0.979228,0.131681,-0.91238,0.413112,-0.00695787,1.26738,-40.6365,1.92715,8602534
10.07,1.16119,-0.23942,-0.799933,0.182222,0.118546,1.26738,-40.6365,1.92715,8665721
10.9822,1.23062,0.459687,-0.548792,0.131595,0.184495,3.62109,-42.641,5.95664,8726732
11.1642,2.16196,0.509965,-0.759031,-0.401996,-0.0426638,3.62109,-42.641,5.95664,8784173
10.3214,0.447716,0.325611,-0.569443,-0.638082,0.0270161,3.25898,-43.0055,5.60625,8847032
9.76355,1.80283,0.612916,-0.252886,-0.730278,-0.00296094,3.25898,-43.0055,5.60625,8916703
9.63427,1.64003,-0.948104,-0.0819501,-1.03031,-0.011621,3.9832,-43.0055,1.05117,8976979
9.52174,2.48518,-1.94649,-0.521613,-1.03591,-0.0579854,3.9832,-43.0055,1.05117,9041149
9.94791,2.28167,-3.00712,0.319609,-0.735474,0.108021,3.62109,-44.4633,-5.95664,9098612
10.659,-1.04627,-0.0742202,0.182514,-0.066387,0.224864,3.62109,-44.4633,-5.95664,9158602
8.60236,2.88022,-4.77164,-0.25182,-1.54632,-0.254768,6.69902,-42.0943,-9.98613,9216356
8.70292,1.93212,-3.89058,0.0676685,-1.15862,0.0174234,6.69902,-42.0943,-9.98613,9287527
6.94079,2.5618,-2.46124,0.699584,0.57672,0.453756,5.25058,-41.3654,-16.2932,9348028
9.21528,1.28569,-5.45399,-0.585963,-0.173771,0.159581,5.25058,-41.3654,-16.2932,9405702
8.55927,2.50912,-3.73735,0.342924,0.395792,0.32119,6.69902,-41.3654,-18.3955,9463243
8.23605,1.49398,-2.7677,0.242868,0.948701,0.313197,6.69902,-41.3654,-18.3955,9521755
10.1538,2.26491,-4.11324,0.425128,0.710751,0.172904,8.69062,-43.3699,-14.0156,9580150
9.45709,1.44849,-3.31357,0.938334,0.833057,0.33478,10.8633,-44.0988,-8.05898,9688957
8.32943,-1.35512,0.232238,0.583939,1.75488,0.311998,10.8633,-44.0988,-8.05898,9746668
8.81545,-0.167594,-0.713472,1.37813,1.6463,0.120544,13.0359,-43.0055,-0.700781,9808825
13.884,-1.43652,-3.05739,1.19361,-0.0601251,0.188359,13.0359,-43.0055,-0.700781,9866567
12.0764,-2.38941,-0.715866,0.0291647,0.252435,-0.124201,10.5012,-43.7344,3.50391,9924192
12.6653,-1.17795,-4.07254,-0.294454,-0.268632,-0.0803683,10.5012,-43.7344,3.50391,9989657
6.64151,-0.79248,0.687136,-1.12315,0.326645,0.110419,11.9496,-43.0055,5.60625,10060065
9.52174,0.730231,1.11091,2.09451,-0.0493334,-0.0229456,11.9496,-43.0055,5.60625,10120630
8.93995,-1.76931,-1.04148,0.248463,0.251769,-0.314322,9.77695,-41.5476,5.60625,10181785
15.8544,-2.45884,-0.342371,3.05924,-0.851918,0.228062,9.77695,-41.5476,5.60625,10239420
12.4475,2.99515,-0.100556,-0.793405,0.635874,-1.10612,4.88848,-41.7299,2.62793,10299915
8.86333,-2.0231,0.366313,0.819359,0.0268748,-1.00486,4.88848,-41.7299,2.62793,10361828
8.90403,0.636858,-0.90022,0.46976,-0.790898,-0.565196,2.17266,-41.1832,2.80312,10431087
9.67736,2.25055,1.87705,-0.327229,-0.30154,-0.522962,2.17266,-41.1832,2.80312,10490289
10.2424,1.96803,-0.471658,-0.360004,-0.500987,-0.0310727,-0.362109,-40.8187,-0.700781,10548928
12.1769,1.93691,-0.715866,0.092716,0.1673,0.0777771,-0.362109,-40.8187,-0.700781,10606287
10.24,2.84431,-2.21942,-0.912514,-0.530964,0.00916311,-1.9916,-40.6365,-1.22637,10672293
6.99346,2.74615,-0.869095,-1.57734,-1.12438,-0.342167,-1.9916,-40.6365,-1.22637,10742968
8.11634,1.13725,-0.095768,-0.427951,-0.324989,0.111351,-3.44004,-40.2721,-5.43105,10803706
10.7547,2.81079,-3.46441,0.792313,-0.220802,0.386074,-3.44004,-40.2721,-5.43105,10865046
10.0102,2.2697,0.756567,-0.996849,-0.269298,0.49186,-0.905273,-41.7299,-9.28535,10922524
10.5991,2.6001,-1.82438,-0.554121,-0.538558,0.51291,-0.905273,-41.7299,-9.28535,10985574
9.19613,0.893037,-1.98,-0.472717,0.203673,0.663728,1.44844,-41.9121,-8.40937,11046290
7.55849,1.84593,-2.47082,-0.931565,-0.0481343,0.629487,5.79375,-41.9121,-6.30703,11151080
8.52814,0.378284,-1.69988,-0.785144,0.992534,0.83866,5.79375,-41.9121,-6.30703,11212436
8.49463,-0.857124,-1.27132,-0.499497,0.848112,1.25741,11.5875,-41.5476,-1.05117,11274232
12.1147,0.960075,-0.979228,0.0612734,0.914994,0.139463,11.5875,-41.5476,-1.05117,11336498
13.8145,-0.988805,-3.40216,0.282037,0.170764,0.0571263,13.398,-41.9121,4.20469,11394499
10.3884,-1.31681,-1.71185,-0.143636,-0.492327,-0.307927,13.398,-41.9121,4.20469,11452091
8.339,-0.538695,-0.325611,-0.0614325,0.0215456,-0.60863,11.7686,-43.5521,2.27754,11527223
7.80988,-1.04148,-0.567425,0.671339,-0.688577,-0.123535,11.7686,-43.5521,2.27754,11584850
13.4937,1.20428,-3.39498,2.25772,-0.830201,0.406858,10.3201,-43.1877,-1.92715,11647955
7.92241,1.12767,-1.01754,-0.451667,0.123467,-0.44782,10.3201,-43.1877,-1.92715,11707785
7.11557,0.960075,-1.25696,-0.675495,-0.0762461,0.137331,9.23379,-42.4588,-0.875976,11765545
10.3836,2.68151,-2.41096,0.73036,-0.248914,0.0942978,9.23379,-42.4588,-0.875976,11824902
10.9583,2.20506,-2.60728,1.17748,0.18915,-0.227189,7.06113,-43.1877,-2.27754,11895563
8.72447,0.634463,-1.80044,0.128289,0.285343,-0.136459,7.06113,-43.1877,-2.27754,11962631
10.7212,1.69988,-2.05901,-0.0445122,-0.296344,-0.45155,4.88848,-44.281,-0.525586,12021610
10.7643,0.97444,-2.37505,0.710109,0.196611,-0.0158844,4.88848,-44.281,-0.525586,12082441
9.44273,2.25773,-0.292093,-0.0144019,-0.00683266,-0.280215,4.88848,-42.8232,0.175195,12144491
9.18655,1.32878,-1.50116,0.328135,-0.0213549,-0.259964,4.88848,-42.8232,0.175195,12215313
10.7978,1.403,-0.806846,0.452041,0.246307,0.070183,1.9916,-42.8232,-0.875976,12281077
9.68933,1.68073,-0.902614,0.311748,-0.0598587,-0.175362,1.9916,-42.8232,-0.875976,12338745
9.01177,1.37667,-1.37188,-0.0652962,-0.0369429,-0.211201,0.362109,-41.5476,-2.45273,12396409
10.7141,1.21625,-1.30005,0.910356,0.415777,0.137331,0.362109,-41.5476,-2.45273,12454879
9.32063,2.08295,-1.30963,0.17865,-0.0951649,-0.303664,0.905273,-43.5521,-1.22637,12513467
9.4978,1.00078,-1.10851,-0.0619654,0.353424,-0.188952,0.543164,-42.4588,0.525586,12618883
9.742,2.08056,-0.203507,-0.269273,0.757248,-0.0786363,0.543164,-42.4588,0.525586,12677677
10.2089,1.95846,-0.866701,-0.0804845,0.491718,0.00330094,0.543164,-42.4588,0.525586,12735318
9.50019,2.07817,-0.138864,-0.0659624,0.406184,0.0825735,-0.543164,-41.001,2.62793,12797275
9.71088,1.7358,-0.306458,0.230211,0.329842,0.231659,-0.543164,-41.001,2.62793,12854939
10.0125,1.86987,0.107739,0.0459518,0.288408,0.123475,-0.362109,-41.9121,4.20469,12912779
10.0006,1.65918,0.0454898,-0.0514402,-0.0241527,0.107488,0.543164,-41.3654,6.83261,12990534
9.95269,1.7741,-0.272939,-0.019065,-0.333915,0.0825735,0.543164,-41.3654,6.83261,13047843
9.81862,1.59693,0.251391,-0.118589,-0.274894,0.0599242,0.543164,-41.3654,6.83261,13107622
9.79467,1.31681,-0.368707,0.0482168,-0.127807,0.232325,1.62949,-39.9076,4.02949,13165897
10.6781,1.77171,0.976834,-0.118322,0.49465,0.123209,1.62949,-39.9076,4.02949,13223342
9.7827,1.43652,0.572214,-0.122452,0.351692,-0.00908956,2.71582,-40.6365,6.48223,13299578
10.3477,1.52989,-0.366313,-0.105532,-0.432506,-0.0795689,2.53477,-41.1832,8.05898,13358593
9.55047,1.00317,1.13485,-0.11699,-0.304338,0.0495321,2.53477,-41.1832,8.05898,13416022
10.2592,1.97522,-0.799663,-0.345881,-0.834864,-0.218396,2.53477,-41.1832,8.05898,13479462
9.64384,1.23062,-0.00957681,-0.0618322,-0.321125,-0.0497251,0.0,-43.0055,2.80312,13537641
9.7827,1.94888,-0.852335,-0.204523,-0.2673,0.0484663,0.0,-43.0055,2.80312,13598107
9.95748,2.39181,-2.38941,0.111368,-0.745066,-0.227189,-0.181055,-44.281,-1.22637,13672699
8.81545,1.75974,-2.20506,-0.322432,0.138523,0.0270161,-0.181055,-42.4588,-2.27754,13731360
9.80665,2.32477,-4.0462,0.281904,0.386199,0.248313,-0.181055,-42.4588,-2.27754,13791573
10.1849,1.90818,-0.720654,0.460701,0.10335,0.101359,1.9916,-44.281,-2.27754,13852629
9.60793,1.075,0.186748,-0.105532,0.379937,0.100826,1.9916,-44.281,-2.27754,13910300
9.91199,1.59933,-0.220267,0.0643377,0.714215,0.236056,1.9916,-44.281,-2.27754,13970953
9.72285,1.21147,-1.54426,0.173054,0.235382,0.082307,1.9916,-44.281,-2.27754,14077334
10.2424,1.60411,-1.20907,-0.16855,-0.184297,0.0954969,1.81055,-42.641,4.20469,14135019
9.94791,1.7358,-1.65918,-0.535736,-0.675387,-0.0924923,1.81055,-42.641,4.20469,14197592
9.76834,1.5706,-0.471658,-0.218379,-0.249713,0.0552611,2.71582,-42.8232,1.57676,14255625
9.37809,2.00634,-0.746991,-0.185204,-0.0129613,0.0455352,2.71582,-42.8232,1.57676,14314574
9.78031,1.86748,-1.37667,0.0819243,0.0389989,0.0851049,2.71582,-43.9166,0.525586,14373608
9.7851,1.61609,-1.40061,0.26938,0.0637799,0.116414,2.71582,-43.9166,0.525586,14443999
9.99579,1.67833,-0.857124,-0.104333,0.108146,0.190624,4.16426,-42.8232,2.97832,14504295
10.0556,1.66876,-1.69031,-0.135509,-0.0288158,0.213673,4.16426,-42.8232,2.97832,14564948
9.75876,1.88902,-1.60172,-0.187602,-0.153787,0.129338,5.61269,-42.8232,2.62793,14626672
9.61511,1.89381,-1.48201,-0.163488,-0.335514,0.0748461,5.61269,-42.8232,2.62793,14686013
10.9607,1.21386,-1.05584,-0.193598,-0.0120287,0.281621,6.33691,-45.01,0.175195,14744101
10.2903,1.00556,-1.45807,0.0250345,-0.36296,0.241385,6.33691,-45.01,0.175195,14818025
8.86812,0.749385,-1.03429,-0.0307893,-0.2669,0.332515,6.33691,-42.8232,-2.62793,14879577
10.0892,0.246603,-1.16837,-0.38212,0.128264,0.381145,6.33691,-42.8232,-2.62793,14939492
10.2208,0.395043,-1.53947,-0.275535,0.0689759,0.323589,10.1391,-44.8277,-1.75195,14998652
9.40203,0.083797,-0.955286,-0.024261,0.1673,0.366622,10.1391,-44.8277,-1.75195,15056713
9.25359,-0.0502782,-0.976834,-0.288458,0.13759,0.199284,11.9496,-45.1922,-2.45273,15118924
9.86411,-0.21069,-0.933739,-0.195063,0.227388,0.209809,11.9496,-45.1922,-2.45273,15188715
11.1067,-0.292093,-1.55144,-0.0974049,0.310524,0.210875,13.5791,-44.6455,-1.92715,15253207
10.228,-0.385466,-1.02472,-0.0459777,0.174761,0.110019,13.5791,-44.6455,-1.92715,15315204
9.75397,-0.512359,-0.873883,-0.0670282,0.226189,0.0772442,15.0275,-43.1877,-0.175195,15373230
9.94791,-0.694318,-0.852335,0.0555445,0.286276,0.109486,15.0275,-43.1877,-0.175195,15433239
10.1083,-0.794875,-0.964863,0.0458186,0.197944,0.0933652,15.0275,-43.5521,1.22637,15542264
10.1394,-0.972046,-0.830788,-0.18214,0.0322041,0.0573928,14.4844,-44.0988,2.45273,15600011
10.173,-0.737414,-0.761356,-0.280731,0.0331367,0.016624,14.4844,-44.0988,2.45273,15658190
10.3094,-0.656011,-0.505176,-0.22131,-0.0538633,-0.0493254,15.2086,-42.641,2.10234,15716736
10.4196,-0.533907,-0.64404,-0.135376,-0.0426719,-0.101286,15.2086,-42.641,2.10234,15774220
10.2065,-0.457292,-0.691924,-0.0241278,-0.124742,-0.134194,14.1223,-44.0988,1.75195,15835529
10.3525,-0.61531,-1.04627,0.00251848,-0.108355,-0.155644,14.1223,-44.0988,1.75195,15905890
10.7452,-0.785298,-0.912191,0.0781938,-0.080776,-0.0852978,13.7602,-44.0988,1.05117,15963376
10.2304,-0.263362,-1.10851,-0.100869,-0.437969,-0.193482,13.7602,-44.0988,1.05117,16021381
9.97903,0.423774,-0.335188,-0.366932,-0.226531,-0.198678,13.9412,-43.9166,-1.92715,16082772
8.9998,0.52433,-0.907402,-0.0470435,-0.0987622,-0.181491,13.9412,-43.9166,-1.92715,16140775
8.77714,0.924162,-0.684741,0.0403561,0.17183,-0.265426,10.8633,-44.4633,-2.10234,16218384
9.4978,1.25696,-0.758962,0.391554,0.438293,-0.155644,10.8633,-44.4633,-2.10234,16277017
10.0125,1.09176,-1.33357,0.25206,0.488521,-0.122736,9.05273,-43.3699,1.40156,16336822
10.58,1.39342,-0.519542,0.351318,0.468003,-0.0292075,9.05273,-43.3699,1.40156,16398729
10.4579,0.852335,-2.01352,0.404877,0.167833,0.0168905,10.3201,-44.6455,2.97832,16456568
10.228,0.739808,-1.08218,0.237805,-0.14113,-0.137258,10.3201,-44.6455,2.97832,16517147
9.70848,0.713472,-1.17076,-0.237298,-0.121678,-0.173097,8.14746,-43.9166,2.97832,16591561
10.1227,1.25696,-0.323217,-0.571042,0.0976206,-0.192682,8.14746,-43.9166,2.97832,16648968
9.66539,1.18274,-1.2785,-0.488838,0.052322,-0.14725,6.51797,-43.3699,3.50391,16709219
10.2352,1.21865,-0.732625,-0.6258,0.0495241,-0.0575857,6.51797,-43.3699,3.50391,16768797
10.0245,1.48919,-0.296881,-0.549192,0.0220785,0.133601,6.15586,-43.7344,5.25586,16829562
9.9072,1.58496,-0.866701,-0.462858,-0.409324,0.298141,6.15586,-43.7344,5.25586,16888562
9.99339,2.15718,-0.562637,-0.383585,-0.271297,0.372351,9.958,-43.5521,1.92715,16992179
9.64145,1.4461,-1.35751,0.0476839,-0.250512,0.316661,9.958,-43.5521,1.92715,17053990
9.48582,1.03429,-1.60172,-0.10873,-0.254643,0.048866,9.958,-43.5521,1.92715,17114734
10.5489,0.739808,-1.23301,-0.29552,0.0278074,0.094431,9.958,-43.5521,1.92715,17173134
10.1849,0.790086,-1.57299,-0.335222,-0.228529,0.0920329,13.217,-45.01,-1.57676,17232537
8.88488,0.663194,-1.22583,-0.240628,-0.138199,0.0234188,13.217,-45.01,-1.57676,17291193
9.18415,0.462081,-1.02232,-0.0843482,0.204206,0.125874,12.8549,-43.9166,-2.97832,17360886
9.414,-0.150835,-1.06302,-0.199726,0.292271,0.148123,12.8549,-43.9166,-2.97832,17419642
10.3334,-0.0790086,-1.075,-0.233301,0.362218,0.238987,13.398,-45.1922,-2.80312,17481495
10.6566,-0.146046,-1.47243,-0.183073,0.271354,0.205812,13.398,-45.1922,-2.80312,17539561
10.3741,-0.373495,-0.938527,-0.0659624,0.311989,0.127206,15.2086,-44.4633,-0.700781,17601209
10.3094,-0.52433,-1.08936,-0.0427801,0.514901,0.0747128,15.2086,-44.4633,-0.700781,17659225
9.94072,-0.677559,-1.36469,-0.0514402,0.436294,0.129737,16.2949,-44.8277,3.15351,17731959
10.1586,0.47884,0.0526724,-0.150697,0.208869,-0.0328047,16.657,-44.4633,3.50391,17797075
9.52413,-0.830788,-0.378284,-0.208786,0.280147,-0.332575,16.657,-44.4633,3.50391,17854777
10.2472,-0.543483,-1.05345,-0.0553039,-0.398666,-0.367082,16.657,-44.4633,3.50391,17912782
10.319,-0.538695,-0.0861912,0.310682,-0.0460026,-0.407051,16.657,-44.4633,3.50391,17971960
10.4531,-0.632069,-0.665588,0.420731,0.156642,-0.398391,16.657,-44.4633,3.50391,18042668
11.5257,0.205901,0.766144,0.38769,0.280014,-0.351094,11.5875,-41.5476,5.25586,18103744
10.3262,2.0231,-0.351948,0.231676,0.321582,-0.703624,7.06113,-42.4588,7.5334,18162383
8.61912,1.84593,1.79565,0.645359,0.512236,-0.480728,7.06113,-42.4588,7.5334,18220850
9.61032,3.2202,0.363919,0.253792,0.512902,-0.437028,7.06113,-42.4588,7.5334,18279106
10.1538,4.05578,0.363919,0.0893852,0.251902,-0.535086,1.62949,-42.4588,11.3877,18342023
8.54251,2.99515,1.24259,0.182514,0.148915,-0.36948,-0.724219,-41.1832,12.2637,18445460
9.30865,4.24971,1.28329,-0.0251936,0.192081,0.0358093,-0.724219,-41.1832,12.2637,18504776
9.28471,4.47237,1.45089,0.0956471,0.0487247,0.139463,-1.08633,-40.0898,14.0156,18564153
9.59356,3.74692,1.13964,0.302289,-0.161647,0.161713,-1.08633,-40.0898,14.0156,18621417
9.15542,3.73256,1.19949,0.418067,-0.246915,0.388472,-1.62949,-41.001,12.7893,18680745
9.51455,3.24175,1.05824,0.282437,-0.0975631,0.389272,-1.62949,-41.001,12.7893,18739358
9.55765,3.1795,0.572214,0.146275,-0.360295,0.329584,-1.08633,-41.5476,10.1613,18812691
9.84974,2.44448,0.112527,0.396083,-0.470744,0.422979,-1.08633,-41.5476,10.1613,18878058
9.62229,2.1476,-0.0861912,0.575546,-0.204148,0.396333,2.89687,-44.8277,5.25586,18936068
8.97346,1.80523,-0.059855,0.288832,-0.265434,0.254042,2.89687,-44.8277,5.25586,18993590
8.81545,0.940921,-0.153229,0.343324,-0.199219,0.294811,3.25898,-43.7344,3.50391,19055723
10.7883,0.88346,-0.919373,0.616981,0.0928243,0.255774,3.25898,-43.7344,3.50391,19116661
10.5536,0.940921,-0.773327,0.510529,-0.0213549,0.037941,5.25058,-44.6455,3.32871,19189267
10.3142,0.438139,-1.35991,0.16626,-0.0954314,-0.0742396,5.25058,-44.6455,3.32871,19251306
9.8665,0.773327,-1.58257,0.709576,0.194213,-0.0262764,3.25898,-43.3699,1.40156,19308702
8.70531,0.80924,-0.459687,0.413004,0.147582,-0.205606,3.25898,-43.3699,1.40156,19368857
9.37329,0.177171,-1.10133,0.625907,-0.0257515,-0.0959563,2.35371,-44.6455,2.62793,19431396
11.7388,0.723049,-0.746991,0.399414,0.36768,-0.168701,2.35371,-44.6455,2.62793,19489282
9.19852,1.49398,-0.383072,0.663212,0.418708,-0.080768,1.62949,-45.3744,4.37988,19559841
10.2903,1.89142,-0.577003,0.581275,0.266558,-0.0413315,1.62949,-45.3744,4.37988,19617717
9.17218,3.0981,1.28329,-0.000812292,0.253901,-0.234916,0.181055,-43.9166,5.43105,19675952
9.85453,3.31836,-0.481234,1.31311,0.179291,0.239786,0.181055,-43.9166,5.43105,19735304
9.93114,3.12204,1.38385,0.880112,0.130795,0.0648537,-2.53477,-43.0055,5.25586,19796775
9.58638,2.68629,0.517147,1.18468,0.208336,0.237521,-2.53477,-43.0055,5.25586,19903418
9.42358,2.46124,0.256179,1.49218,0.0583174,0.353432,-2.53477,-43.3699,3.50391,19961887
9.67736,2.01592,0.751779,1.5488,0.0318044,0.384609,-2.17266,-43.7344,1.40156,20024156
9.89284,0.608127,0.234632,1.6342,0.175561,0.567002,-2.17266,-43.7344,1.40156,20083005
9.50019,-0.833182,0.126893,1.23291,0.390729,0.677584,1.26738,-43.9166,-0.875976,20140413
8.48505,-0.703895,0.493205,1.12086,0.677043,0.723282,1.26738,-43.9166,-0.875976,20199527
11.4203,0.0023942,-0.861912,1.45207,0.22006,0.537691,4.52637,-45.3744,0.875976,20273303
10.0652,-1.50356,0.0790086,1.34989,0.266691,0.424045,4.52637,-45.3744,0.875976,20331638
10.6638,-1.92015,0.301669,1.44608,0.279614,0.27376,4.52637,-42.8232,2.97832,20397535
9.09796,-2.07577,0.912191,1.65978,0.319184,0.255241,4.52637,-42.8232,2.97832,20455328
8.56645,-1.92973,1.80523,1.77663,0.557801,0.167309,6.15586,-43.3699,2.10234,20512795
9.80425,-1.92015,2.5163,2.08319,0.645067,-0.00682464,6.15586,-43.3699,2.10234,20574670
10.058,-1.35991,1.62566,1.8571,-0.202016,0.0404724,5.43164,-45.1922,3.15351,20644073
10.0485,-1.00796,1.9824,1.37427,0.811473,0.0527297,5.43164,-45.1922,3.15351,20706012
10.738,0.0407014,1.12288,1.35468,0.0600494,0.0056991,2.17266,-44.0988,1.75195,20764487
9.36612,0.0335188,2.76291,0.951124,0.446287,0.202215,2.17266,-44.0988,1.75195,20822909
9.71567,0.497994,1.98479,1.22971,0.311989,0.214073,0.724219,-44.0988,2.45273,20880285
8.90643,0.392649,2.03028,0.857463,0.543146,0.306935,0.724219,-44.0988,2.45273,20939397
8.36534,0.26815,2.93769,0.841742,0.646266,0.296942,2.89687,-44.8277,6.65742,21015114
8.33661,0.658405,3.06458,0.461233,0.6464,0.281354,2.89687,-44.8277,6.65742,21072720
8.19056,-0.31364,4.40533,1.01015,0.788158,0.449359,5.9748,-43.5521,8.58457,21134724
8.54012,-0.782904,4.61362,0.641628,0.9511,0.355298,5.9748,-43.5521,8.58457,21192693
8.20732,-0.988805,3.99353,0.469227,0.684371,0.292013,3.9832,-40.8187,12.2637,21250147
8.30548,-0.138864,5.14274,0.421397,0.782829,0.210875,3.9832,-40.8187,12.2637,21312739
8.39167,0.390255,4.88656,0.428725,0.11201,-0.0425306,5.25058,-41.3654,16.2932,21417441
9.6606,-0.0263362,7.34301,0.747813,0.298666,-0.257699,5.25058,-41.3654,16.2932,21481072
7.3071,-1.11091,5.79875,0.289765,-0.176436,-0.158841,1.81055,-39.3609,16.4684,21539188
8.63588,-0.107739,7.89129,-0.0203973,-0.0265509,-0.110745,1.81055,-39.3609,16.4684,21596908
8.37731,0.153229,4.94642,-0.0912763,-0.613967,-0.0478598,1.26738,-40.2721,13.8404,21662069
8.98065,0.924162,6.46913,0.0310299,-0.761054,-0.219195,1.26738,-40.2721,13.8404,21719850
10.2328,0.960075,6.70616,0.190241,-1.31023,-0.31259,-0.543164,-40.2721,8.93496,21790241
9.05726,0.292093,6.11,-0.159224,-1.39896,-0.311391,-0.543164,-40.2721,8.93496,21851283
11.801,1.22344,4.53222,-1.17724,-1.85915,-0.345765,0.181055,-41.001,1.22637,21909104
11.6813,0.0383072,-1.38145,-1.12049,-0.515243,-0.0225459,0.181055,-41.001,1.22637,21969071
8.48265,0.167594,0.385466,0.301223,-1.36073,0.409523,-1.62949,-40.2721,-6.83261,22030709
9.84256,1.50595,-1.09654,-1.49167,-1.25974,0.139064,-1.62949,-40.2721,-6.83261,22088145
10.2735,1.59933,0.083797,-0.614475,-0.76705,0.136266,1.26738,-39.5432,-13.8404,22158199
9.991,1.29526,-1.60411,-0.174679,-0.99301,0.186094,1.26738,-39.5432,-13.8404,22215474
9.36132,0.423774,-0.746991,-0.855757,-0.342042,0.2222,2.17266,-39.3609,-18.9211,22279386
9.45709,1.39342,-1.86748,-0.889597,-0.355232,0.0484663,2.17266,-39.3609,-18.9211,22340770
8.85136,1.38385,-2.30083,-0.673763,-0.38894,0.108953,1.44844,-38.9965,-19.9723,22399298
10.2328,1.98479,-2.50912,-0.39904,-0.803288,0.162779,1.44844,-38.9965,-19.9723,22461803
8.70292,0.984017,-0.878672,-0.783945,0.272686,0.267765,1.62949,-38.8142,-21.1986,22531428
9.64863,0.471658,-3.10288,-0.95608,0.014884,0.105356,1.62949,-38.8142,-21.1986,22591591
9.68694,0.380678,-1.94409,-0.250887,0.439625,0.276558,0.181055,-38.8142,-21.549,22655844
10.228,-0.146046,-3.39977,-0.709336,-0.389739,0.197818,0.181055,-38.8142,-21.549,22713875
8.85136,0.208295,0.196324,-1.70724,0.642802,0.153186,1.26738,-37.7209,-19.0963,22771274
10.4315,0.938527,-3.15556,-0.959011,0.438692,0.114682,1.26738,-37.7209,-19.0963,22877854
11.078,0.914585,-0.845153,-0.898125,0.503842,0.176368,0.0,-39.3609,-14.366,22940056
10.0269,-0.548272,-0.244209,-1.3214,0.241111,0.104823,0.362109,-40.8187,-9.81094,23004169
9.6199,-0.0191536,0.368707,-1.30874,0.570192,0.218203,0.362109,-40.8187,-9.81094,23061831
10.0221,0.840364,0.241814,-1.00258,0.517965,0.120544,0.362109,-39.3609,-2.80312,23119259
10.2831,0.895431,0.4956,-1.08745,0.355156,0.00609879,0.362109,-39.3609,-2.80312,23177877
10.0293,0.545878,1.16598,-0.834173,0.282012,-0.000429526,2.71582,-38.8142,-0.875976,23251861
10.4267,0.833182,1.54905,-0.498431,-0.0713166,-0.0122871,2.71582,-38.8142,-0.875976,23309717
10.7739,0.469263,2.38223,-0.593691,0.0597829,0.0423377,2.89687,-38.9965,2.80312,23369142
11.2384,1.4054,0.442927,0.486947,-0.165378,0.110819,2.89687,-38.9965,2.80312,23431082
9.83777,-0.3304,0.811634,0.273111,-0.668858,0.0110283,4.52637,-39.5432,0.525586,23489008
9.69412,-0.438139,2.36068,-0.550258,-0.321658,0.0564602,4.52637,-39.5432,0.525586,23550753
10.5058,0.52433,-0.780509,0.0644709,-0.551082,0.101359,3.07793,-40.6365,-3.32871,23622684
10.094,0.112527,0.76375,-0.179475,-0.329385,0.0783101,3.07793,-40.6365,-3.32871,23682852
10.2256,1.06781,-1.64482,-0.149232,-0.537493,-0.0490589,4.70742,-38.9965,-5.60625,23744170
9.62708,0.0814028,-0.301669,0.114832,-0.665661,-0.062915,4.70742,-38.9965,-5.60625,23801766
9.79467,0.0742202,-0.306458,0.276841,-0.238388,0.0915,3.9832,-41.1832,-8.40937,23859463
10.1754,0.071826,-1.98958,0.134684,-0.318327,0.064987,3.9832,-41.1832,-8.40937,23937159
10.1203,0.514753,-1.62566,0.163595,-0.457154,0.00889663,4.34531,-40.0898,-12.9645,23996702
9.36851,0.189142,-1.88424,0.0134434,-0.294079,-0.15138,4.34531,-40.0898,-12.9645,24057617
9.07642,0.0502782,-2.21942,0.308417,-0.16218,-0.00762403,3.44004,-39.1787,-15.242,24119807
9.31105,-0.225055,-2.01113,0.103774,0.129063,0.0259502,3.44004,-39.1787,-15.242,24177842
9.51695,-0.138864,-2.72699,0.129887,-0.0166918,0.120411,3.25898,-40.4543,-15.4172,24237892
9.60793,0.237026,-2.48757,-0.00787356,0.0198136,0.0685842,3.80215,-39.5432,-16.9939,24345236
10.0078,-0.035913,-2.49955,0.0470177,0.158241,0.0628553,3.80215,-39.5432,-16.9939,24402666
9.76355,0.385466,-2.75572,-0.0808843,0.0656451,-0.0284081,4.34531,-40.8187,-14.7164,24467239
9.60075,0.248997,-2.20266,-0.152563,0.146383,-0.00855665,4.34531,-40.8187,-14.7164,24525195
9.86171,0.71826,-2.28646,-0.061166,0.122935,-0.032405,3.44004,-38.0853,-14.5412,24582748
9.67496,0.519542,-2.00873,0.0472842,0.12933,0.0124939,3.44004,-38.0853,-14.5412,24646203
9.72285,0.289698,-1.91536,0.0442199,0.146117,0.0328783,3.62109,-40.8187,-13.6652,24717811
10.0892,0.208295,-1.84353,0.146808,0.172097,0.070183,3.62109,-40.8187,-13.6652,24777647
9.97185,-0.035913,-2.07098,-0.0684938,0.0544537,0.0728476,4.70742,-40.0898,-14.0156,24836358
9.82341,0.296881,-1.8579,0.00744802,0.0667109,0.0685842,4.70742,-40.0898,-14.0156,24894656
9.81383,0.174777,-1.54665,0.0250345,0.167034,0.0220865,4.16426,-40.2721,-12.7893,24957349
9.82819,-0.0143652,-1.87705,-0.158292,0.229386,0.126273,4.16426,-40.2721,-12.7893,25027759
9.40921,0.43335,-2.05422,0.0568768,0.289074,0.138531,4.16426,-40.2721,-11.0373,25090085
9.3302,0.349553,-0.995988,0.157999,0.474665,0.199151,4.16426,-40.2721,-11.0373,25147745
10.4914,0.596156,-1.83396,0.369171,0.622951,0.0294142,4.70742,-40.0898,-8.40937,25205557
10.0963,-0.35913,-1.99437,-0.0118705,0.305594,-0.00895634,4.70742,-40.0898,-8.40937,25267717
10.0317,0.141258,-0.972046,0.062739,0.314787,-0.011088,6.33691,-41.001,-5.78144,25328918
9.92157,0.203507,-0.603339,-0.0267924,0.510504,0.0220865,6.33691,-41.001,-5.78144,25398593
10.7308,0.462081,-0.790086,0.0411555,0.265092,-0.0730405,5.61269,-41.7299,-4.37988,25456981
9.84016,-0.117316,0.0071826,-0.268474,-0.11515,-0.131795,5.61269,-41.7299,-4.37988,25518200
9.80904,-0.229843,0.725443,-0.281264,0.20314,-0.0513238,5.06953,-42.2765,-3.15351,25575676
9.73482,0.00957681,0.591368,0.14774,0.366614,0.0801753,5.06953,-42.2765,-3.15351,25641893
10.1059,0.0885854,1.08218,0.264451,0.305328,0.180099,4.52637,-41.7299,-1.22637,25699817
10.5536,0.577003,0.579397,0.49201,-0.0662538,-0.0320053,5.43164,-42.2765,-1.75195,25807207
9.64145,-0.605733,0.885855,0.270446,0.0191474,0.037941,5.43164,-42.2765,-1.75195,25868268
9.91439,-0.260968,1.13725,0.0387573,0.202207,0.0636547,5.61269,-41.7299,-0.525586,25926208
10.2256,-0.00957681,0.287304,0.119762,0.106414,0.0673851,5.61269,-41.7299,-0.525586,25988760
10.2376,-0.105345,0.476446,0.0275659,0.0972209,0.0904341,5.43164,-41.5476,0.350391,26046627
10.1634,0.1652,0.23942,0.0265001,-0.0501328,0.0355429,5.43164,-41.5476,0.350391,26118529
9.89284,0.0670376,0.622492,0.0863209,0.0485915,0.0680513,6.69902,-41.001,-0.525586,26181008
10.058,0.0167594,0.258574,0.150672,0.0764368,0.0689839,6.69902,-41.001,-0.525586,26241647
10.0652,0.112527,0.466869,0.118829,-0.0208219,0.00676495,4.70742,-41.9121,0.700781,26299013
10.1179,-0.301669,0.713472,0.239936,0.150913,0.0785765,4.70742,-41.9121,0.700781,26357556
10.1418,-0.114922,0.241814,-0.0499747,-0.0105631,0.0552611,5.61269,-42.4588,1.22637,26416164
9.97424,0.122104,0.541089,0.191973,-0.0563947,0.0924326,5.61269,-42.4588,1.22637,26486395
9.97424,-0.301669,0.581791,0.059275,0.0695088,0.118679,5.25058,-42.0943,-0.525586,26553963
10.0102,-0.342371,0.426168,0.00544956,0.00888862,0.113616,5.25058,-42.0943,-0.525586,26612128
9.95988,-0.349553,0.627281,-0.0409149,0.0773695,0.125207,6.69902,-42.0943,-1.22637,26672093
10.058,-0.45011,0.675165,0.0578094,0.181423,0.141462,6.69902,-42.0943,-1.22637,26734334
10.2041,-0.756567,0.323217,-0.0996699,0.120803,0.12201,8.14746,-41.001,1.22637,26792054
10.2065,-0.399832,0.514753,-0.143903,-0.10649,0.0599242,8.14746,-41.001,1.22637,26867083
10.1418,-0.289698,0.73502,0.090984,0.0952224,0.101359,8.32851,-43.3699,-1.05117,26928768
10.1035,-0.672771,0.270545,0.168658,-0.0336121,0.0528629,8.32851,-43.3699,-1.05117,26986362
9.991,-0.744596,0.641646,-0.168151,-0.0476014,0.0567266,9.05273,-41.5476,1.40156,27044038
10.0149,-0.667982,0.567425,-0.0470435,0.0415303,0.0725811,9.05273,-41.5476,1.40156,27103276
9.95269,-0.701501,0.220267,-0.15123,0.0294062,0.0497986,7.24219,-40.4543,-0.700781,27208389
9.92875,0.328006,0.299275,0.319475,-0.258373,-0.0727741,7.24219,-40.4543,-0.700781,27269350
10.4148,0.565031,0.45011,1.0316,-0.159116,-0.19175,7.06113,-41.3654,-1.57676,27327196
9.97185,-1.59933,0.0814028,0.798175,0.19861,-0.177227,7.06113,-41.3654,-1.57676,27384858
9.75637,-1.06302,0.548272,-0.0671614,0.196611,-0.289808,5.06953,-41.9121,-3.50391,27443034
9.73243,-0.335188,0.629675,0.527982,0.498513,-0.0362687,5.06953,-41.9121,-3.50391,27506915
10.4459,0.0933738,0.770933,0.134817,-0.0332124,-0.122869,5.06953,-40.4543,-0.350391,27581329
10.4603,0.289698,0.519542,0.248197,0.0475257,-0.0923591,5.06953,-40.4543,-0.350391,27639631
9.89284,-0.0071826,0.713472,0.215155,-0.121411,-0.0634479,3.9832,-41.5476,-0.700781,27699596
10.2161,0.61531,0.45011,0.216221,-0.263569,-0.0622488,3.9832,-41.5476,-0.700781,27761304
9.87368,-0.0574608,0.804451,0.103241,-0.332716,0.0194219,2.35371,-41.001,-1.92715,27822057
10.094,-0.181959,-0.0263362,-0.151763,-0.359762,0.0759119,2.35371,-41.001,-1.92715,27879682
9.72046,-0.335188,-0.416591,0.0801922,-0.169908,0.136266,3.44004,-41.3654,-4.73027,27956256
10.149,-0.0167594,-0.59855,-0.154295,-0.356964,-0.0332044,3.44004,-41.3654,-4.73027,28013994
10.3573,0.0263362,-0.921767,-0.141904,-0.344174,-0.00469294,3.44004,-41.3654,-4.73027,28071452
10.2807,0.318429,-0.828393,-0.161089,-0.399332,-0.110345,3.44004,-41.3654,-4.73027,28133873
9.46906,0.143652,-0.871489,-0.118589,-0.256641,-0.112477,2.71582,-41.001,-9.63574,28192440
9.42118,0.421379,-0.751779,-0.0928751,-0.0683855,-0.0781033,2.35371,-41.001,-12.4389,28262064
9.96706,0.780509,-1.64482,-0.0238613,-0.00163665,-0.0296072,2.35371,-41.001,-12.4389,28321231
9.62947,0.799663,-1.67355,0.00411725,0.0408641,0.00889663,2.35371,-41.001,-12.4389,28380141
10.0509,0.814028,-1.68791,-0.00147846,0.00315967,0.011961,1.26738,-40.2721,-11.0373,28438027
10.1275,0.842759,-1.69031,0.0680682,-0.0102967,-0.000163078,1.26738,-40.2721,-11.0373,28504362
9.72046,0.579397,-1.44131,0.100044,0.0290065,0.00623201,2.17266,-40.0898,-10.8621,28562716
9.91199,0.723049,-1.33118,0.0556777,0.0692424,-0.0156179,0.724219,-39.7254,-11.5629,28665360
9.7851,0.670376,-1.25696,0.0528799,0.0908258,-0.0096225,0.724219,-39.7254,-11.5629,28727046
9.42358,0.687136,-1.12767,0.0292979,0.196345,0.036209,2.17266,-38.9965,-12.9645,28784803
9.98382,0.85473,-1.4437,0.195437,0.309192,0.119612,2.17266,-38.9965,-12.9645,28844007
10.6997,0.490811,-1.52989,0.0736639,0.0799009,0.0831064,1.26738,-41.001,-7.5334,28902492
9.92636,0.502782,-0.97444,0.089252,0.0597829,0.0587251,1.26738,-41.001,-7.5334,28972473
9.89045,0.287304,-1.00078,0.0338278,0.108679,0.0388737,2.53477,-39.3609,-9.81094,29035683
9.99818,0.490811,-0.682347,-0.0539716,0.103483,0.0247511,2.53477,-39.3609,-9.81094,29096369
10.0676,0.445321,-0.919373,-0.00507572,0.138922,0.0330115,1.81055,-41.9121,-9.46054,29156661
10.0509,0.667982,-0.940921,0.00624892,0.0869621,0.0186225,1.81055,-41.9121,-9.46054,29215466
10.0916,0.509965,-0.902614,0.0504817,0.0913587,0.0394066,2.17266,-40.4543,-7.3582,29273236
9.97903,0.509965,-0.744596,0.021304,0.0559192,0.0299472,2.17266,-40.4543,-7.3582,29347556
10.0341,0.505176,-0.713472,0.00624892,0.0813664,0.0748461,3.25898,-40.8187,-7.3582,29408276
10.0006,0.603339,-0.641646,0.032229,0.111876,0.0596577,3.25898,-40.8187,-7.3582,29468862
10.1323,0.481234,-0.71826,-0.0175994,0.0524552,0.055794,3.9832,-40.4543,-9.11015,29531414
10.0676,0.545878,-0.696712,0.0126441,-0.00430127,0.0324786,3.9832,-40.4543,-9.11015,29589430
10.058,0.469263,-0.512359,0.0624725,0.0184813,0.0234188,3.44004,-40.2721,-6.48223,29647227
10.0245,0.409408,-0.617704,0.101509,0.0417967,0.0262167,3.44004,-40.2721,-6.48223,29723951
10.1203,0.373495,-0.550666,0.0486165,0.0152837,0.0366087,2.35371,-40.6365,-7.5334,29784759
10.0772,0.234632,-0.723049,0.00251848,0.0111535,0.0431371,2.35371,-40.6365,-7.5334,29842187
9.8665,0.407014,-0.4956,0.0175736,0.0212791,0.0138262,2.53477,-41.1832,-7.3582,29900595
10.0916,0.373495,-0.940921,0.0314296,0.0358013,0.0391401,2.53477,-41.1832,-7.3582,29958805
10.082,0.459687,-0.775721,0.0972458,0.0191474,0.0399395,1.9916,-40.2721,-5.08066,30066309
10.0604,0.385466,-0.842759,0.0488829,-0.0112293,0.0299472,5.43164,-39.3609,-8.40937,30124251
9.94551,0.426168,-0.677559,0.0415552,0.0227447,0.0116945,5.43164,-39.3609,-8.40937,30186289
9.991,0.344765,-0.840364,0.0276992,0.0251428,-0.00029631,3.25898,-40.4543,-8.05898,30245011
10.0173,0.37589,-0.821211,0.0191723,0.0314047,0.0222198,3.25898,-40.4543,-8.05898,30303335
10.0125,0.3304,-0.749385,0.0274327,0.0346022,0.0204878,3.07793,-37.7209,-8.23418,30365730
10.0173,0.421379,-0.790086,0.0221035,0.0216788,0.00956279,3.07793,-37.7209,-8.23418,30438887
10.0054,0.287304,-0.682347,0.0451525,0.0579177,0.0294142,2.35371,-40.2721,-8.58457,30499340
10.0054,0.440533,-0.675165,0.00718153,0.0110203,0.00130247,2.35371,-40.2721,-8.58457,30561479
10.07,0.35913,-1.08457,0.0107788,0.0519223,0.0259502,3.25898,-41.1832,-7.3582,30619051
10.0293,0.445321,-0.73502,0.0571432,0.0388656,0.0246179,3.25898,-41.1832,-7.3582,30676603
9.96945,0.462081,-0.770933,0.0527466,0.0364675,0.0251508,2.53477,-40.8187,-7.3582,30754803
10.0149,0.392649,-0.766144,0.0620728,0.0332699,0.0246179,2.53477,-40.8187,-7.3582,30814160
9.93833,0.414197,-0.703895,0.0756624,0.0433955,0.0264832,1.81055,-41.1832,-8.05898,30871803
10.0221,0.440533,-0.845153,0.0567436,0.0138182,0.0194219,1.81055,-41.1832,-8.05898,30930708
10.0245,0.407014,-0.804451,0.0582091,0.020613,0.0302136,3.07793,-41.001,-7.18301,30989485
9.96466,0.414197,-0.775721,0.020105,0.0211459,0.0170237,3.07793,-41.001,-7.18301,31050298
10.0006,0.426168,-0.797269,0.0558109,0.0288733,0.0279487,3.62109,-41.1832,-7.00781,31125860
10.0796,0.428562,-0.926556,0.0125108,-0.00243603,0.00916311,3.62109,-41.1832,-7.00781,31183659
10.0748,0.378284,-0.893037,0.092716,0.0564522,0.0366087,2.71582,-39.1787,-9.28535,31243834
10.0556,0.426168,-0.749385,0.0660697,0.0196803,0.0348767,2.71582,-39.1787,-9.28535,31305838
9.91199,0.3304,-0.835576,0.0912504,0.0615149,0.0208874,3.07793,-40.6365,-7.5334,31366986
9.97903,0.459687,-0.711078,0.0761953,0.0335364,0.00942956,3.07793,-40.6365,-7.5334,31427689
10.0102,0.457292,-0.797269,0.0603408,0.0198136,0.00343417,2.17266,-40.4543,-8.75976,31533331
9.94551,0.380678,-0.701501,0.0708661,0.037933,0.0158247,2.35371,-40.2721,-8.23418,31593923
10.003,0.40462,-0.785298,0.0194388,0.0339361,0.00969602,2.35371,-40.2721,-8.23418,31658795
10.0269,0.416591,-0.73502,0.0394235,0.0583174,0.0190222,1.81055,-40.4543,-9.11015,31716848
10.0197,0.529118,-0.890643,0.0398232,0.0138182,-0.00176184,1.81055,-40.4543,-9.11015,31774385
9.991,0.395043,-0.857124,0.0623393,0.0689759,0.0264832,2.53477,-39.3609,-8.40937,31848692
10.003,0.476446,-0.758962,0.0249013,0.0440616,0.00996249,2.53477,-39.3609,-8.40937,31906153
10.0269,0.466869,-0.780509,0.0415552,0.0429958,0.0132933,2.71582,-39.9076,-6.48223,31969368
10.0125,0.500388,-0.804451,0.0594082,0.0339361,0.016624,2.71582,-39.9076,-6.48223,32031587
10.0509,0.490811,-0.80924,0.0759288,0.05059,0.0247511,4.34531,-41.5476,-6.30703,32089169
10.0341,0.500388,-0.864306,0.0454189,0.0224782,0.0191554,4.34531,-41.5476,-6.30703,32146759
9.93593,0.505176,-0.744596,0.0280989,0.0290065,0.0140927,1.9916,-39.9076,-8.23418,32235209
9.95748,0.428562,-0.914585,0.0880529,0.0687094,0.0392734,1.9916,-39.9076,-8.23418,32292714
10.0509,0.754173,-0.893037,0.124025,0.0331367,0.0215536,3.07793,-40.2721,-8.23418,32353212
9.95509,0.4956,-0.610521,0.0953806,0.0684429,0.0408721,3.07793,-40.2721,-8.23418,32411890
10.0676,0.47884,-0.730231,0.0410223,0.0282071,0.0228859,1.44844,-40.0898,-8.05898,32469546
9.93114,0.466869,-0.739808,0.0458186,0.047126,0.025817,1.44844,-40.0898,-8.05898,32544402
10.094,0.588974,-0.723049,0.0502152,0.00955477,0.0198216,3.07793,-40.6365,-8.58457,32603347
10.0341,0.500388,-0.675165,0.0715322,0.0392653,0.0123607,3.07793,-40.6365,-8.58457,32662375
10.0676,0.52433,-0.754173,0.0538125,0.0054246,-0.00296094,3.07793,-40.2721,-7.5334,32721320
9.92875,0.521936,-0.260968,0.0520805,0.0600494,-0.000163078,3.07793,-40.2721,-7.5334,32780438
10.1442,0.435745,-0.976834,0.0279656,0.0665777,-0.0132197,2.53477,-41.1832,-7.3582,32839155
10.0245,0.605733,-0.694318,0.0352933,0.0527217,-0.0225459,2.35371,-39.5432,-7.5334,32946058
10.0173,0.811634,-0.600945,0.0631386,0.0036926,-0.0570528,2.35371,-39.5432,-7.5334,33006958
9.94551,0.80924,-0.277727,0.176918,0.0873618,-0.0574525,2.35371,-40.6365,-6.83261,33068812
10.1442,0.567425,-0.794875,0.0737971,0.0804338,-0.0518568,2.35371,-40.6365,-6.83261,33129449
10.1323,0.37589,-0.97444,-0.0710251,0.0407309,-0.00549233,2.35371,-40.6365,-6.83261,33191895
10.0006,0.744596,-0.80924,-0.126849,-0.0686519,0.0168905,2.35371,-40.6365,-6.83261,33249559
10.161,0.979228,-0.632069,-0.0122702,-0.025485,0.0122274,1.62949,-38.0853,-7.88379,33321809
9.89045,0.790086,-0.682347,-0.10873,-0.0930332,-0.0256102,1.62949,-38.0853,-7.88379,33383136
9.56962,0.79248,-0.114922,0.0165077,0.0869621,0.0382075,-0.543164,-41.001,-7.5334,33443971
9.75876,0.529118,-0.339977,-0.0211966,0.150913,0.0855046,-0.543164,-41.001,-7.5334,33501735
10.2184,0.909797,-0.363919,0.00385076,0.0896267,0.0693836,1.62949,-39.9076,-8.58457,33562163
10.331,0.785298,-0.368707,0.0761953,0.0954889,0.0555276,1.62949,-39.9076,-8.58457,33632682
9.74919,0.706289,0.0071826,0.131353,0.127065,0.0182228,1.81055,-40.4543,-7.3582,33690619
10.2855,0.785298,-0.634463,0.221018,0.130662,0.0251508,1.81055,-40.4543,-7.3582,33749900
9.96227,0.639252,-0.493205,0.172388,0.0352684,0.0106286,0.724219,-40.0898,-5.95664,33811863
9.99339,0.73502,-0.414197,0.169724,0.0743051,0.00796403,0.724219,-40.0898,-5.95664,33869338
9.94791,0.806846,-0.584185,0.162662,0.0621811,-0.00775725,1.08633,-41.1832,-6.65742,33932793
9.89045,0.864306,-0.390255,0.121494,0.142519,-0.0146853,1.08633,-41.1832,-6.65742,34002453
9.99579,0.83797,-0.493205,0.105906,0.121336,-0.0313392,-1.08633,-41.1832,-5.95664,34060035
9.79707,0.761356,-0.217872,0.141745,0.194613,-0.00655818,-1.08633,-41.1832,-5.95664,34121959
10.0963,0.653617,-0.641646,0.0640713,0.128663,0.00942956,0.362109,-39.3609,-6.30703,34183293
10.1083,0.773327,-0.299275,0.0544786,0.140921,0.0210207,0.362109,-39.3609,-6.30703,34240993
10.4435,0.634463,-0.859518,0.0390238,0.11161,0.0231524,-1.26738,-40.6365,-5.08066,34346857
9.65821,0.215478,-1.89142,-0.00440958,-0.243451,0.0968292,-1.26738,-40.6365,-5.08066,34408639
9.96706,0.723049,-0.304064,-0.127915,-0.140197,0.1344,0.362109,-39.7254,-5.95664,34467036
10.9152,1.5275,-1.70467,0.179982,-0.0477346,0.0263499,0.362109,-39.7254,-5.95664,34526334
9.47385,-0.0215478,-0.768538,-0.0293238,-0.0161588,0.015425,-0.543164,-39.1787,-5.78144,34583924
8.64307,0.732625,-0.0933738,0.0225031,0.255233,0.0992274,-0.543164,-39.1787,-5.78144,34647540
9.88805,1.01514,-0.177171,0.106039,0.214065,0.0302136,3.9832,-37.9031,-7.70859,34720491
10.7452,0.536301,-0.502782,0.0221035,0.225656,-0.0113545,3.9832,-37.9031,-7.70859,34781457
10.0173,0.608127,0.416591,0.134551,0.228987,0.0192887,2.17266,-39.7254,-5.95664,34843382
9.88087,0.557849,0.167594,0.126557,0.15078,0.0356761,2.17266,-39.7254,-5.95664,34901149
10.1921,0.715866,0.0407014,0.0398232,0.102017,0.034477,2.53477,-39.7254,-3.8543,34958694
10.0796,0.531512,0.507571,-0.0114708,0.133993,0.0451355,2.53477,-39.7254,-3.8543,35017056
10.1514,0.694318,0.220267,0.0165077,0.0776359,0.0200881,2.53477,-40.4543,-2.80312,35092620
10.0078,0.577003,0.244209,-0.000679076,0.0407309,0.024085,2.53477,-40.4543,-2.80312,35149984
10.137,0.603339,0.122104,-0.0389164,-0.0226872,0.0282152,1.81055,-40.8187,-3.50391,35209333
10.0078,0.670376,0.387861,-0.0819501,0.0151505,0.0328783,1.81055,-40.8187,-3.50391,35268310
10.1203,0.723049,-0.00957681,-0.00387663,-0.00576681,0.0203545,2.35371,-39.5432,-2.62793,35327377
9.94551,0.639252,0.227449,0.05701,0.00942154,0.014892,2.35371,-39.5432,-2.62793,35398517
10.0389,0.684741,0.174777,0.0463516,-0.0184238,0.0235521,1.62949,-39.9076,-2.97832,35456361
10.0556,0.658405,0.0287304,0.0785935,-0.0065662,0.036742,1.62949,-39.9076,-2.97832,35519461
10.0125,0.821211,-0.0742202,0.0571432,-0.0105631,0.0304801,1.62949,-41.7299,-4.37988,35577256
9.93114,0.56982,0.225055,0.0215705,0.0352684,0.0366087,1.62949,-41.7299,-4.37988,35635823
10.1754,0.648829,-0.100556,-0.0101385,-0.0189567,0.0287481,1.44844,-39.7254,-3.8543,35698981
9.91917,0.56982,0.0335188,0.0739304,0.0432623,0.0470008,1.81055,-40.4543,-5.25586,35803033
9.89523,0.572214,-0.0143652,0.0551448,0.0888273,0.0639211,1.81055,-40.4543,-5.25586,35862684
9.48822,0.505176,-0.318429,0.146008,0.286809,0.144393,1.26738,-39.1787,-3.6791,35921954
9.65581,1.17316,-0.220267,0.112967,0.340368,0.162779,1.26738,-39.1787,-3.6791,35979646
9.6199,0.349553,-0.059855,0.0908507,0.659723,0.138797,2.71582,-39.5432,-0.875976,36040991
9.47625,0.421379,0.0861912,0.168658,0.8204,0.0692503,2.71582,-39.5432,-0.875976,36111503
9.17937,-0.0574608,0.555454,0.0941815,1.06221,0.0885689,2.53477,-40.0898,3.8543,36169577
10.4172,-0.347159,1.00556,0.330667,1.31748,0.20408,2.53477,-40.0898,3.8543,36232900
9.32302,0.146046,1.47962,-0.270472,1.23395,0.23006,4.52637,-35.8986,11.3877,36290988
9.10036,0.596156,3.20584,-0.063431,1.46084,0.116148,4.52637,-35.8986,11.3877,36349595
12.0859,-0.220267,4.61841,0.242068,1.85401,0.226197,4.52637,-32.983,19.4467,36415945
9.74919,0.0766144,4.68785,0.0383577,1.31469,0.384209,4.52637,-32.983,19.4467,36485768
7.47948,1.31442,9.90242,0.32254,0.381136,-0.000696003,3.44004,-30.4318,26.4545,36547225
12.0524,0.328006,5.81073,-0.464057,0.404852,-0.0304065,3.44004,-30.4318,26.4545,36608666
8.07803,-0.131681,6.8115,0.668808,0.0234108,0.127606,3.62109,-28.7918,28.3816,36666280
8.16662,-0.14844,9.00219,-0.292588,-0.0208219,0.215671,3.62109,-28.7918,28.3816,36729437
8.65025,0.234632,6.66306,-0.41636,-0.128739,0.346504,3.62109,-29.1562,28.3816,36787907
8.78911,-0.0335188,5.06134,-0.662039,-0.731211,0.169174,3.62109,-29.1562,28.3816,36857498
8.67658,-0.280121,7.14908,0.636299,-1.03578,0.291613,7.6043,-33.1652,28.3816,36916762
7.84101,-0.536301,5.31991,-0.551857,-1.38258,0.2218,7.6043,-33.1652,28.3816,36975567
8.8753,0.11971,5.13317,0.355048,-1.31063,0.0924326,7.9664,-37.1742,21.3738,37036362
9.04768,-1.67115,3.45962,0.355848,-1.36552,0.26963,7.9664,-37.1742,21.3738,37098848
8.57603,-1.51074,3.80917,-0.00814,-1.17367,0.207944,9.05273,-41.1832,12.9645,37156483
8.47786,-1.50835,2.57137,0.353583,-1.1353,0.0958966,10.1391,-45.5566,5.25586,37261474
8.38449,-1.69031,0.782904,0.40088,-0.73161,-0.0521233,10.1391,-45.5566,5.25586,37321948
8.31027,-1.67833,0.0167594,0.29656,-0.446496,-0.101818,7.9664,-46.2855,0.700781,37379482
8.07803,-1.64003,0.605733,0.158532,-0.0786443,-0.166835,7.9664,-46.2855,0.700781,37445142
9.5361,-1.5682,0.0742202,0.245532,0.0231444,-0.189485,6.69902,-46.4678,0.175195,37503338
9.76595,-1.70946,0.337582,0.22195,0.110144,-0.218929,6.69902,-46.4678,0.175195,37560813
10.8122,-1.06781,-0.363919,0.191574,0.069642,-0.342834,5.9748,-45.01,-0.875976,37635364
10.2352,-0.256179,-0.179565,0.254592,-0.0182905,-0.523095,5.9748,-45.01,-0.875976,37695979
9.96945,-0.265756,0.110133,0.0688676,-0.069851,-0.628082,0.905273,-45.3744,0.175195,37755653
8.68377,0.742202,0.699107,0.124425,0.121202,-0.680042,0.905273,-45.3744,0.175195,37814027
8.44913,0.998382,1.23301,0.000520021,0.146916,-0.498981,-1.26738,-42.8232,-1.22637,37871427
11.1091,1.74298,1.30963,0.00864711,0.408182,-0.351893,-1.26738,-42.8232,-1.22637,37930282
9.85214,2.35829,1.32399,0.241002,0.273086,-0.0607833,-4.52637,-41.001,3.32871,38003921
9.82101,1.80523,1.09415,0.0482168,0.258031,0.017157,-4.52637,-41.001,3.32871,38062841
9.48582,2.45645,1.30723,0.106039,0.0331367,0.170373,-4.88848,-41.001,5.08066,38121304
9.89284,2.04944,1.36469,0.153203,-0.00390158,0.344506,-4.88848,-41.001,5.08066,38179180
9.99339,1.64003,0.821211,-0.255151,-0.181499,0.461749,-4.88848,-41.001,5.08066,38241418
10.1299,2.11887,0.270545,-0.353475,-0.314463,0.449226,-2.71582,-42.0943,3.6791,38313483
8.98544,2.5163,0.80924,-0.41223,-0.35803,0.285218,0.724219,-43.0055,1.40156,38371534
10.0341,3.11964,0.775721,-0.322166,-0.493526,0.165443,0.724219,-43.0055,1.40156,38436753
10.1347,2.03268,0.632069,0.0126441,-0.389739,0.133068,1.81055,-44.8277,0.700781,38494722
10.9439,-1.67115,0.550666,0.529448,0.159173,0.301472,1.81055,-44.8277,0.700781,38552123
11.4826,-0.931344,0.191536,-0.815787,0.140254,0.110019,4.70742,-44.8277,-0.350391,38614633
9.97663,-3.68468,0.155623,-0.0386499,0.428167,-0.0049594,4.70742,-44.8277,-0.350391,38718065
9.58159,-1.42216,0.129287,-0.0955397,0.0334031,0.114549,5.06953,-43.0055,2.45273,38777373
9.89045,-1.51074,-0.172382,-0.154295,0.0306053,-0.0189487,5.06953,-43.0055,2.45273,38838679
9.54568,-1.87945,-0.114922,-0.414362,-0.149523,-0.0384004,4.70742,-42.641,2.45273,38896091
10.2711,-1.28808,0.201113,-0.359737,-0.195754,-0.138057,4.70742,-42.641,2.45273,38958325
10.6494,0.0263362,0.387861,-0.620604,-0.296078,-0.34723,2.71582,-43.5521,2.27754,39019385
10.5249,-0.0311246,0.0,-0.550524,-0.122611,-0.325247,2.71582,-43.5521,2.27754,39091561
10.5776,-0.605733,-0.0526724,-0.801798,-0.352967,-0.179093,1.81055,-43.3699,1.40156,39154756
9.84256,-0.107739,-0.0670376,-1.0171,-0.129938,-0.296469,1.81055,-43.3699,1.40156,39212135
9.11472,0.476446,-0.351948,-0.581301,-0.252244,-0.192282,1.9916,-43.9166,-0.525586,39269797
9.69412,1.10851,0.162806,-0.458328,-0.115549,-0.213866,1.9916,-43.9166,-0.525586,39331660
9.80904,0.847547,-0.512359,-0.302448,-0.0603916,-0.245175,-0.362109,-43.7344,0.0,39402139
10.1777,1.6927,-0.402226,-0.0967387,0.1677,-0.156443,-0.362109,-43.7344,0.0,39460162
9.80904,1.80044,-0.976834,-0.119655,0.0242102,-0.119671,-2.35371,-42.8232,0.875976,39518382
9.69891,2.46363,-0.474052,-0.091143,0.0848304,-0.0356026,-2.35371,-42.8232,0.875976,39577041
10.8266,2.31998,-1.22104,0.0559442,-0.148324,0.0952305,-2.35371,-42.8232,0.875976,39637718
9.56004,1.55384,-0.632069,-0.00281078,-0.0340118,0.276958,-2.35371,-42.8232,0.875976,39700221
9.77552,2.92332,-1.72382,-0.035186,-0.440767,0.192889,-1.9916,-41.3654,-0.175195,39769690
9.10514,2.82276,-0.361524,0.0229028,-0.467813,0.264168,-1.9916,-41.3654,-0.175195,39827328
10.24,1.80283,-0.241814,0.361443,-0.0717163,0.274826,0.543164,-44.281,-2.97832,39892069
9.44991,1.19231,-1.01514,0.653619,-0.0102967,0.200083,0.543164,-44.281,-2.97832,39950026
10.3693,-0.287304,-1.53468,0.531579,-0.094632,0.245116,2.89687,-43.3699,-5.25586,40010578
9.42358,-0.466869,-1.56341,0.629238,0.117339,0.196753,2.89687,-43.3699,-5.25586,40073293
10.3669,-0.591368,-1.57778,0.253526,0.0928243,0.0604571,2.17266,-42.641,-6.65742,40175183
9.96706,-1.03429,-1.26174,-0.0608996,0.0970877,0.0693836,4.70742,-43.0055,-2.80312,40236844
10.0604,-0.0790086,-1.37427,-0.153495,0.0126191,0.00276801,4.70742,-43.0055,-2.80312,40298828
10.1466,0.0407014,-1.45089,-0.0776867,-0.0233533,-0.0169502,5.43164,-42.2765,-5.25586,40356872
10.0269,0.110133,-1.59214,-0.0354525,-0.108621,-0.00868988,5.43164,-42.2765,-5.25586,40417392
9.63905,0.112527,-1.25935,0.0292979,-0.00856467,0.0304801,3.80215,-42.8232,-5.43105,40488750
9.73721,0.277727,-1.44849,0.0280989,0.0271413,0.047134,3.80215,-42.8232,-5.43105,40551945
9.80904,0.399832,-1.55384,0.0566103,0.100285,0.0567266,4.52637,-43.1877,-5.08066,40611007
9.66299,0.263362,-1.60651,0.0871203,0.131461,0.0732473,4.52637,-43.1877,-5.08066,40669209
9.81144,0.217872,-1.41258,0.102309,0.207003,0.0704494,3.62109,-43.3699,-3.50391,40727914
9.7444,0.311246,-1.67833,0.062739,0.268956,0.0648537,3.62109,-43.3699,-3.50391,40786323
9.71088,0.167594,-1.25456,0.0210376,0.383535,0.0851049,4.34531,-44.4633,-2.45273,40860401
9.85453,0.155623,-1.13246,-0.00760713,0.484657,0.0773775,4.34531,-44.4633,-2.45273,40921081
9.81144,0.335188,-0.770933,0.0690008,0.498513,0.0829732,4.16426,-43.9166,-0.875976,40978833
9.88087,0.366313,-0.442927,0.102309,0.538349,0.0781769,4.16426,-43.9166,-0.875976,41037228
9.93114,0.299275,-0.208295,0.120561,0.560466,0.059258,5.25058,-42.4588,2.62793,41095665
9.94551,0.126893,0.0981622,0.21369,0.594706,0.0547282,5.25058,-42.4588,2.62793,41154567
9.90242,0.186748,0.337582,0.176119,0.623617,0.0211539,5.25058,-42.0943,6.13183,41231916
10.1275,0.122104,0.737414,0.0976455,0.546876,-0.0158844,5.25058,-42.0943,6.13183,41289583
9.43555,-0.160411,1.24977,0.205296,0.617089,0.0271493,3.07793,-41.3654,9.63574,41349456
9.89284,0.0191536,1.75016,0.0331616,0.693031,0.0500651,3.07793,-41.3654,9.63574,41407851
9.73482,0.100556,1.97043,0.111368,0.610827,0.0464678,4.16426,-39.5432,14.5412,41466341
9.79467,-0.100556,2.50194,0.111102,0.537683,0.0673851,4.16426,-39.5432,14.5412,41529372
9.55765,0.0023942,2.89219,0.13988,0.410314,0.0994938,4.16426,-40.2721,17.3443,41632745
9.73961,0.0215478,3.1771,0.102708,0.448152,0.129338,5.61269,-37.7209,20.1475,41691635
9.55286,-0.083797,3.57694,0.128688,0.414311,0.121743,5.61269,-37.7209,20.1475,41750326
9.51695,-0.0143652,3.60327,0.0695337,0.356755,0.110286,5.61269,-37.7209,20.1475,41809112
9.0836,-0.265756,3.75411,0.15227,0.417109,0.132269,4.88848,-36.992,20.1475,41874082
9.4547,-0.0622492,4.03902,0.0138431,0.349427,0.0657863,4.88848,-36.992,20.1475,41944605
9.31344,-0.373495,4.08451,0.199434,0.339702,0.119612,5.25058,-35.5342,24.7025,42005782
9.3326,-0.624887,4.06056,0.186777,0.292271,0.141062,5.06953,-34.2586,25.2281,42067729
9.23443,0.0790086,4.39815,-0.0643636,0.118938,0.0735138,5.06953,-34.2586,25.2281,42125458
9.27992,-0.490811,4.5418,0.113633,0.200075,0.161313,5.61269,-34.0764,25.0529,42185966
9.19373,-0.0909796,4.69742,0.0299641,0.18049,0.0380743,5.61269,-34.0764,25.0529,42245299
9.46428,-0.213084,3.93846,0.16546,0.0484583,0.0159579,5.61269,-34.0764,25.0529,42316280
8.73404,-0.323217,4.98952,0.217154,0.144251,0.0517971,5.61269,-34.0764,25.0529,42375632
8.76038,-0.605733,4.17549,-0.0267924,0.125732,0.0589916,5.43164,-32.4363,26.2793,42434241
8.83221,-0.366313,4.77404,0.0623393,0.194879,0.135999,5.43164,-32.4363,26.2793,42495976
8.98304,-0.270545,4.56813,0.0367589,0.174362,0.0791095,5.43164,-33.1652,26.9801,42554814
8.99501,-0.354342,4.77643,0.126823,0.0936236,0.0712488,5.43164,-33.1652,26.9801,42617161
8.93995,-0.43335,4.65433,0.066203,0.0528549,0.0777771,6.69902,-33.3474,26.8049,42687092
8.77714,-0.37589,5.12119,0.176385,0.114008,0.109886,6.69902,-33.3474,26.8049,42747107
8.82263,-0.385466,4.94881,0.112567,0.091492,0.0512642,7.42324,-34.4408,27.5057,42809259
8.73883,-0.469263,5.07331,0.184779,0.0888273,0.0832396,7.42324,-34.4408,27.5057,42870292
9.01896,-0.493205,5.11162,0.0326287,0.0850968,0.0641876,5.61269,-32.6185,27.856,42927739
8.94234,-0.332794,4.90811,0.107505,0.0232776,0.034477,5.61269,-32.6185,27.856,42987138
8.8753,-0.557849,5.04937,0.0412887,0.0252761,0.0268829,4.88848,-32.6185,26.4545,43092643
8.78911,-0.306458,5.09007,0.0538125,0.0635134,0.0236853,4.88848,-32.6185,26.4545,43150846
8.7508,-0.438139,4.97036,0.115898,0.0467263,0.0184893,6.15586,-32.8008,26.9801,43210187
8.68137,-0.490811,5.17387,0.122693,-0.0182905,0.0174234,6.15586,-32.8008,26.9801,43268021
8.94713,-0.418985,5.3247,0.0250345,-0.0300149,0.00583233,5.06953,-32.4363,27.3305,43326881
9.06205,-0.158017,5.05416,0.0595414,-0.111286,-2.9847e-05,5.06953,-32.4363,27.3305,43387205
9.13866,-0.593762,5.2026,0.0843224,-0.170707,0.0388737,5.43164,-31.343,26.2793,43464680
9.31344,-0.529118,4.81234,-0.124851,-0.290215,0.0174234,5.43164,-31.343,26.2793,43522330
9.38527,-0.507571,4.92487,0.00331786,-0.320725,0.0551279,5.9748,-33.3474,25.4033,43582357
9.49301,-0.270545,4.66869,-0.185071,-0.423447,-0.0308062,5.9748,-33.3474,25.4033,43644386
9.42836,-0.43335,4.28562,-0.020797,-0.486199,-0.0382672,5.25058,-35.8986,24.3521,43703034
9.31344,-0.488417,4.20182,-0.119388,-0.537093,-0.0726408,5.25058,-35.8986,24.3521,43777200
9.60793,-0.390255,3.84509,-0.1479,-0.599845,-0.081967,6.88008,-36.0808,20.3226,43837172
9.88565,-0.301669,3.19626,-0.0856806,-0.572665,-0.106748,6.88008,-36.0808,20.3226,43894750
9.71088,-0.292093,2.84431,-0.0379838,-0.758523,-0.108613,7.42324,-38.0853,16.6435,43954047
9.742,-0.335188,2.90895,-0.106331,-0.761321,-0.064114,7.42324,-38.0853,16.6435,44012523
9.98382,-0.143652,2.00155,-0.145768,-0.836463,-0.0773039,5.79375,-40.8187,12.6141,44069953
9.80425,-0.21069,1.84114,-0.093408,-0.921331,-0.0599839,5.79375,-40.8187,12.6141,44145234
9.60314,0.11971,0.780509,-0.0561033,-0.914937,-0.0501248,5.06953,-41.9121,6.65742,44203103
9.51455,-0.28491,0.0143652,-0.0430466,-0.850586,-0.0513238,5.06953,-41.9121,6.65742,44260848
9.80186,-0.306458,-0.816422,-0.0201308,-0.747198,-0.0495919,5.43164,-43.3699,1.05117,44318922
9.48343,0.0,-1.1971,-0.0727572,-0.627024,-0.0366684,5.43164,-43.3699,1.05117,44377245
9.43555,0.237026,-1.4461,0.0506149,-0.586122,-0.0184157,5.43164,-44.8277,-4.20469,44435132
9.80904,0.0191536,-1.92494,-0.0283912,-0.498589,-0.0105551,3.62109,-45.1922,-7.3582,44543195
9.35654,0.047884,-2.28407,-0.0902105,-0.364292,-0.020281,3.62109,-45.1922,-7.3582,44600700
9.11233,0.23942,-2.20506,0.0410223,-0.209877,-0.011621,6.15586,-43.3699,-10.8621,44662170
9.73003,0.287304,-2.96642,0.0670024,-0.275427,-0.0442626,6.15586,-43.3699,-10.8621,44719780
9.4547,0.172382,-3.12683,0.147207,-0.211209,-0.00829019,3.07793,-42.0943,-11.3877,44780481
9.41879,0.23942,-3.1795,0.0971126,-0.181365,-0.0277419,3.07793,-42.0943,-11.3877,44854873
9.3709,0.136469,-3.02388,0.0407558,-0.028949,-0.0157511,4.16426,-41.7299,-13.8404,44913942
9.59117,0.361524,-3.39737,0.0543454,-0.0501328,-0.0170834,4.16426,-41.7299,-13.8404,44971560
9.46188,0.246603,-3.32076,0.0915169,-0.00856467,-0.00948925,2.17266,-42.641,-15.0668,45031124
9.44991,0.217872,-3.37343,0.0153087,0.0054246,-0.0053591,2.17266,-42.641,-15.0668,45092664
9.39006,0.174777,-3.10528,-0.00627479,0.0685762,0.0120942,3.44004,-41.3654,-13.1396,45150338
9.24162,0.189142,-2.98078,0.00744802,0.129196,0.0287481,3.44004,-41.3654,-13.1396,45222863
9.31823,0.323217,-3.1771,0.0542122,0.168233,0.0294142,3.25898,-42.2765,-14.0156,45280216
9.44512,0.378284,-3.28006,0.0522137,0.192215,0.0122274,3.25898,-42.2765,-14.0156,45337443
9.48104,0.311246,-3.24654,0.0519472,0.238179,-0.000962466,3.25898,-43.3699,-10.8621,45396622
9.43555,0.316035,-2.94726,0.03969,0.329443,-0.00935604,3.25898,-43.3699,-10.8621,45462038
9.52413,0.299275,-2.96402,0.0199718,0.355689,-0.0134862,3.07793,-42.8232,-11.3877,45531485
9.44033,0.289698,-2.63362,0.0243684,0.487855,0.0048997,3.07793,-42.8232,-11.3877,45592271
9.15542,0.430956,-2.04225,-0.0402487,0.643868,0.0383407,4.16426,-42.4588,-7.88379,45649531
9.39245,0.296881,-1.47962,-0.0343865,0.781763,0.0596577,4.16426,-42.4588,-7.88379,45708771
9.48104,0.323217,-1.48201,-0.0199976,0.94617,0.103224,4.88848,-43.1877,-2.27754,45767516
9.35893,0.366313,-0.684741,-0.0182656,0.986406,0.202482,4.88848,-43.1877,-2.27754,45829819
9.32541,0.26815,-0.189142,0.0511478,0.997598,0.226996,5.25058,-43.1877,2.97832,45934856
9.87608,-0.0383072,1.32639,0.342658,1.17506,0.23459,5.25058,-43.1877,2.97832,45995313
10.3621,-0.126893,1.96564,0.0937818,0.907933,0.126939,6.33691,-41.7299,10.3365,46060897
10.1251,-0.129287,2.24337,0.0879197,0.864233,0.10922,6.33691,-41.7299,10.3365,46119148
9.99339,-0.306458,2.70066,0.204097,0.630412,0.0819073,5.43164,-38.2676,16.4684,46180703
9.82341,-0.349553,3.3447,0.0768615,0.753917,0.05233,5.43164,-38.2676,16.4684,46238748
9.29668,-0.368707,3.48596,0.228345,0.663187,0.0605903,5.61269,-36.2631,19.0963,46308848
8.69334,-0.0981622,3.90015,0.186378,0.667317,-0.0161508,5.61269,-36.2631,19.0963,46370130
9.17218,-0.217872,5.08528,0.354249,0.709818,-0.00975572,5.61269,-36.2631,19.0963,46430734
9.01177,-0.0981622,4.35984,0.0443531,0.65013,-0.0847649,5.61269,-36.2631,19.0963,46491311
9.19373,-0.0023942,5.47075,0.242868,0.471068,-0.00522587,3.62109,-32.4363,26.9801,46552641
9.17697,-0.0670376,5.36301,0.241002,0.502644,0.0219533,3.62109,-32.4363,26.9801,46610148
9.07881,-0.0885854,5.50906,0.0809916,0.396858,0.027549,3.25898,-31.343,28.0312,46682083
9.2895,0.237026,5.93044,0.218353,0.235515,0.041938,2.17266,-28.4273,28.3816,46743810
9.06205,0.0143652,6.13394,0.0875199,0.130928,0.0407389,2.17266,-28.4273,28.3816,46801496
8.7125,0.196324,6.21774,0.0231693,-0.0108296,0.0520635,2.17266,-28.4273,28.3816,46859826
8.83699,0.308852,6.23211,-0.0341201,-0.0929,0.01316,1.81055,-29.5207,29.4328,46921673
9.10754,0.59855,5.83946,0.0130437,-0.278757,-0.0182825,1.81055,-29.5207,29.4328,46979703
8.95431,0.0311246,5.93044,-0.00574189,-0.447295,0.0179564,2.71582,-30.0674,28.9072,47050839
9.2464,-0.100556,5.4899,-0.173746,-0.579194,0.0374081,3.62109,-31.7074,26.9801,47112780
9.71088,-0.00957681,5.29118,-0.0888782,-0.718953,0.0696501,3.62109,-31.7074,26.9801,47171214
9.47864,-0.095768,4.73573,-0.239429,-0.865774,0.045402,3.62109,-31.7074,26.9801,47233842
9.44512,-0.299275,4.12042,-0.289657,-0.919599,0.0468675,4.34531,-34.623,23.1258,47291574
9.414,-0.174777,3.51229,-0.334423,-1.05563,-0.0260099,4.16426,-38.0853,16.9939,47400414
9.77552,0.167594,2.26731,-0.105132,-0.98475,-0.0948905,4.16426,-38.0853,16.9939,47457839
9.742,-0.11971,2.0662,0.227679,-1.05083,-0.0932917,5.06953,-40.0898,12.2637,47515785
9.38287,-0.282516,1.69988,-0.0976714,-1.00393,-0.142321,5.06953,-40.0898,12.2637,47574158
9.63427,-0.184353,0.3304,0.0853883,-1.08001,-0.0914264,6.15586,-42.2765,5.25586,47636093
9.81144,0.100556,-0.411803,-0.057702,-1.03365,-0.105282,6.15586,-42.2765,5.25586,47695055
9.56004,0.0790086,-0.993593,-0.0291905,-0.961567,-0.0982212,3.62109,-43.3699,-2.10234,47772507
9.47146,0.1652,-2.29604,-0.0317219,-0.844724,-0.0773039,3.62109,-43.3699,-2.10234,47830974
8.69095,0.864306,-2.16675,0.089252,-0.692973,-0.0378675,2.89687,-43.0055,-7.70859,47892059
9.08599,0.55306,-2.89938,0.19224,-0.382811,0.00556585,2.89687,-43.0055,-7.70859,47953395
9.38766,0.507571,-3.02627,0.117364,-0.314996,-0.000829235,3.44004,-42.4588,-11.3877,48011629
9.23204,0.179565,-3.14598,0.153869,-0.2236,0.0242182,3.44004,-42.4588,-11.3877,48069135
8.85615,0.325611,-3.45244,0.0951141,-0.156718,0.00463325,3.62109,-41.9121,-13.3148,48145854
9.29429,0.428562,-3.61764,0.0563439,-0.0955646,0.0311463,3.62109,-41.9121,-13.3148,48203745
9.27274,0.610521,-3.67989,0.114166,-0.0334789,0.036209,4.16426,-41.7299,-14.8916,48263047
9.18415,0.402226,-3.60567,0.114566,0.0423297,0.03501,4.16426,-41.7299,-14.8916,48320775
9.15303,0.347159,-3.65834,0.035693,0.135325,0.0569931,3.07793,-42.0943,-16.2932,48379677
9.23204,0.533907,-3.69665,0.0408891,0.240844,0.0713821,3.07793,-42.0943,-16.2932,48456417
9.50019,0.483629,-3.45483,0.0315629,0.370211,0.0623223,4.70742,-43.0055,-14.7164,48515606
9.2488,0.347159,-3.12683,0.0478171,0.488521,0.0699165,4.70742,-43.0055,-14.7164,48577970
9.35654,0.316035,-2.94487,0.0332949,0.574455,0.0663193,3.62109,-43.3699,-11.5629,48637010
9.18655,0.102951,-2.48518,0.000520021,0.739661,0.0918997,3.62109,-43.3699,-11.5629,48694651
9.11472,0.213084,-1.83635,-0.0299899,0.962691,0.104157,4.52637,-44.281,-7.18301,48760167
9.55526,0.280121,-1.5682,0.0159748,1.04876,0.121477,5.06953,-44.4633,-0.350391,48862358
9.71806,-0.280121,-0.299275,-0.0401155,1.10098,0.1785,5.06953,-44.4633,-0.350391,48924509
9.92875,0.186748,0.488417,-0.025993,1.01598,0.139596,5.61269,-42.4588,5.43105,48982371
9.83298,-0.160411,1.16358,0.149739,0.946836,0.137198,5.61269,-42.4588,5.43105,49043361
9.73243,-0.0263362,1.73101,0.0913837,0.91153,0.146125,6.69902,-40.2721,11.7381,49102875
9.36851,-0.45011,2.31998,0.344923,0.802946,0.146791,6.69902,-40.2721,11.7381,49161836
9.68454,-0.459687,3.18429,0.145609,0.960825,0.133601,6.15586,-38.9965,15.7676,49231501
9.52892,-0.213084,3.25372,0.238338,0.797484,0.0595245,6.15586,-38.9965,15.7676,49290185
9.65581,-0.474052,4.34308,0.538907,0.798417,0.0942978,5.9748,-36.2631,21.549,49351723
9.75876,-0.201113,4.48673,0.172122,0.69796,0.0252841,5.9748,-36.2631,21.549,49409256
9.42358,-0.328006,4.46519,0.172788,0.562064,-0.00029631,4.88848,-33.7119,22.9506,49471855
9.29908,-0.40462,4.97515,0.327736,0.472,0.0224862,4.88848,-33.7119,22.9506,49529824
9.05247,-0.229843,5.44441,0.198502,0.473865,-0.023745,4.16426,-32.2541,26.1041,49615075
9.07163,0.0861912,5.23372,0.0600743,0.338769,-0.0777037,4.16426,-32.2541,26.1041,49673848
8.9591,0.0814028,5.56891,0.202232,0.314254,-0.0553208,3.07793,-30.7963,27.856,49731299
9.01656,0.153229,5.66707,0.0423546,0.146783,-0.0523897,3.07793,-30.7963,27.856,49790565
8.76038,0.0574608,5.7389,-0.00347692,0.0391321,0.00596556,2.35371,-29.7029,28.9072,49852470
8.78672,0.292093,5.91607,-0.103134,-0.0256183,0.0227527,2.35371,-29.7029,28.9072,49925347
8.66222,0.208295,5.72932,-0.00867292,-0.0960976,0.0370084,2.35371,-30.4318,29.2576,49987830
8.94473,0.177171,5.91607,0.0186394,-0.218404,0.0395398,2.35371,-30.4318,29.2576,50045218
9.27514,0.37589,5.46117,-0.0441124,-0.363093,0.00356738,3.80215,-30.4318,28.2064,50102722
9.44991,-0.19393,5.29118,0.137482,-0.532696,0.0447358,3.80215,-30.4318,28.2064,50166413
9.59596,-0.282516,5.64313,-0.0249272,-0.665661,0.0908338,4.70742,-32.8008,25.2281,50224256
9.742,0.0335188,4.86023,-0.278066,-0.837262,0.0218201,3.25898,-34.623,21.3738,50333554
9.77073,-0.189142,3.76608,-0.163088,-1.1349,0.0212871,3.25898,-34.623,21.3738,50391028
9.56723,-0.201113,3.08852,-0.218379,-1.17354,-0.0146853,3.80215,-38.0853,15.5924,50448478
9.60793,-0.0167594,2.3535,-0.139106,-1.16594,-0.0643805,3.80215,-38.0853,15.5924,50507820
9.4547,-0.150835,1.6496,-0.0806178,-1.23083,-0.104883,5.43164,-42.2765,8.40937,50569498
9.36372,-0.318429,1.075,-0.115791,-1.10559,-0.0825,5.43164,-42.2765,8.40937,50627633
9.2464,0.146046,0.325611,-0.0783529,-1.02645,-0.0958231,6.33691,-42.8232,1.57676,50699092
9.88087,-0.215478,-1.02232,-0.172681,-1.08347,-0.0891615,6.33691,-42.8232,1.57676,50756739
9.37329,0.306458,-1.5706,-0.088212,-1.02379,-0.0777037,4.34531,-42.641,-7.00781,50817857
8.45153,0.339977,-1.87227,-0.176011,-0.694972,-0.0550543,4.34531,-42.641,-7.00781,50879479
9.18176,0.399832,-2.48279,-0.134843,-0.550549,0.0123607,5.06953,-42.641,-11.2125,50938480
9.36851,0.521936,-3.04303,-0.139506,-0.472209,-0.0438629,5.06953,-42.641,-11.2125,50999835
9.11951,0.493205,-3.46441,-0.103667,-0.348038,-0.00389355,2.71582,-42.8232,-14.5412,51069822
9.18176,0.656011,-3.47638,-0.0341201,-0.170307,0.0208874,2.71582,-42.8232,-14.5412,51130667
9.25837,0.749385,-3.5506,0.0257007,-0.0257515,0.0192887,3.9832,-41.9121,-15.4172,51195204
9.0836,0.574608,-3.67031,0.0538125,-0.0121619,0.0346103,3.9832,-41.9121,-15.4172,51252886
9.2895,0.588974,-3.72059,0.0646042,0.0459269,0.0462014,2.71582,-42.8232,-15.9428,51313330
9.414,0.725443,-3.88339,0.0829901,0.0375333,0.0422044,2.71582,-42.8232,-15.9428,51383826
9.39245,0.56982,-3.632,0.0917833,0.0904261,0.0712488,3.9832,-42.2765,-16.8187,51443298
9.29908,0.366313,-3.46441,0.100177,0.142519,0.0950972,3.9832,-42.2765,-16.8187,51502622
9.42836,0.387861,-3.44526,0.0259671,0.190749,0.0797756,4.16426,-40.2721,-15.242,51564416
9.33978,0.160411,-3.44286,-0.0652962,0.227255,0.0763116,4.16426,-40.2721,-15.242,51622070
9.5361,0.184353,-3.23457,-0.181607,0.298,0.0551279,5.43164,-44.0988,-13.6652,51681279
9.69173,0.0430956,-3.18908,-0.337088,0.309192,0.0430038,5.43164,-44.0988,-13.6652,51789814
9.64863,0.237026,-2.8467,-0.47365,0.331574,0.0536623,3.44004,-42.8232,-12.4389,51851427
9.6606,-0.0143652,-2.55222,-0.566911,0.318251,0.066186,3.44004,-42.8232,-12.4389,51910248
9.72285,-0.184353,-2.36547,-0.652979,0.324113,0.084039,3.44004,-44.281,-8.58457,51967913
9.27753,-0.301669,-1.86029,-0.601685,0.32398,0.128139,3.44004,-44.281,-8.58457,52030326
9.72764,-0.483629,-1.88184,-0.454331,0.33717,0.186094,5.06953,-42.641,-5.60625,52088299
10.3836,-0.100556,-2.16675,-0.42542,0.0636466,0.207811,4.34531,-44.0988,-3.50391,52161789
10.1801,0.189142,-1.84593,-0.435945,0.02008,0.219402,4.34531,-44.0988,-3.50391,52226472
9.65102,0.248997,-0.998382,-0.372394,0.127331,0.214206,3.9832,-45.5566,-3.8543,52284258
10.4315,0.588974,-1.51313,-0.258481,0.207403,0.243783,3.9832,-45.5566,-3.8543,52341945
10.4842,0.0263362,-1.07021,-0.518548,0.0595165,0.258572,3.9832,-45.5566,-3.8543,52404424
10.4076,0.981623,-1.2402,-0.54293,-0.152721,0.181031,7.9664,-45.9211,-2.10234,52462216
9.68215,1.13246,-0.842759,-0.439143,-0.0434712,0.153452,7.24219,-45.1922,-2.10234,52537480
10.0461,2.20027,-1.54426,-0.409033,-0.0208219,0.0163576,7.24219,-45.1922,-2.10234,52599537
9.76834,1.28808,-1.66397,-0.161089,-0.0201558,0.0238185,8.14746,-46.1033,-2.97832,52657205
10.1155,0.984017,-1.88424,-0.252353,-0.207879,-0.0915596,8.14746,-46.1033,-2.97832,52714970
9.38527,0.914585,-1.18034,-0.0743559,0.0673771,-0.0234785,8.14746,-46.1033,-2.97832,52773469
10.0796,1.4054,-2.34871,-0.143636,-0.0591925,-0.0635811,8.14746,-46.1033,-4.37988,52847300
10.4746,0.253785,-1.52989,0.176652,-0.230528,0.0391401,6.88008,-43.3699,-7.00781,52905589
9.73003,0.950498,-0.620098,0.173587,0.352492,-0.0414647,6.88008,-43.3699,-7.00781,52964125
11.497,2.88741,-2.19309,0.201033,0.160239,0.0412718,9.41484,-45.5566,-5.95664,53022564
9.65342,-0.418985,-0.672771,-0.699743,-0.363226,-0.105949,9.41484,-45.5566,-5.95664,53080202
9.41639,0.55306,-2.96881,0.313746,0.11161,0.106022,9.41484,-45.5566,-5.95664,53145061
9.94312,0.318429,-2.16915,0.194371,-0.258506,0.0326118,7.9664,-43.3699,-7.70859,53247514
9.76116,0.567425,-3.07415,0.505999,-0.21947,-0.0338705,9.23379,-44.6455,-8.58457,53306833
9.74919,-0.514753,-2.99036,0.71384,-0.034678,0.00649849,9.23379,-44.6455,-8.58457,53367255
9.42118,0.227449,-2.7246,0.137348,-0.465148,-0.0844984,8.32851,-44.4633,-9.11015,53430603
