9.43555,-0.605733,-3.54581,0.126823,0.0256757,-0.00469294,27.1582,-41.5476,-19.2715,2556081
9.40921,-0.560243,-3.39737,0.103907,0.0387324,-0.0174831,26.7961,-38.9965,-18.9211,2614461
9.43555,-0.526724,-3.51469,0.124425,0.0343358,-0.0164173,26.7961,-38.9965,-18.9211,2674516
9.35654,-0.430956,-3.52426,0.120162,0.0475257,-0.0240115,26.7961,-38.9965,-18.9211,2735989
9.34217,-0.371101,-3.57215,0.118563,0.0495241,-0.0200145,26.7961,-38.9965,-18.9211,2796875
9.47625,-0.395043,-3.64876,0.0530131,0.041397,-0.0102887,27.5203,-39.7254,-18.5707,2944162
9.27514,-0.392649,-3.5099,0.010912,0.0635134,0.0294142,26.434,-39.7254,-18.2203,3002020
9.50258,-0.407014,-3.56018,0.0103791,0.0814996,0.0391401,26.434,-39.7254,-18.2203,3067489
9.34935,-0.486023,-3.45962,0.0185062,0.0657783,0.0584586,26.2529,-39.9076,-17.6947,3125189
9.50737,-0.457292,-3.54581,-0.0867464,0.0536543,0.0515306,26.2529,-39.9076,-17.6947,3183087
9.42836,-0.409408,-3.45962,-0.0374509,0.0312715,0.0543285,26.7961,-39.7254,-17.8699,3241389
9.42358,-0.287304,-3.51708,-0.024794,0.0316712,0.0479334,27.5203,-40.0898,-18.5707,3393140
9.33499,-0.320823,-3.4285,0.0315629,0.0351352,0.0495321,27.5203,-40.0898,-18.5707,3454980
9.39006,-0.299275,-3.41413,0.0412887,0.043662,0.0527297,26.7961,-40.8187,-18.2203,3512762
9.40442,-0.320823,-3.41413,0.0789931,0.031005,0.054062,26.7961,-40.8187,-18.2203,3573127
9.43076,-0.466869,-3.42371,0.0367589,0.0495241,0.0571263,27.7014,-39.5432,-19.4467,3631675
9.34935,-0.402226,-3.29681,0.0976455,0.0647125,0.0448691,27.7014,-39.5432,-19.4467,3690464
9.47625,-0.579397,-3.2202,0.0366257,0.0599162,0.0236853,27.8824,-39.7254,-18.5707,3839889
9.44273,-0.636858,-2.91374,0.00238523,0.0628473,0.00969602,27.8824,-39.7254,-18.5707,3897540
9.57201,-0.648829,-3.32315,0.0233025,0.0423297,0.0230191,27.8824,-39.7254,-18.5707,3957640
9.4978,-0.610521,-3.15077,0.0387573,0.00689015,0.0179564,25.8908,-39.9076,-18.7459,4015867
9.53371,-0.603339,-3.47638,0.0191723,-0.00976375,0.0222198,25.8908,-39.9076,-18.7459,4073347
9.35414,-0.438139,-3.21541,-0.0145352,-0.013361,0.0194219,27.1582,-38.632,-18.2203,4182535
9.30865,-0.26815,-3.4261,0.0775276,-0.030681,0.0300804,26.9771,-38.0853,-18.0451,4242736
9.37569,-0.3304,-3.47159,0.0975123,-0.0176244,0.0247511,26.9771,-38.0853,-18.0451,4302319
9.31823,-0.442927,-3.78044,0.136949,0.00782277,0.0440697,28.6066,-40.4543,-18.9211,4363418
9.32541,-0.454898,-3.77805,0.111635,-0.00323542,0.0577925,28.6066,-40.4543,-18.9211,4426231
9.21528,-0.47884,-3.68946,0.103641,0.0539208,0.0681845,27.1582,-38.632,-18.9211,4484249
9.27274,-0.368707,-3.53863,0.129754,0.0248764,0.0699165,27.1582,-38.632,-18.9211,4574473
9.34696,-0.158017,-3.77565,0.132552,0.0296727,0.0528629,26.2529,-39.9076,-19.0963,4632991
9.20091,-0.0742202,-3.61764,0.158932,0.0328702,0.0226195,26.2529,-39.9076,-19.0963,4690747
9.28471,-0.196324,-3.86903,0.244733,0.0228779,0.00450002,27.5203,-39.7254,-18.5707,4753192
9.23204,-0.189142,-3.881,0.307884,-0.00123695,-0.00762403,27.5203,-39.7254,-18.5707,4810800
9.34457,-0.418985,-3.82833,0.331333,0.0432623,-0.0216133,28.7877,-38.4498,-17.3443,4886216
9.18655,-0.818817,-3.54102,0.360777,0.088028,-0.0619823,28.7877,-38.4498,-17.3443,4949419
9.39006,-0.893037,-3.32315,0.269247,0.236847,-0.132195,28.7877,-38.4498,-17.3443,5006901
9.47625,-0.969651,-3.28724,0.44418,0.198343,-0.203607,28.7877,-38.4498,-17.3443,5064520
9.67018,-1.24977,-3.12443,0.461233,0.183821,-0.219994,26.7961,-38.9965,-16.118,5124477
9.74679,-1.04866,-3.30879,0.568618,0.0981535,-0.192149,26.7961,-38.9965,-16.118,5186210
9.1674,-1.33596,-3.06937,0.605656,0.0363342,-0.154178,27.1582,-39.7254,-14.366,5266733
9.54807,-1.36709,-3.34949,0.629105,0.0553863,-0.173097,26.434,-41.1832,-15.4172,5329281
9.50498,-1.58496,-3.02148,0.514526,0.136391,-0.175495,26.434,-41.1832,-15.4172,5386867
9.38527,-1.43652,-3.1795,0.408474,0.131195,-0.142854,27.1582,-39.7254,-13.6652,5447473
9.50019,-1.23541,-2.94247,0.363841,0.0812332,-0.177361,27.1582,-39.7254,-13.6652,5505837
9.67257,-1.26174,-2.93529,0.411938,-0.00803174,-0.207204,23.7182,-41.001,-12.0885,5567964
9.82101,-1.08936,-3.0119,0.451241,-0.209877,-0.2124,23.7182,-41.001,-12.0885,5676505
9.55526,-0.586579,-3.21302,0.242201,-0.131137,-0.338437,22.9939,-41.7299,-12.4389,5735352
8.55209,-0.507571,-2.63601,0.185045,0.0314047,-0.272488,22.9939,-41.7299,-12.4389,5792918
9.30626,-0.162806,-2.96642,0.129355,0.0359345,-0.233051,21.1834,-41.3654,-14.1908,5851773
8.98065,0.632069,-2.96163,-0.115791,0.0637799,-0.274086,21.1834,-41.3654,-14.1908,5910437
9.21289,1.33118,-2.91135,-0.109529,0.156242,-0.29607,18.4676,-41.1832,-13.3148,5967850
9.80425,1.39103,-3.15795,-0.0318551,0.205005,-0.22106,18.4676,-41.1832,-13.3148,6043313
9.7013,0.952892,-3.31597,-0.255017,0.119737,-0.03467,17.5623,-42.8232,-13.1396,6100887
9.15303,1.23301,-2.79643,-0.15656,0.018881,0.105489,17.5623,-42.8232,-13.1396,6160886
9.36132,1.52271,-3.00233,-0.189068,-0.0405402,0.169174,17.2002,-42.8232,-12.7893,6222052
9.18655,1.63045,-3.15077,-0.271938,-0.0699843,0.238454,17.2002,-42.8232,-12.7893,6279464
9.59117,1.83875,-2.77488,-0.204523,-0.135134,0.265234,17.3812,-43.3699,-12.6141,6339811
10.0293,1.35512,-2.79882,0.0478171,-0.0923671,0.289881,17.3812,-43.3699,-12.6141,6416111
9.23204,0.102951,-2.88022,0.0137099,-0.00403481,0.289881,19.735,-42.0943,-13.1396,6473646
9.75637,-0.011971,-3.05979,0.166526,-0.054263,0.286684,19.735,-42.0943,-13.1396,6533617
9.52892,-0.421379,-3.29681,0.00891355,-0.0777116,0.258972,21.9076,-42.4588,-14.5412,6591536
9.42836,-0.474052,-3.37822,-0.0696928,-0.0328128,0.253109,21.9076,-42.4588,-14.5412,6650732
9.52892,-0.409408,-3.23935,-0.00720742,0.0186145,0.23499,22.0887,-42.641,-15.7676,6724572
9.47385,-0.342371,-3.16035,-0.0867464,0.0160831,0.153719,22.0887,-42.641,-15.7676,6784597
9.42118,-0.332794,-3.11486,0.0153087,0.0799009,0.123076,23.7182,-41.7299,-13.8404,6845802
9.52652,-0.457292,-3.19626,0.0268998,0.0676436,0.0946975,23.7182,-41.7299,-13.8404,6904383
9.33738,-0.339977,-2.8898,0.137881,0.174095,0.100826,23.5371,-41.5476,-15.4172,6964762
9.71088,-0.43335,-3.11725,0.181315,0.161572,0.0704494,23.5371,-41.5476,-15.4172,7026175
9.60075,-0.586579,-2.88501,0.207428,0.127198,0.0279487,24.8045,-41.3654,-13.1396,7132615
9.62708,-0.706289,-3.05979,0.202099,0.0408641,0.0366087,24.6234,-41.1832,-12.9645,7194253
9.67496,-0.703895,-3.10288,0.160131,-0.0138939,0.0376746,24.6234,-41.1832,-12.9645,7252056
9.4547,-0.816422,-3.11246,0.0896516,-0.0102967,0.0414051,24.8045,-40.2721,-13.1396,7317361
9.45949,-0.708683,-3.10528,0.0126441,-0.029482,0.020621,24.8045,-40.2721,-13.1396,7375615
9.61511,-0.646434,-3.33512,0.0383577,-0.0481343,0.0186225,23.5371,-41.9121,-14.366,7433232
9.57201,-0.361524,-3.07176,0.129621,-0.0380088,-0.0074908,23.5371,-41.9121,-14.366,7505626
9.52652,-0.411803,-3.24654,0.132685,-0.0454697,-0.0360023,25.8908,-41.3654,-13.8404,7563315
9.40921,-0.414197,-3.15316,0.136549,-0.0333457,-0.0445291,25.8908,-41.3654,-13.8404,7620675
9.42597,-0.641646,-3.48835,0.138148,-0.0218878,-0.0394663,23.7182,-41.3654,-16.2932,7682687
9.4523,-0.696712,-3.38301,0.0949809,-0.00150342,-0.00389355,23.7182,-41.3654,-16.2932,7744529
9.24401,-0.6608,-3.3423,0.0444863,0.0180816,0.018889,26.2529,-43.1877,-14.5412,7814228
9.38766,-0.6608,-3.23217,-0.0213299,0.0194139,0.0440697,26.2529,-43.1877,-14.5412,7876933
9.39245,-0.55306,-3.4668,-0.0045428,0.0234108,0.0525965,22.9939,-42.0943,-15.242,7934685
9.43555,-0.476446,-3.43089,0.0471509,0.0492577,0.0608568,22.9939,-42.0943,-15.242,7998085
9.38048,-0.397437,-3.33512,0.00251848,0.0493909,0.0485995,24.6234,-43.0055,-15.0668,8059699
9.47385,-0.536301,-3.25851,0.0215705,0.0472592,0.0478001,24.6234,-43.0055,-15.0668,8117536
9.4116,-0.541089,-3.29921,0.0158416,0.0515226,0.0412718,25.1666,-41.001,-14.8916,8189363
9.45709,-0.514753,-3.43089,0.0330284,0.0476589,0.0423377,25.1666,-41.001,-14.8916,8250583
9.42118,-0.627281,-3.33033,0.0550115,0.0405976,0.0427374,24.4424,-42.8232,-15.5924,8308526
9.50498,-0.526724,-3.34709,0.0348937,0.0480586,0.0182228,24.4424,-42.8232,-15.5924,8373994
9.44991,-0.464475,-3.25851,0.0488829,0.0395318,0.0231524,24.8045,-40.6365,-15.9428,8431954
9.46906,-0.536301,-3.27766,0.0694005,0.0158166,0.0280819,24.8045,-40.6365,-15.9428,8489923
9.49301,-0.474052,-3.38301,0.0879197,0.119604,0.00156891,24.0803,-42.4588,-14.1908,8595596
9.39006,-0.493205,-3.08134,0.0484832,0.229519,-0.0534556,24.8045,-41.001,-13.8404,8656435
9.36612,-0.488417,-2.87543,0.0207711,0.265359,-0.0779701,24.8045,-41.001,-13.8404,8715953
9.52892,-0.344765,-2.86825,0.0598079,0.478395,-0.0870298,24.4424,-41.3654,-12.0885,8774419
9.29429,-0.306458,-2.74375,0.0129105,0.621885,-0.139123,24.4424,-41.3654,-12.0885,8832018
9.32302,-0.596156,-2.50912,0.123226,0.869296,-0.153246,24.4424,-41.3654,-12.0885,8906822
8.75799,-0.0909796,-1.70467,-0.0345198,0.796418,-0.188152,22.6318,-41.7299,-6.83261,8968578
8.30069,-0.0646434,-0.725443,0.0562106,1.32148,-0.275552,21.9076,-42.8232,-3.6791,9028523
8.03015,0.0550666,-0.244209,-0.257282,1.63484,-0.437295,21.9076,-42.8232,-3.6791,9086834
9.19852,0.782904,0.579397,-0.360936,1.39862,-0.401322,20.0971,-41.001,5.43105,9144459
9.4954,1.10133,1.7334,-0.397575,1.67081,-0.520031,20.0971,-41.001,5.43105,9203502
8.84896,1.03908,1.25935,-0.0554371,1.66668,-0.624218,14.6654,-39.9076,16.2932,9276948
8.95192,1.0319,2.46603,-0.128714,1.30763,-0.574922,14.6654,-39.9076,16.2932,9336272
8.56166,1.24738,2.97839,-0.176011,0.736064,-0.314988,13.9412,-35.1697,24.3521,9397007
8.28633,1.40779,4.13478,0.345056,0.295069,-0.10808,13.9412,-35.1697,24.3521,9454411
7.91762,1.69031,4.07254,0.0119779,0.572856,-0.112743,11.0443,-32.983,25.7537,9514348
7.29274,1.45567,4.05099,0.395817,0.420839,-0.106348,11.0443,-32.983,25.7537,9572763
8.68377,2.23139,4.67109,0.132419,0.225523,-0.205606,11.0443,-32.983,25.7537,9645523
8.36294,1.85072,4.54419,0.351051,0.201141,-0.186687,8.87168,-31.5252,27.5057,9707670
9.84974,3.29681,5.48751,0.11763,-0.115283,-0.182823,6.88008,-30.2496,29.4328,9765119
8.71729,2.05901,5.13317,0.442981,0.157575,0.0561937,6.88008,-30.2496,29.4328,9822588
8.93037,2.95205,4.39815,-0.532005,-0.0726489,0.0581922,8.32851,-32.0719,27.3305,9881127
11.6957,3.14119,7.14908,-0.239563,-0.373352,0.172505,8.32851,-32.0719,27.3305,9942464
13.1082,3.58173,7.07965,-0.592625,-0.193623,-0.206139,7.9664,-33.1652,27.3305,10053171
13.7475,4.06535,7.16584,-0.380654,-0.069851,-0.0674448,7.9664,-33.1652,27.3305,10115083
12.1601,2.78446,6.62236,-0.0988705,-0.259439,0.182763,9.23379,-32.983,27.5057,10172598
11.3748,2.75572,5.67904,0.165194,-0.511779,0.220068,9.23379,-32.983,27.5057,10237878
11.3246,2.41096,4.46758,-0.108197,-0.810217,0.185028,10.3201,-35.1697,26.1041,10296490
9.81383,1.48919,2.61447,-0.154295,-1.3045,0.513843,10.3201,-35.1697,26.1041,10356664
9.50977,0.933739,2.16196,0.625907,-1.19472,0.807618,12.8549,-35.8986,19.0963,10429973
8.15465,1.41737,1.05824,0.423263,-1.18779,0.647074,12.8549,-35.8986,19.0963,10487718
6.61039,1.37906,-0.083797,0.417933,-1.14756,0.606838,16.1139,-39.5432,10.6869,10550228
6.73249,1.16598,0.701501,0.916084,-0.926528,0.476272,16.1139,-39.5432,10.6869,10611293
6.28238,-1.51792,-0.940921,0.355181,-0.646742,0.57433,19.5539,-42.2765,3.15351,10669313
6.55053,0.71826,2.09493,-0.828444,0.266957,0.0672519,19.5539,-42.2765,3.15351,10731569
7.32626,-0.505176,-0.787692,-0.0124035,-0.470877,-0.00136216,23.356,-40.6365,1.92715,10801512
10.1083,0.201113,-0.0454898,-0.000412643,-0.446895,0.0352764,23.356,-40.6365,1.92715,10861811
9.67257,-0.011971,-0.423774,0.111901,-0.246116,0.0204878,22.2697,-42.0943,-2.27754,10926131
9.19134,-0.469263,-0.663194,0.230877,-0.268366,0.11335,22.2697,-42.0943,-2.27754,10983735
9.28711,-0.0263362,-0.150835,0.0548783,0.0207462,0.0116945,22.4508,-42.2765,-2.80312,11043776
9.02135,-0.447716,-1.41258,0.0247681,0.00835569,-0.041065,22.4508,-42.2765,-2.80312,11102411
8.6287,0.608127,-0.0550666,-0.766359,0.584181,-0.277284,21.7266,-41.5476,-4.20469,11171939
7.70214,-0.11971,-0.203507,0.297359,1.23248,-0.184955,21.7266,-41.5476,-4.20469,11233266
8.34618,-0.368707,0.775721,-0.313905,1.43126,-0.311791,21.3644,-41.9121,0.350391,11291956
8.28633,0.802057,1.18752,-0.438077,1.58688,-0.405719,21.3644,-41.9121,0.350391,11349787
9.08599,1.67355,1.04148,-0.12605,1.97445,-0.792089,18.2865,-41.7299,9.63574,11412401
9.38527,0.921767,0.744596,-0.335089,1.78286,-0.746391,18.2865,-41.7299,9.63574,11519341
8.2169,1.27132,3.33991,0.324938,0.456812,-0.41691,14.4844,-36.0808,21.3738,11580738
8.0517,1.89142,4.38857,0.227279,0.408316,-0.248773,9.23379,-34.4408,23.6514,11638582
8.48744,2.41814,4.61841,0.0623393,0.48146,-0.353892,9.23379,-34.4408,23.6514,11697847
8.73644,1.76931,3.89536,0.14361,0.299333,-0.311791,6.33691,-32.6185,26.4545,11756666
9.11472,2.6839,4.22098,0.0905843,-0.127807,-0.266625,6.33691,-32.6185,26.4545,11816737
8.69574,2.76051,4.98233,0.187044,0.136791,-0.0539885,5.79375,-32.4363,28.0312,11893303
9.0405,3.11964,4.7501,0.323606,-0.00510066,-0.030673,5.79375,-32.4363,28.0312,11951501
10.1538,2.87065,4.77164,0.660547,-0.415586,0.340775,4.34531,-31.7074,25.2281,12012119
9.41879,3.62003,4.43645,-0.0521063,-0.151255,-0.297535,4.34531,-31.7074,25.2281,12070383
11.7747,4.97515,6.84981,-0.00467601,-0.316728,0.045402,1.9916,-34.8053,25.0529,12128577
14.8321,5.72453,6.68461,-0.725324,-0.144993,0.0299472,1.9916,-34.8053,25.0529,12190042
14.5376,5.48272,7.07008,-0.0770206,-0.1362,0.179166,3.62109,-33.8941,23.1258,12264209
13.1849,3.97916,6.11239,-0.239429,0.0142179,0.295743,3.62109,-33.8941,23.1258,12323490
11.7172,3.03106,5.72932,0.104041,-0.233192,0.381278,7.9664,-34.2586,24.1769,12386461
10.7356,2.30562,3.87621,0.227279,-0.189226,0.533694,7.9664,-34.2586,24.1769,12444088
10.1466,1.77171,2.52828,0.466563,-0.816612,0.772977,10.6822,-36.992,21.1986,12505680
7.99903,1.81241,2.19309,-0.0108046,-1.13383,0.276958,10.6822,-36.992,21.1986,12568112
6.7732,1.4461,1.34075,-0.115524,-1.19445,0.275359,13.398,-39.3609,15.4172,12637684
6.02142,-0.0383072,0.909797,-0.0975381,-0.998738,0.825071,13.398,-39.3609,15.4172,12698144
7.11317,1.82678,-0.761356,0.970709,-0.741602,0.937784,17.2002,-39.9076,8.23418,12759250
6.44758,1.39103,1.22104,-0.0174662,-0.309534,0.493725,17.2002,-39.9076,8.23418,12817001
6.24887,-0.715866,-0.143652,1.05838,-0.356698,0.958035,22.2697,-41.001,4.73027,12880038
10.0628,0.0574608,-0.962469,-0.745308,-1.10612,-0.214266,22.2697,-41.001,4.73027,12938616
9.14824,0.0143652,0.634463,0.885575,-0.764385,-0.00256124,23.175,-42.2765,0.350391,13043164
9.78031,-0.253785,-0.0526724,0.17905,-0.0818418,0.116547,24.0803,-42.4588,-3.6791,13104676
9.42597,0.306458,-0.445321,0.126024,-0.0678526,0.0434035,24.0803,-42.4588,-3.6791,13162890
10.1586,-0.0143652,-1.0726,0.0811249,-0.168575,0.0172902,23.5371,-42.641,-4.90547,13225530
9.37569,-0.316035,-0.866701,0.0813913,0.00888862,0.0187557,23.5371,-42.641,-4.90547,13283372
9.63666,-0.521936,-1.02232,0.014376,0.271221,-0.0194816,23.5371,-41.9121,-5.95664,13341172
9.0429,-0.328006,-0.825999,-0.229837,0.726338,-0.140988,23.5371,-41.9121,-5.95664,13417673
8.93995,0.0790086,-0.79248,-0.184538,0.573256,-0.21693,24.4424,-42.0943,-1.57676,13478442
8.31746,0.071826,0.253785,-0.152696,1.05888,-0.245442,24.4424,-42.0943,-1.57676,13535979
8.05409,0.258574,0.577003,-0.309109,1.44659,-0.337638,21.3644,-41.1832,4.90547,13594290
8.11395,0.55306,1.3192,-0.0722242,1.70372,-0.26929,21.3644,-41.1832,4.90547,13652948
9.12191,1.00556,1.30484,0.000120312,1.61086,-0.399457,20.4592,-39.9076,13.8404,13722559
8.69334,1.01035,2.20266,0.163462,2.00962,-0.630746,20.4592,-39.9076,13.8404,13787920
7.97029,1.24738,2.58813,0.970043,1.40902,-0.359221,13.5791,-33.3474,25.7537,13845308
7.29034,0.993593,3.66792,0.66934,1.11164,-0.233584,13.5791,-33.3474,25.7537,13902693
7.61356,1.90818,4.69263,0.558892,0.619487,-0.259031,8.50957,-29.7029,31.36,13961913
8.35576,1.8172,5.90649,0.542904,0.306927,-0.267558,8.50957,-29.7029,31.36,14023303
9.00219,2.0638,4.63996,0.379563,0.141587,-0.256367,5.06953,-28.0629,32.2359,14092860
8.49463,2.75572,6.08366,0.177451,0.0179483,-0.092892,5.06953,-28.0629,32.2359,14156259
8.19535,3.11486,5.61919,-0.114858,0.0128855,0.0643208,3.9832,-29.1562,32.5863,14213709
8.56645,3.15316,5.70778,-0.0747556,0.00888862,0.214472,3.9832,-29.1562,32.5863,14272403
8.58081,2.45166,6.50504,0.217554,-0.130071,0.321057,3.9832,-26.9695,31.8855,14332048
9.33738,3.00233,5.82509,-0.162288,-0.234392,0.102825,3.9832,-26.9695,31.8855,14390221
10.9966,2.69108,8.02536,0.20956,-0.10649,0.201016,4.34531,-29.1562,31.1848,14499500
15.6653,5.10204,8.68616,-0.627132,-0.304604,-0.125667,7.24219,-29.1562,30.8344,14561417
13.2854,3.5506,8.93516,-0.298717,-0.113817,0.223132,7.24219,-29.1562,30.8344,14620058
11.2168,3.18668,8.31027,-0.306578,-0.481136,0.212874,7.24219,-29.1562,30.8344,14677497
10.6063,2.51152,6.52659,-0.209719,-0.589852,0.420181,9.23379,-30.4318,28.5568,14736781
9.44033,0.725443,3.18668,0.409939,-0.885492,0.81721,9.23379,-30.4318,28.5568,14798250
9.05965,1.3192,2.65038,0.296027,-1.30717,0.772844,13.9412,-34.4408,26.4545,14868022
6.59842,1.42216,1.94409,-0.781414,-1.39963,0.347703,13.9412,-34.4408,26.4545,14929937
6.01663,0.560243,0.847547,0.337728,-1.53633,0.517307,13.9412,-34.4408,26.4545,14987498
6.84981,0.0742202,-1.05584,0.219552,-1.37259,0.396733,13.9412,-34.4408,26.4545,15044748
5.37977,0.114922,1.78847,-0.26874,-0.716555,0.409923,19.1918,-40.8187,8.05898,15111759
5.02543,0.981623,-0.682347,-0.290324,-1.11265,0.0861707,19.1918,-40.8187,8.05898,15170326
9.59117,0.435745,0.804451,0.393286,-0.599045,0.0308798,22.2697,-43.1877,1.57676,15241040
9.48582,-0.191536,-0.244209,0.240869,-0.252511,0.0110283,23.7182,-42.0943,-1.22637,15302133
9.5361,-0.79248,-0.363919,0.0667359,-0.270364,0.0497986,23.7182,-42.0943,-1.22637,15359852
9.6606,-0.509965,-0.591368,-0.0975381,-0.0674529,0.0316792,23.7182,-42.0943,-1.22637,15420187
9.83777,-0.0885854,-0.28491,-0.109129,-0.154719,0.00130247,21.7266,-42.2765,-1.75195,15485368
9.34457,-0.0263362,-0.107739,-0.135776,0.344231,-0.117273,21.7266,-42.2765,-1.75195,15543026
9.18655,-0.205901,-0.541089,-0.125383,0.529556,-0.175096,22.8129,-43.0055,-1.40156,15615188
9.18894,0.459687,-0.332794,-0.490703,0.574188,-0.346164,21.9076,-41.3654,0.175195,15676913
7.81467,0.711078,0.816422,-0.109396,1.15188,-0.285278,21.9076,-41.3654,0.175195,15734736
7.77876,1.22823,1.12767,-0.149232,1.66349,-0.320717,21.9076,-41.3654,0.175195,15795329
8.02297,1.15401,2.05901,-0.173746,2.17656,-0.3435,21.9076,-41.3654,0.175195,15854813
8.30788,1.40061,2.71024,0.34852,2.72188,-0.615292,21.9076,-41.3654,0.175195,15959572
7.83143,1.28569,3.19865,0.785118,1.29297,-0.165636,15.9328,-36.0808,21.3738,16020407
7.36696,1.6496,4.30238,0.30975,0.707819,-0.370146,11.2254,-29.1562,30.8344,16082132
6.90727,1.12288,5.38216,0.672405,0.288408,-0.239047,11.2254,-29.1562,30.8344,16140022
7.4723,1.63045,6.08845,0.295094,0.489054,-0.167102,7.9664,-27.334,32.9367,16202838
7.29753,2.54504,5.30555,-0.404636,0.607496,-0.297801,7.9664,-27.334,32.9367,16260947
8.81784,3.20584,6.91685,0.357047,0.219394,0.0178231,5.9748,-23.5072,35.5646,16332525
7.72848,2.0638,6.59842,0.503867,0.285476,0.520504,5.9748,-23.5072,35.5646,16399048
8.33182,4.42688,6.8929,-0.167085,0.250437,0.0527297,6.51797,-23.6894,36.0902,16456781
10.8769,2.31998,9.82819,0.121361,-0.309134,0.271362,6.51797,-23.6894,36.0902,16514206
13.0436,4.66151,11.9135,-0.209852,-0.276093,0.0052994,5.9748,-24.965,37.667,16573445
14.4466,5.03022,12.8114,-0.864683,0.113342,-0.224924,5.9748,-24.965,37.667,16632004
11.8106,3.48117,10.8673,-0.966739,-0.0751803,-0.216264,9.41484,-23.325,35.7398,16701968
9.9072,2.64799,9.49301,-0.522146,-0.588919,0.0346103,9.41484,-23.325,35.7398,16764718
9.24401,1.19949,7.92959,0.458835,-0.466747,0.838794,11.5875,-25.5117,35.3894,16822405
9.38048,1.82199,5.13795,0.732625,-1.03165,0.958702,11.5875,-25.5117,35.3894,16881479
8.71729,0.0191536,3.59848,0.0580759,-1.25934,0.866106,13.9412,-28.6096,32.7615,16939578
6.8522,1.64003,3.12922,-0.0731569,-1.38977,0.278823,13.9412,-28.6096,32.7615,16998831
5.85143,1.02472,3.46441,-0.0229287,-1.31623,0.149722,16.8381,-36.2631,24.0018,17071233
5.34625,0.347159,0.912191,0.50893,-1.07521,0.291746,16.8381,-36.2631,24.0018,17130711
5.63834,0.0071826,2.0662,-0.386783,-0.748264,0.295344,17.9244,-36.992,16.9939,17190041
5.84903,0.414197,0.778115,0.0352933,-1.02618,0.219269,17.9244,-36.992,16.9939,17251872
8.62152,-0.100556,2.61447,0.349319,-1.19805,0.11295,19.3728,-39.9076,12.0885,17309515
9.48343,-0.213084,1.70467,0.311881,-0.350169,0.0677848,19.3728,-39.9076,12.0885,17371045
9.09796,-0.241814,0.584185,0.15307,-0.378281,0.125207,22.0887,-41.9121,7.70859,17479390
9.79467,-0.102951,0.852335,-0.0995367,-0.227464,0.0438032,22.2697,-41.3654,4.37988,17542614
9.48822,-0.227449,0.421379,-0.208653,0.147982,-0.081967,22.2697,-41.3654,4.37988,17600350
9.27035,-0.0502782,0.189142,-0.380121,0.492118,-0.168434,21.5455,-40.6365,4.02949,17660322
8.51857,-0.0335188,0.0790086,-0.249422,0.474532,-0.237181,21.5455,-40.6365,4.02949,17725466
8.59997,1.20907,1.37188,-0.422755,1.09832,-0.337904,20.6402,-40.8187,6.65742,17782974
8.63828,0.957681,1.32639,-0.0627648,1.62845,-0.214399,20.6402,-40.8187,6.65742,17853237
8.6311,0.818817,2.82276,-0.292056,1.83682,-0.232252,19.1918,-38.632,14.7164,17914253
8.25042,1.39103,3.21062,0.0372918,1.97098,-0.6045,19.1918,-38.632,14.7164,17971731
7.99184,1.47483,2.85628,0.245665,2.04786,-0.733334,14.6654,-31.5252,26.8049,18032013
7.37893,1.17555,4.0462,0.257789,0.90207,-0.362019,14.6654,-31.5252,26.8049,18093611
6.17704,0.80924,4.35744,0.5048,0.603499,-0.165769,11.0443,-26.4228,33.1119,18150994
7.58722,2.55222,6.20337,0.349985,0.0747048,-0.568927,11.0443,-26.4228,33.1119,18225678
7.1443,2.23858,6.50983,0.0599411,0.58085,-0.393461,9.77695,-25.8762,33.6375,18283200
6.6487,2.23379,5.15232,0.0876532,0.228987,-0.206272,9.77695,-25.8762,33.6375,18340780
7.83622,3.32555,6.22253,0.334131,0.0239437,-0.144319,6.88008,-25.1473,35.3894,18402390
8.51617,1.4844,6.70855,-0.0947403,-0.448761,0.394068,6.88008,-25.1473,35.3894,18461102
7.80988,3.66552,6.52899,-0.891862,-0.7885,-0.368814,7.06113,-26.4228,33.4623,18518571
7.87213,2.70545,6.86896,-0.909715,-0.860711,-1.06055,7.06113,-26.4228,33.4623,18594350
11.5688,5.035,9.28471,-0.709069,0.289074,-0.650864,8.50957,-29.3385,31.7103,18652213
13.8241,4.79798,10.2927,0.0596746,0.241777,0.0438032,8.50957,-29.3385,31.7103,18712948
14.1976,4.88177,10.9223,0.259788,0.0791014,0.319059,9.59589,-25.6939,32.4111,18772111
11.2456,3.45244,9.83538,-0.206788,-0.0389414,0.389538,9.59589,-25.6939,32.4111,18830696
10.2831,3.28245,8.65504,-0.306578,-0.235591,0.331716,9.958,-28.2451,33.4623,18888664
10.1323,2.19309,8.11874,0.993492,-0.603175,1.15402,11.5875,-30.2496,29.7832,19000835
9.37809,2.55701,4.20182,0.931406,-0.916668,1.03078,11.5875,-30.2496,29.7832,19058353
7.72369,0.550666,2.85389,0.442714,-1.50355,0.914069,11.5875,-30.2496,29.7832,19116326
7.29274,1.46525,2.3535,-0.258082,-1.26387,0.707961,14.4844,-33.8941,23.4762,19174826
6.05493,0.881066,1.83156,-0.00307727,-1.49609,0.599111,14.4844,-33.8941,23.4762,19232421
7.00304,1.18274,0.787692,0.350652,-1.07628,0.195953,20.0971,-38.8142,16.2932,19292547
4.73812,1.33836,3.01909,1.53787,-0.335514,0.685311,20.0971,-38.8142,16.2932,19365553
6.7301,-1.6927,0.416591,1.46486,-0.858846,0.236455,20.0971,-38.8142,16.2932,19424559
8.59758,0.0263362,1.68073,0.0933821,-0.332316,-0.134194,20.0971,-38.8142,16.2932,19482723
9.32541,-0.265756,0.272939,0.207428,-0.580393,0.177168,21.1834,-41.001,6.83261,19541487
9.6199,-0.253785,0.476446,0.159598,-0.158316,0.0869701,21.1834,-41.001,6.83261,19604059
9.67736,-0.701501,0.071826,-0.127648,-0.16631,0.108154,21.3644,-40.4543,3.50391,19666101
9.79947,-0.232238,0.0933738,-0.306978,0.0389989,0.105356,21.9076,-41.001,2.62793,19737768
9.92875,-0.31364,0.26815,-0.19573,0.224856,0.121344,21.9076,-41.001,2.62793,19795398
9.64863,-0.600945,0.684741,-0.177077,0.347829,0.087503,21.9076,-41.001,2.62793,19853621
10.1299,-0.0694318,-0.229843,-0.0397158,0.111743,0.00583233,22.4508,-40.4543,4.20469,19912114
9.04529,0.0023942,0.670376,0.211425,0.475464,-0.0470605,22.4508,-40.4543,4.20469,19973594
9.17458,0.0383072,0.562637,0.0219702,1.15521,-0.13526,23.5371,-40.4543,3.50391,20046294
8.54969,-0.222661,0.677559,0.22608,1.42887,-0.306595,21.0023,-38.2676,12.2637,20109487
8.83939,0.766144,2.07817,-0.23903,2.32564,-0.759315,21.0023,-38.2676,12.2637,20166859
7.74045,0.806846,2.38462,0.647357,2.58944,-0.974349,21.0023,-38.2676,12.2637,20224114
6.51223,0.663194,2.04944,0.38316,1.63444,-0.975948,15.5707,-32.0719,25.5785,20283711
6.42603,1.00796,4.08211,-0.818452,1.28191,-0.957163,15.5707,-32.0719,25.5785,20342274
5.46357,0.438139,4.44843,0.0395567,0.31079,-0.492852,12.4928,-27.1517,33.4623,20449870
6.33266,1.96803,6.67982,0.339593,0.293204,-0.111811,7.6043,-25.1473,36.0902,20508941
7.25682,2.94726,6.67503,0.687993,0.612426,-0.125134,7.6043,-25.1473,36.0902,20566077
7.1826,3.15316,5.50187,0.211691,0.482659,-0.146717,6.33691,-22.7783,36.9662,20625058
6.9767,2.33674,5.6982,0.862792,0.230985,0.0517971,6.33691,-22.7783,36.9662,20686604
7.85059,2.82755,7.513,0.267782,0.0828319,0.19089,3.07793,-21.3205,36.2654,20743944
7.08444,3.30639,6.84502,0.44005,0.044861,0.0962963,3.07793,-21.3205,36.2654,20818268
8.22408,5.06134,8.26717,0.445645,0.387265,-0.0952902,1.26738,-21.3205,37.3166,20876702
10.094,4.32393,9.72285,-0.7994,0.255366,-0.123668,1.26738,-21.3205,37.3166,20933946
12.9526,6.01184,11.4491,-0.753435,-0.510979,-0.518832,0.905273,-20.5916,37.667,20998489
13.3979,6.58645,13.0747,-0.280065,-0.467679,-0.336172,0.905273,-20.5916,37.667,21059399
10.1825,4.85544,9.41639,-0.352676,-0.337246,0.0218201,3.80215,-22.0494,37.3166,21117143
8.63828,4.64714,8.98544,-0.0967387,-0.26277,0.0251508,3.80215,-22.0494,37.3166,21191352
7.91044,3.15316,8.15704,-0.445804,-0.258107,0.256307,5.61269,-23.8717,35.5646,21249623
7.50582,1.76213,6.25365,-0.946088,-0.597047,0.268697,5.61269,-23.8717,35.5646,21310046
8.34858,0.617704,7.03416,-0.725057,-0.774111,0.594314,9.958,-26.7873,33.4623,21375157
6.39491,0.574608,1.45089,0.49201,-1.73884,1.39304,9.958,-26.7873,33.4623,21432733
6.66545,1.07739,3.70144,1.11979,-2.09949,1.27619,14.6654,-31.1607,28.2064,21490031
6.59363,1.32399,1.64721,0.492276,-1.55445,0.609103,14.6654,-31.1607,28.2064,21563804
6.67982,0.663194,0.677559,-0.779149,-1.00567,0.379013,19.1918,-38.2676,18.2203,21623118
6.34942,0.720654,3.27048,1.07836,-0.763319,0.492259,19.1918,-38.2676,18.2203,21683519
8.75559,-0.756567,1.5682,0.408474,-0.575197,0.422979,21.9076,-40.2721,12.4389,21742887
8.29112,-0.713472,1.37667,-0.19986,-0.511113,-0.0366684,21.9076,-40.2721,12.4389,21801484
9.36132,-0.0909796,1.86269,0.32707,-0.384676,0.0941646,23.7182,-39.1787,8.58457,21859468
9.49061,-0.122104,0.83797,0.0957803,-0.416385,0.0234188,22.9939,-42.0943,6.13183,21966054
9.92396,-0.270545,0.344765,-0.0171998,-0.304471,0.0749793,22.9939,-42.0943,6.13183,22023906
9.79947,-0.368707,1.07021,-0.243959,-0.108355,0.0868369,23.8992,-41.5476,2.45273,22082040
9.50977,-0.071826,0.799663,-0.13391,0.0820325,0.0164908,23.8992,-41.5476,2.45273,22139913
9.5792,-0.169988,0.639252,-0.297651,0.313322,0.0120942,23.8992,-41.5476,2.45273,22197651
9.45709,0.191536,0.627281,-0.0679608,0.529289,0.0648537,23.5371,-40.4543,5.60625,22260420
9.42836,-0.476446,0.155623,0.0836563,0.997997,0.00543264,23.175,-39.3609,7.3582,22332106
8.60715,-0.469263,0.864306,-0.0338537,1.06581,-0.0982212,23.175,-39.3609,7.3582,22390649
8.42519,0.083797,2.01831,0.090451,1.79845,-0.206538,21.5455,-37.7209,16.9939,22452187
9.0429,0.543483,2.77727,0.25206,2.48526,-0.623418,21.5455,-37.7209,16.9939,22509626
8.36534,0.490811,2.07817,0.100177,2.06318,-1.00246,21.5455,-37.7209,16.9939,22571580
7.32386,0.885855,4.18985,-0.440742,1.31189,-0.96902,15.3896,-31.5252,27.856,22629574
5.4923,0.299275,4.73573,0.0763285,0.727937,-0.46474,13.9412,-25.6939,33.8127,22704737
6.3183,0.711078,5.71017,0.782454,0.679708,-0.296736,13.9412,-25.6939,33.8127,22766891
7.37414,2.01592,7.3071,0.625774,0.63774,-0.112877,11.0443,-24.2361,34.8639,22824561
6.45955,2.30322,6.09803,0.497073,0.367547,-0.0956898,11.0443,-24.2361,34.8639,22881996
6.66785,2.75572,6.37576,0.310282,0.185153,-0.32125,6.88008,-21.8672,36.791,22941630
7.29992,2.44687,6.56729,-0.139239,0.129729,-0.285411,6.88008,-21.8672,36.791,23003108
7.33104,2.78685,6.62236,-0.52561,-0.358163,-0.233318,7.78535,-22.0494,36.6158,23072371
6.92882,2.84192,7.24246,-0.046111,-0.381079,-0.163371,7.78535,-22.0494,36.6158,23131687
6.84981,2.81319,7.20654,-0.0321216,0.243509,0.11295,7.24219,-22.9605,37.1414,23190251
6.71095,2.4756,6.49547,0.616181,0.266691,0.256573,7.24219,-22.9605,37.1414,23248187
9.37569,2.91614,9.20331,0.153336,0.257631,0.290547,7.24219,-22.9605,37.1414,23309654
11.983,3.37343,12.05,-0.256083,0.210068,-0.0109548,7.24219,-20.7738,37.1414,23370952
13.9702,4.47955,13.1418,0.220751,-0.563739,-0.336705,6.51797,-21.5027,37.8422,23481552
9.03332,4.06535,10.0556,-0.0449118,-0.431973,0.0404724,6.51797,-21.5027,37.8422,23539490
8.61673,3.33033,9.8258,0.0949809,-0.311666,0.378213,5.25058,-23.5072,35.915,23600252
7.89368,2.6839,7.23528,0.00598249,-0.516708,0.37808,5.25058,-23.5072,35.915,23662212
8.30548,2.45406,7.07726,-1.46422,-0.687244,-0.233984,8.14746,-27.1517,33.8127,23719867
8.28872,0.770933,4.52504,0.0302306,-1.59308,0.427376,8.14746,-27.1517,33.8127,23777319
5.48033,0.773327,3.45004,1.2048,-1.54259,1.21131,12.3117,-31.7074,28.732,23853293
4.82192,0.682347,1.41258,-0.559317,-1.00327,0.992276,12.3117,-31.7074,28.732,23913873
5.6982,0.0430956,0.447716,-0.889997,-1.58789,1.16561,16.657,-36.4453,21.7242,23974523
7.38611,1.58257,-0.581791,1.08382,-2.46335,0.335579,16.657,-36.4453,21.7242,24033047
7.32626,0.536301,3.91212,-0.182406,-0.793296,0.385141,22.4508,-40.0898,7.70859,24090464
8.38689,-0.790086,-0.799663,0.845872,-0.768116,0.295077,22.4508,-40.0898,7.70859,24153111
9.88087,-0.395043,0.849941,0.227279,-0.133402,-0.0510574,21.9076,-40.2721,4.02949,24226171
9.57201,-0.0502782,-0.907402,-0.0639639,-0.369221,-0.0395995,21.9076,-40.2721,4.02949,24286572
10.0916,-0.205901,0.0047884,0.129088,-0.400664,0.0312795,25.3477,-41.1832,2.80312,24348243
9.61272,-0.658405,-0.452504,-0.00347692,-0.300474,0.0501983,25.3477,-41.1832,2.80312,24406012
10.0197,-0.679953,-0.385466,-0.190933,-0.27596,0.0797756,24.8045,-41.3654,-1.22637,24463684
9.57441,-0.469263,0.162806,-0.166019,0.100019,0.0767113,24.8045,-41.3654,-1.22637,24534755
9.84974,-0.160411,0.323217,-0.345615,0.529023,-0.114076,24.4424,-42.4588,-1.92715,24596521
10.149,0.23942,-0.603339,-0.148299,0.223657,-0.252103,24.4424,-42.4588,-1.92715,24655122
8.8753,-0.356736,-0.177171,-0.0562365,0.723408,-0.271288,23.175,-41.9121,1.40156,24715350
8.84418,0.864306,-0.11971,0.0591417,1.15148,-0.254901,23.175,-41.9121,1.40156,24773660
8.5042,0.502782,0.541089,0.610586,1.71025,-0.0665122,21.3644,-41.9121,6.30703,24832225
8.9591,1.53468,1.93691,0.388756,2.51537,-1.03923,18.6486,-38.4498,18.3955,24943829
7.44836,1.13485,2.74854,0.132819,2.23052,-0.894944,18.6486,-38.4498,18.3955,25002558
5.92565,1.03908,3.52905,-0.265942,1.65896,-0.683506,11.7686,-28.974,31.36,25060013
5.72693,0.926556,5.46117,0.25206,1.45711,-0.329377,11.7686,-28.974,31.36,25119106
5.83946,2.12605,5.99508,0.440316,1.24834,-0.316987,9.59589,-22.7783,36.2654,25180723
6.10521,2.46124,5.90889,0.187044,0.709951,-0.412913,9.59589,-22.7783,36.2654,25238868
6.5218,2.57137,7.3071,-0.401039,0.239112,-0.316054,7.42324,-18.4049,39.0685,25313684
6.04296,2.66953,7.63989,0.370503,-0.293013,0.0170237,7.42324,-18.4049,39.0685,25371510
6.77798,3.41652,9.05965,0.561157,-0.130471,0.125874,6.15586,-20.0449,38.8933,25431220
6.91206,1.91057,8.339,0.640962,0.49838,0.342507,6.15586,-20.0449,38.8933,25495827
7.45315,3.82833,7.6782,0.0634051,0.453348,0.184362,5.43164,-16.7648,39.9445,25553760
7.06289,2.83713,7.55131,-0.0707587,0.101751,-0.046794,5.43164,-16.7648,39.9445,25611804
8.35815,4.51546,8.61912,-0.13058,-0.339777,-0.346031,4.70742,-17.4937,39.9445,25686371
11.2096,5.39892,12.3014,-0.658442,-0.642878,-0.727472,4.70742,-17.4937,39.9445,25743553
11.9495,5.50427,13.9486,-1.054,-0.186295,-0.770106,5.79375,-20.7738,37.4918,25803578
10.3836,5.09725,11.2288,-0.444872,-0.251712,-0.55707,5.79375,-20.7738,37.4918,25867797
7.97029,4.01986,10.0963,-0.320034,-0.133669,-0.0229456,7.78535,-19.4982,39.0685,25925307
7.19936,3.055,9.21528,0.264717,-0.248514,0.384609,7.78535,-19.4982,39.0685,25985230
7.33104,2.48279,8.04212,0.0246348,-0.424912,0.63495,8.14746,-20.5916,37.3166,26055612
6.57448,1.24498,5.89452,0.0849886,-1.18779,0.571398,8.14746,-20.5916,37.3166,26112965
7.36456,1.47483,3.82593,-0.157359,-1.41309,0.81228,11.4064,-26.7873,33.8127,26174246
5.98311,0.79248,3.74932,0.562889,-1.53593,1.0545,11.4064,-26.7873,33.8127,26232896
5.57609,1.00556,2.68869,-0.0449118,-1.56377,1.09033,16.2949,-33.1652,25.9289,26290876
7.64708,0.711078,2.90656,0.876648,-1.77521,1.09979,16.2949,-33.1652,25.9289,26353262
8.3414,0.919373,1.12767,-0.306711,-1.49929,0.290414,20.2781,-37.1742,16.118,26457341
8.36534,-0.624887,1.82917,-0.0948735,-1.22084,0.399131,24.6234,-40.4543,7.70859,26522041
8.53054,-0.483629,0.967257,0.308684,-1.54978,0.0569931,24.6234,-40.4543,7.70859,26580034
7.86974,0.0550666,1.43173,0.510929,-0.779307,0.0761784,26.0719,-41.9121,-0.700781,26637725
8.92319,-0.588974,-0.737414,-0.0999363,-0.375883,-0.00895634,26.0719,-41.9121,-0.700781,26700298
9.93114,-0.687136,-0.363919,-0.0293238,-0.269032,0.0545949,26.0719,-41.9121,-0.700781,26771207
9.35893,-0.440533,-0.778115,-0.130713,-0.203615,0.0463346,26.0719,-41.9121,-0.700781,26832297
9.47146,-0.4956,-0.787692,-0.284328,0.0897599,0.0643208,25.1666,-41.001,-4.37988,26893740
10.2113,-0.581791,-0.811634,-0.317503,0.3417,-0.00922281,25.1666,-41.001,-4.37988,26951415
9.58159,-0.325611,-0.574608,-0.531872,0.483458,-0.255167,22.8129,-42.641,-3.8543,27008925
9.7444,0.213084,-1.01035,-0.0708919,0.471068,-0.23838,22.8129,-42.641,-3.8543,27068267
9.32541,0.366313,-0.316035,0.189575,0.717945,-0.207338,22.4508,-41.9121,0.0,27140212
8.82981,0.397437,-0.282516,0.112034,1.08353,-0.173897,22.4508,-41.9121,0.0,27197439
8.00381,0.938527,0.634463,0.369837,1.47936,-0.166569,20.8213,-40.2721,6.13183,27256802
7.05092,0.902614,2.52588,0.570483,2.58305,-0.224658,20.8213,-40.2721,6.13183,27314570
8.12352,1.15879,2.81797,0.0439534,2.84178,-0.45688,20.8213,-40.2721,6.13183,27377517
7.70214,0.957681,3.00951,0.377564,2.36015,-0.49485,20.8213,-40.2721,6.13183,27436306
7.66623,1.14443,4.92966,0.480552,2.08636,-0.361353,13.5791,-25.6939,33.1119,27509608
6.0286,0.797269,5.31034,0.239404,1.53572,0.167975,13.5791,-25.6939,33.1119,27571700
6.22971,1.37667,6.55053,0.0907175,0.938309,0.05233,11.5875,-20.0449,38.8933,27629075
5.95438,2.00873,7.39569,-0.0607664,0.335705,-0.172031,11.5875,-20.0449,38.8933,27689188
6.34703,1.63045,8.41562,0.042621,0.474132,0.0220865,9.59589,-17.676,41.1709,27751087
6.26084,1.93212,8.08043,-0.0383835,0.624949,0.0635214,9.59589,-17.676,41.1709,27808815
5.88734,1.66397,7.74763,0.793778,0.211,0.317993,9.41484,-13.8492,40.6453,27918760
5.16669,2.10211,6.42843,0.274976,0.313588,0.412321,9.41484,-13.8492,40.6453,27976130
7.34301,2.29604,10.5536,0.221417,-0.159516,0.293079,7.6043,-11.6625,43.7988,28036317
7.58243,1.55384,10.8529,0.152936,-0.515776,0.623492,7.6043,-11.6625,43.7988,28098567
8.588,2.49236,11.1019,-0.625533,-0.644477,0.0916332,8.50957,-14.3959,42.5725,28159531
10.7021,3.44526,14.1832,-0.532005,-0.324456,-0.535219,8.50957,-14.3959,42.5725,28219711
10.1706,2.34871,13.2639,0.109636,0.307859,-0.160174,10.5012,-18.2226,40.6453,28293388
8.27436,3.14837,9.70609,-0.506824,0.493717,-0.160573,10.5012,-18.2226,40.6453,28350727
7.43639,1.69988,9.28232,-0.118322,-0.215606,-0.0970221,12.8549,-14.3959,42.2221,28410509
7.07008,1.79565,8.93276,-0.790473,-0.461151,-0.428635,12.8549,-14.3959,42.2221,28475723
7.15627,0.0263362,8.85615,-0.352942,-0.967429,-0.232652,13.398,-16.0359,39.9445,28533846
6.46674,-0.237026,7.15627,0.0388906,-0.912538,0.591117,13.398,-16.0359,39.9445,28591193
6.61039,-0.177171,5.93044,1.38,-0.794495,1.27859,17.3812,-22.2316,37.4918,28666143
8.08522,1.17076,3.13401,-0.306178,-1.29358,0.394867,17.3812,-22.2316,37.4918,28723486
6.07169,0.0861912,3.50511,-0.697078,-1.4877,0.449759,17.0191,-27.334,33.2871,28783769
7.5537,0.895431,3.32315,-0.431815,-2.07192,0.160247,17.0191,-27.334,33.2871,28847536
6.97191,0.543483,4.88896,0.581941,-1.57723,0.327852,21.9076,-33.3474,24.7025,28905031
7.65426,-0.56982,1.96324,0.409273,-1.40363,0.325454,21.9076,-33.3474,24.7025,28965022
8.65264,-0.651223,2.3104,-0.238497,-1.60068,-0.046794,22.2697,-39.1787,14.1908,29035444
8.48505,0.0,1.75974,-0.0263927,-1.07721,-0.0449288,22.2697,-39.1787,14.1908,29093014
8.79869,0.0933738,1.10612,0.0658033,-0.551215,-0.0523897,23.5371,-40.4543,5.60625,29154561
9.69412,-0.184353,-0.21069,-0.0688935,-0.486731,0.0142259,23.5371,-40.4543,5.60625,29213360
9.42118,0.0047884,-0.299275,0.0475506,-0.432906,0.0801753,23.7182,-41.7299,2.62793,29270661
9.76116,-0.124498,-0.174777,-0.0808843,-0.226664,0.0808415,23.7182,-41.7299,2.62793,29333710
9.991,-0.299275,-0.581791,-0.0506408,-0.059459,0.0252841,23.175,-40.4543,-0.350391,29439149
9.58638,-0.373495,-0.699107,-0.263411,0.0749713,-0.00336063,23.5371,-41.9121,-1.75195,29498837
10.1179,-0.0861912,-0.770933,-0.369463,0.104149,0.00170216,23.5371,-41.9121,-1.75195,29557506
9.62469,0.0287304,-0.778115,-0.0161339,0.127997,0.0852381,23.8992,-42.641,-0.700781,29615291
10.0724,0.0311246,-0.421379,-0.111261,0.147183,0.124808,23.8992,-42.641,-0.700781,29675117
10.1107,-0.141258,-0.624887,0.0836563,-0.0368097,0.0759119,24.4424,-42.4588,0.875976,29746422
9.6606,-0.14844,-0.720654,0.200367,0.0130188,0.0509977,24.4424,-42.4588,0.875976,29805703
9.991,-0.0694318,-0.634463,0.264184,0.192614,0.0748461,24.0803,-42.8232,-1.92715,29864664
9.96227,-0.222661,-0.387861,0.428059,0.222458,0.115215,24.0803,-42.8232,-1.92715,29923485
10.0413,-0.337582,-0.0766144,0.355581,0.224457,0.10056,23.5371,-43.3699,1.05117,29985150
10.1993,-0.509965,-0.356736,0.570883,0.120003,0.0859043,23.5371,-43.3699,1.05117,30043657
9.85214,-0.581791,-0.0766144,0.52172,0.198343,0.05233,24.8045,-39.9076,2.97832,30118278
10.1442,-0.897825,0.0526724,0.316011,0.106814,0.000636309,24.8045,-39.9076,2.97832,30179608
10.0676,-0.845153,0.648829,0.178384,0.292804,-0.0523897,24.4424,-40.6365,3.6791,30237102
10.2017,-0.825999,0.282516,0.242468,0.125999,-0.0650467,24.4424,-40.6365,3.6791,30297255
9.92157,-0.823605,0.438139,0.0424878,0.153711,-0.10022,23.175,-41.1832,5.25586,30355949
10.2807,-0.694318,0.3304,-0.0045428,0.043662,-0.115541,23.175,-41.1832,5.25586,30413531
10.082,-0.40462,0.373495,-0.136708,0.0516558,-0.166169,23.356,-41.001,5.43105,30490005
10.0149,-0.349553,0.263362,-0.171481,0.0350019,-0.190018,23.356,-41.001,5.43105,30547465
10.0724,0.0071826,0.234632,-0.0902105,0.0809667,-0.202408,20.4592,-41.7299,4.02949,30605265
10.1418,0.368707,0.481234,-0.0160007,0.087495,-0.213733,20.4592,-41.7299,4.02949,30664578
9.80904,1.12527,0.730231,0.148673,-0.00776528,-0.250771,20.4592,-42.4588,4.73027,30725844
9.92396,1.06542,0.275333,0.483483,0.0930907,-0.17856,20.4592,-42.4588,4.73027,30835807
9.65342,1.34075,0.421379,0.80417,0.16317,-0.0593177,19.3728,-41.3654,5.78144,30895219
9.93354,1.25696,0.189142,0.787516,0.218728,-0.00988896,17.0191,-41.1832,5.25586,30952700
10.0125,1.35033,0.124498,0.885441,0.17716,0.0126271,17.0191,-41.1832,5.25586,31014897
10.0461,1.1971,0.181959,0.946861,0.132927,0.0576593,15.5707,-41.9121,6.65742,31075596
10.161,0.746991,-0.481234,0.714639,0.0360678,0.125607,15.5707,-41.9121,6.65742,31133748
9.96466,0.921767,-0.457292,0.442848,0.00955477,0.139064,13.9412,-42.4588,7.5334,31207581
10.1083,0.885855,-0.407014,0.361177,0.034469,0.182763,13.9412,-42.4588,7.5334,31265170
9.69173,1.09894,-0.0143652,0.164927,0.0645792,0.228728,15.0275,-41.7299,7.88379,31325580
9.90481,0.952892,-0.459687,0.185845,-0.149124,0.336379,15.0275,-41.7299,7.88379,31387071
11.3509,0.1652,0.251391,0.263385,-0.253044,0.481468,15.3896,-41.7299,7.5334,31447770
10.8314,1.0726,0.385466,0.358779,-0.195088,0.435903,15.3896,-41.7299,7.5334,31507883
9.93833,0.351948,-0.181959,0.533445,-0.368156,0.375682,19.5539,-42.2765,3.8543,31578606
9.00938,-0.366313,0.579397,0.774993,0.0366007,0.277091,19.5539,-42.2765,3.8543,31636057
9.11233,-0.651223,0.588974,0.462432,0.144651,0.14306,19.3728,-42.4588,4.73027,31694500
10.07,-0.658405,0.775721,0.596063,0.267623,0.0288813,19.3728,-42.4588,4.73027,31759951
10.6398,-0.962469,0.287304,0.789248,0.133193,-0.00695787,18.1055,-41.9121,5.95664,31817691
10.1945,-1.30245,-0.208295,0.897299,-0.0192232,0.0323453,18.1055,-41.9121,5.95664,31880090
9.66539,-1.18992,-0.217872,0.397149,0.235781,-0.0414647,17.7434,-40.4543,7.00781,31949970
9.84735,-0.845153,-0.0814028,0.573148,0.286143,-0.0565199,17.7434,-40.4543,7.00781,32010024
9.66539,-0.787692,-0.0454898,0.523319,0.380204,-0.0328047,17.0191,-39.7254,9.11015,32075442
9.84496,-0.708683,-0.198719,0.564354,0.362218,-0.0256102,17.0191,-39.7254,9.11015,32133376
9.76355,-0.979228,0.253785,0.913953,0.231518,0.034477,15.2086,-39.3609,10.8621,32190670
10.2783,-1.01754,0.0335188,0.515592,0.177293,-0.107681,15.2086,-39.3609,10.8621,32297639
9.80665,-0.943315,0.0502782,0.700117,-0.0938326,-0.0904939,13.7602,-39.7254,10.5117,32360251
9.91917,-0.940921,-0.299275,0.713573,-0.182032,-0.0469272,13.7602,-39.7254,10.5117,32418091
13.2974,-0.447716,0.208295,0.493342,-0.429575,-0.0349364,8.87168,-39.5432,11.3877,32477267
10.8242,1.09654,2.1045,0.322806,0.101618,-0.23878,8.87168,-39.5432,11.3877,32535046
8.83939,0.723049,1.02232,0.702648,0.0219453,-0.0783698,8.69062,-40.0898,8.75976,32594400
7.52258,1.30723,1.70707,0.630703,0.0531214,0.0512642,8.69062,-40.0898,8.75976,32667464
11.4395,1.26414,0.979228,0.994691,-0.0248189,0.013693,7.06113,-40.2721,8.93496,32729174
9.88326,0.878672,-0.363919,0.740353,0.0228779,0.159315,7.06113,-40.2721,8.93496,32788125
8.51857,0.878672,0.0,0.6347,0.0528549,0.180632,6.33691,-40.6365,8.93496,32845536
9.21767,1.12288,0.131681,0.804836,0.189683,0.159181,6.33691,-40.6365,8.93496,32904950
10.1394,0.708683,-0.617704,0.590867,0.259363,0.120944,5.06953,-40.8187,5.95664,32963510
9.22486,0.114922,-0.988805,0.450708,0.0411306,0.24405,5.06953,-40.8187,5.95664,33036157
9.2488,0.102951,-0.905008,0.0542122,0.0657783,0.337978,5.43164,-39.7254,8.75976,33095671
10.1682,0.31364,-0.260968,-0.0696928,0.280813,0.351434,5.43164,-39.7254,8.75976,33154272
12.6174,-0.969651,-0.964863,0.0340943,-0.113418,0.600842,7.24219,-40.4543,8.05898,33211727
12.8329,-0.124498,1.87945,-0.213716,0.325313,0.462016,7.24219,-40.4543,8.05898,33275156
9.39963,-1.04866,2.18591,-0.319768,0.678242,0.215138,9.59589,-41.3654,8.58457,33336210
8.65264,-1.51313,1.97043,-0.325763,-0.268632,0.0583254,9.59589,-41.3654,8.58457,33405930
10.4004,-0.943315,3.98634,0.00518307,0.428034,-0.0561202,13.217,-39.1787,12.0885,33470444
10.5632,-0.608127,0.926556,0.323872,-0.106223,-0.172165,13.217,-39.1787,12.0885,33528261
8.92558,-1.5682,0.538695,0.521854,-0.286885,-0.141388,13.0359,-39.3609,10.5117,33585875
8.69574,-1.45089,0.778115,-0.240229,0.0577845,-0.153779,13.0359,-39.3609,10.5117,33647677
8.88248,-0.782904,0.646434,-0.021996,0.0539208,-0.0753055,10.6822,-40.2721,9.98613,33709544
9.57681,-1.10851,-0.337582,0.405276,-0.0230869,-0.116341,11.7686,-37.7209,9.98613,33818531
11.6382,-0.845153,-0.059855,0.406076,-0.0543962,-0.159508,11.7686,-37.7209,9.98613,33876291
12.7731,-0.457292,0.304064,0.514393,-0.265035,-0.216531,9.77695,-40.0898,9.81094,33937013
13.6972,0.802057,2.30083,0.52252,-0.769448,-0.376008,9.77695,-40.0898,9.81094,33995472
7.86016,1.46286,2.24337,0.635899,-0.119013,-0.331642,7.6043,-39.3609,3.8543,34054154
7.02937,-0.011971,2.32477,1.41344,0.122135,0.224864,7.6043,-39.3609,3.8543,34124521
10.0054,-1.06781,1.07021,-0.0942074,-0.177235,0.142261,4.16426,-39.9076,2.62793,34187401
9.34457,0.416591,-0.667982,0.17492,0.103749,0.236722,4.16426,-39.9076,2.62793,34244826
8.72926,0.620098,0.368707,-0.195863,0.144651,0.0773775,6.15586,-40.4543,3.8543,34305928
9.67736,1.11809,-0.497994,0.381161,0.166368,0.167841,6.15586,-40.4543,3.8543,34364239
9.83777,0.244209,-1.08697,0.314146,-0.0138939,0.153319,5.9748,-41.3654,4.02949,34422878
8.65982,-0.605733,-1.12288,0.145875,0.0397982,0.281754,5.9748,-41.3654,4.02949,34492584
11.1187,0.1652,-0.701501,-0.0282579,0.229919,0.196619,7.42324,-41.3654,5.08066,34557014
13.4817,-1.96324,-1.67594,-0.0435795,-0.434505,0.323322,7.42324,-41.3654,5.08066,34618149
12.0476,-0.842759,1.03429,-0.501628,0.339568,0.121477,8.69062,-41.9121,3.15351,34675622
8.09719,-1.35272,1.65918,-0.612477,0.664786,-0.0413315,8.69062,-41.9121,3.15351,34738507
8.81066,-2.10211,2.38702,-1.03908,0.323714,-0.0868966,9.59589,-40.2721,7.18301,34796358
11.3006,-0.679953,2.59292,-0.856823,0.567127,-0.233717,9.59589,-40.2721,7.18301,34866391
9.15303,-0.888249,1.23062,-0.217579,0.0596497,-0.183889,9.41484,-39.3609,10.8621,34926505
8.16423,-1.35272,1.04148,-0.270472,0.16317,-0.212933,9.41484,-39.3609,10.8621,34987002
8.85376,-0.916979,1.22344,-0.228371,0.227255,-0.12993,8.87168,-40.2721,11.3877,35046255
9.95509,-0.701501,0.572214,0.164394,0.113475,-0.092892,8.87168,-40.2721,11.3877,35104787
9.18176,-0.536301,0.435745,0.162263,0.0687094,-0.232652,7.24219,-40.4543,11.5629,35164151
11.3078,-1.10612,0.095768,-0.160956,-0.369621,-0.230387,3.9832,-39.3609,11.9133,35270423
13.1298,0.567425,1.89621,0.18278,-0.761321,-0.28661,3.9832,-39.3609,11.9133,35331544
7.66863,1.87705,3.2633,-0.0497081,-0.000570798,-0.15218,3.25898,-38.632,6.30703,35392794
7.37653,0.646434,1.56341,1.33603,-0.203215,0.510912,3.25898,-38.632,6.30703,35450218
10.0748,-0.260968,1.02711,0.322806,-0.394935,0.319192,4.70742,-41.5476,4.55508,35510172
9.13627,0.545878,0.0790086,0.13122,0.351293,0.288149,4.70742,-41.5476,4.55508,35568664
9.16261,0.134075,0.0670376,-0.00147846,0.308659,0.222866,5.79375,-41.1832,7.00781,35641463
9.44033,0.588974,-0.555454,-0.0394494,0.288674,0.218469,5.79375,-41.1832,7.00781,35699982
9.31583,0.215478,-0.905008,0.0162413,0.102683,0.259638,8.14746,-39.9076,8.93496,35758557
9.43076,-0.555454,-0.215478,-0.219311,0.163304,0.341575,8.14746,-39.9076,8.93496,35816120
12.3373,-0.356736,-0.342371,-0.329627,0.0703082,0.305736,8.14746,-39.9076,8.93496,35875277
13.4602,-1.09415,0.806846,-0.57304,-0.0238862,0.220601,10.5012,-40.0898,9.46054,35951475
9.34696,-1.83635,1.37906,-0.693881,0.410314,-0.00189508,10.5012,-41.5476,10.1613,36010020
8.2552,-2.05183,2.69826,-0.779815,0.318651,-0.120604,10.5012,-41.5476,10.1613,36073376
9.86411,-0.957681,3.52905,-0.308443,0.421639,-0.170166,13.217,-39.1787,12.7893,36131161
10.5919,-0.830788,0.610521,0.296693,0.0268748,-0.23878,13.217,-39.1787,12.7893,36188689
8.72686,-1.33118,0.984017,-0.322699,0.00116121,-0.31339,9.77695,-41.1832,12.9645,36254492
8.5042,-1.04866,1.16119,0.0478171,0.188085,-0.20827,9.77695,-41.1832,12.9645,36324416
9.25837,-0.948104,0.464475,0.3304,0.206071,-0.0466608,9.05273,-38.632,13.6652,36384797
9.92875,-0.308852,0.323217,0.308284,0.216463,-0.0633146,9.05273,-38.632,13.6652,36446788
10.3884,-0.909797,0.825999,0.559158,0.180091,-0.124468,6.69902,-39.5432,15.242,36504328
12.1937,-1.05345,0.150835,0.690924,-0.0932997,-0.0655796,6.69902,-39.5432,15.242,36562090
14.2958,-0.241814,1.00556,0.0885858,-0.619962,-0.087696,5.61269,-38.8142,13.1396,36623320
9.7037,2.13802,2.96163,0.37863,-0.265434,-0.20374,5.61269,-38.8142,13.1396,36727768
10.0413,-0.430956,-0.229843,1.40944,-0.634618,0.578726,5.43164,-40.4543,12.6141,36787989
8.58321,-0.766144,2.03028,-0.124984,0.261761,0.431106,5.43164,-40.4543,12.6141,36853118
9.21528,0.945709,0.304064,0.277241,0.0869621,0.26137,6.33691,-41.7299,11.0373,36910771
9.13388,0.258574,-0.0981622,0.464031,0.0443281,0.266299,6.33691,-41.7299,11.0373,36973164
9.53371,0.0047884,-0.328006,0.220218,0.0302056,0.246315,7.24219,-41.1832,10.1613,37030822
9.75637,-0.301669,-0.505176,0.273511,-0.121012,0.276292,7.24219,-41.1832,10.1613,37103230
10.3238,-0.907402,-0.158017,0.0122443,0.0781688,0.264034,9.59589,-42.4588,9.98613,37167710
14.2455,-1.73819,-0.136469,-0.0379838,-0.224532,0.344639,9.59589,-42.4588,9.98613,37225280
11.6837,-1.0319,1.71904,0.0833898,0.20767,0.106555,9.958,-43.5521,10.6869,37282752
7.77876,-2.37744,2.74136,-0.433547,0.676244,-0.128198,9.958,-43.5521,10.6869,37340961
9.70609,-1.95846,2.25534,-0.415961,-0.0639888,-0.203874,11.2254,-42.2765,13.3148,37411645
10.1442,-1.10851,2.87543,-0.387849,0.387398,-0.307394,11.2254,-42.2765,13.3148,37472677
9.63427,-0.849941,1.1157,0.0692673,-0.178568,-0.233318,10.3201,-41.7299,13.1396,37534024
8.30069,-0.950498,1.41737,0.0073148,0.103483,-0.212134,10.3201,-41.7299,13.1396,37592463
8.57124,-0.943315,0.936133,0.276575,0.160639,-0.075039,8.69062,-41.9121,14.7164,37651293
9.6199,-0.876277,0.679953,0.337462,0.0549866,-0.000962466,8.69062,-41.9121,14.7164,37710102
9.6175,-0.775721,0.282516,0.561157,0.0226114,-0.0240115,7.6043,-42.641,15.4172,37780191
11.2504,-0.957681,0.481234,0.525318,-0.0944988,-0.0846317,7.6043,-42.641,15.4172,37843632
13.532,-0.76375,0.277727,0.34892,-0.344307,-0.0907603,5.61269,-42.4588,14.8916,37902292
11.7196,-0.071826,1.38864,0.329201,-0.420249,-0.0986209,5.61269,-42.4588,14.8916,37965201
7.46751,1.17555,2.24576,0.0845889,0.0964215,-0.0809012,3.80215,-42.8232,11.0373,38022894
8.95192,0.189142,1.54905,0.8528,-0.0336121,0.23046,3.80215,-42.8232,11.0373,38080489
10.1777,-0.0191536,1.66876,0.26978,0.043662,0.20901,2.89687,-43.7344,10.8621,38192664
9.37809,-0.493205,0.988805,-0.130047,0.230985,0.170906,3.44004,-43.5521,11.3877,38250137
9.55286,0.14844,0.603339,-0.154028,0.125199,0.168641,3.44004,-43.5521,11.3877,38312656
9.8689,-0.0694318,-0.167594,-0.0267924,0.0143511,0.162379,4.52637,-44.6455,11.0373,38370146
9.63187,-0.565031,0.1652,-0.164553,0.0350019,0.181831,4.52637,-44.6455,11.0373,38430946
9.95509,-0.538695,0.474052,-0.288059,0.135192,0.170106,8.50957,-43.5521,11.0373,38490390
11.789,-0.586579,-0.35913,-0.11246,-0.254776,0.262702,8.50957,-43.5521,11.0373,38560699
11.7914,-0.517147,1.15401,-0.226639,-0.165777,0.158116,8.50957,-43.9166,10.3365,38618514
9.52892,-1.4054,1.00796,-0.285661,0.209002,0.0833729,8.50957,-43.9166,10.3365,38676924
7.28555,-2.53067,2.32716,-0.241428,0.612293,0.150521,11.5875,-45.5566,11.9133,38735396
10.2711,-1.1133,2.48039,-0.979129,0.0210126,-0.224258,11.5875,-45.5566,11.9133,38796592
10.4483,-0.629675,2.54264,-0.216114,0.410714,-0.151114,9.77695,-44.0988,14.366,38859108
9.68933,-1.16837,1.18513,0.509996,-0.154186,-0.087163,9.77695,-44.0988,14.366,38928763
9.1243,-1.13725,2.17154,0.263918,0.0447278,-0.0809012,11.2254,-44.0988,12.9645,38989032
10.2663,-0.981623,1.68552,0.9835,0.0472592,0.0127603,11.2254,-44.0988,12.9645,39050990
9.61511,-0.835576,2.09014,1.22505,0.187418,-0.00829019,7.06113,-44.6455,13.1396,39112958
9.56962,-1.41018,1.8148,1.4141,0.0599162,-0.0149518,7.06113,-44.6455,13.1396,39173067
9.21289,-1.4054,2.53067,1.62527,0.171697,0.0711156,3.62109,-43.3699,13.3148,39234528
10.0796,-1.01993,2.15239,2.08426,-0.0488005,0.222466,3.62109,-43.3699,13.3148,39303840
10.7524,-0.316035,1.77171,2.27811,-0.275693,0.260304,3.25898,-44.0988,10.8621,39363238
9.93114,0.248997,2.11408,2.23441,-0.0373426,0.146524,3.25898,-44.0988,10.8621,39424657
8.9184,0.464475,2.15239,2.41907,0.0724399,0.178367,-0.543164,-43.9166,4.73027,39482228
9.73482,0.799663,1.80044,2.29476,-0.0160256,0.131336,-0.543164,-43.9166,4.73027,39541854
9.84016,0.670376,2.04704,2.2035,0.268956,0.146524,-2.71582,-45.3744,0.875976,39648843
10.1514,0.814028,1.64242,2.48608,-0.102093,0.296676,-2.89687,-44.8277,-3.8543,39709907
9.14585,0.814028,2.17633,2.25852,0.0142179,0.349835,-2.89687,-44.8277,-3.8543,39772310
9.99579,0.656011,1.58496,2.43998,-0.195754,0.396466,-0.543164,-46.8322,-8.58457,39829762
9.67496,0.483629,1.56581,2.20696,-0.116615,0.418716,-0.543164,-46.8322,-8.58457,39887347
9.72046,0.339977,1.00796,2.22775,-0.140597,0.429507,2.35371,-45.3744,-14.1908,39946936
9.85693,0.1652,1.33357,1.99832,0.0902929,0.413386,2.35371,-45.3744,-14.1908,40020417
9.80904,-0.557849,0.354342,1.79488,-0.204548,0.407524,8.14746,-47.1967,-15.5924,40078746
10.4507,-0.955286,0.3304,1.39225,-0.177369,0.453756,8.14746,-47.1967,-15.5924,40137308
9.87847,-0.821211,-0.00957681,0.953922,-0.283687,0.393402,14.4844,-47.0144,-18.5707,40195391
9.85214,-0.818817,0.306458,0.963782,-0.124209,0.260304,14.4844,-47.0144,-18.5707,40253385
9.71327,-1.76931,0.586579,0.823755,-0.0831741,0.121077,14.4844,-47.0144,-18.5707,40313767
9.94072,-2.09732,1.59454,0.428059,0.408582,-0.0438629,14.4844,-47.0144,-18.5707,40387478
10.0341,-0.713472,1.43413,0.764734,0.431898,-0.106215,17.2002,-47.5611,-17.3443,40449570
9.91917,-1.07739,0.670376,0.882377,0.155443,-0.0426638,17.2002,-47.5611,-17.3443,40507466
9.5385,-0.981623,0.849941,0.785118,0.22419,0.00916311,17.7434,-48.8367,-14.7164,40566199
9.92157,-1.2378,0.47884,0.830017,0.221925,0.0424709,17.7434,-48.8367,-14.7164,40628447
9.31344,-0.828393,0.486023,0.802705,0.301064,0.101226,19.0107,-46.8322,-15.9428,40689219
9.77552,-0.459687,0.521936,0.791647,0.192348,0.0744464,19.0107,-46.8322,-15.9428,40761482
9.73961,-0.61531,0.529118,0.998555,0.202474,0.0587251,19.0107,-47.1967,-12.7893,40822808
10.489,-0.392649,0.610521,0.857996,0.19821,-0.0538552,19.0107,-47.1967,-12.7893,40881363
11.0899,-0.385466,0.59855,0.895034,0.0849636,-0.132728,19.1918,-48.1078,-10.8621,40938921
12.5384,-0.189142,1.37188,0.681598,-0.266234,-0.261829,19.1918,-48.1078,-10.8621,41001227
10.0413,1.10373,4.15394,0.48255,0.572856,-0.216397,18.4676,-47.7433,-12.6141,41107581
8.79869,1.84593,3.26808,1.41957,-0.446096,-0.0156179,18.4676,-47.7433,-12.6141,41168981
9.63427,0.627281,2.54982,0.922879,0.0663112,0.142128,18.2865,-46.1033,-11.3877,41227583
8.56166,0.497994,0.919373,0.920748,-0.264901,0.273494,18.2865,-46.1033,-11.3877,41289634
9.30865,1.09654,1.27611,0.525584,0.0512561,0.260704,19.1918,-46.2855,-11.2125,41352357
9.39724,1.04866,0.565031,0.627106,-0.11928,0.248713,19.1918,-46.2855,-11.2125,41410592
9.73003,0.579397,-0.179565,0.227546,-0.00470096,0.263768,21.9076,-46.4678,-11.7381,41482194
9.06445,0.349553,-0.35913,0.0510146,0.0324705,0.27376,21.9076,-46.4678,-11.7381,41545309
10.1131,0.325611,-0.095768,-0.150031,0.0235441,0.315328,23.5371,-45.9211,-10.1613,41606063
11.0301,0.730231,-0.0047884,-0.223442,0.0363342,0.264967,23.5371,-45.9211,-10.1613,41663580
12.3397,-0.691924,0.79248,-0.300183,-0.201617,0.387273,24.0803,-45.01,-11.3877,41722554
12.0811,0.541089,2.09971,-0.00374341,0.309591,0.313596,24.0803,-45.01,-11.3877,41781221
8.58321,-1.91536,2.8467,0.0948477,0.0653786,0.18223,25.8908,-44.6455,-12.4389,41850614
9.414,-1.64003,3.24414,-0.852293,0.21593,-0.0626485,25.8908,-44.6455,-12.4389,41916312
10.4674,-0.512359,2.39899,-0.321899,0.205538,-0.18682,25.8908,-44.6455,-12.4389,41974055
9.79228,-0.897825,1.09415,-0.126583,-0.277825,-0.169766,25.8908,-44.6455,-12.4389,42031537
8.70292,-1.07978,1.4437,-0.0101385,-0.196554,-0.142987,23.5371,-44.0988,-11.2125,42091190
8.58321,-1.08218,1.02232,-0.191866,0.0244767,-0.0858307,23.5371,-44.0988,-11.2125,42149689
9.29429,-0.696712,0.881066,-0.00720742,0.0860295,-0.0813009,21.7266,-44.4633,-11.2125,42222171
9.80186,-0.507571,0.447716,0.39635,-0.121012,-0.0900941,21.7266,-44.4633,-11.2125,42281693
10.1227,-1.14682,0.658405,0.500936,-0.0181573,-0.0249441,23.356,-42.8232,-10.6869,42340256
13.1897,-0.873883,0.445321,0.128822,-0.239321,-0.0763713,23.356,-42.8232,-10.6869,42398270
13.2902,-0.160411,1.66158,0.308284,-0.889622,-0.0655796,23.175,-43.0055,-12.2637,42459861
7.98227,1.47722,1.69988,0.434321,-0.396134,-0.137258,23.175,-43.0055,-12.2637,42566682
11.9614,-0.134075,0.514753,0.709576,-0.381878,0.232858,22.4508,-42.2765,-15.0668,42629945
8.85136,-0.325611,0.675165,0.297093,0.343299,0.224731,24.2613,-42.641,-15.0668,42687920
9.16021,-0.280121,0.100556,-0.230636,0.217395,0.0972289,24.2613,-42.641,-15.0668,42745582
9.49061,0.517147,-0.134075,0.107238,0.272287,0.0916332,25.3477,-41.9121,-12.2637,42804085
9.67736,0.1652,-0.179565,-0.0066745,0.235915,0.0463346,25.3477,-41.9121,-12.2637,42865639
9.21289,-0.416591,-0.371101,-0.0755551,0.220726,0.143727,24.0803,-43.1877,-12.0885,42937421
9.81862,-0.56982,-0.457292,-0.388382,0.318651,0.21314,24.0803,-43.1877,-12.0885,42995850
11.6598,-0.320823,-0.136469,0.0227696,0.200209,0.290014,26.434,-43.3699,-12.9645,43054089
13.6398,-2.06859,0.943315,-0.602218,0.139189,0.447627,26.434,-43.3699,-12.9645,43111964
11.0875,-0.61531,1.82438,-0.806728,0.544211,0.20941,29.3308,-41.5476,-10.1613,43173545
7.5154,-1.84593,3.63919,-0.425287,0.369545,0.093232,29.3308,-41.5476,-10.1613,43232224
10.9583,0.0454898,2.53785,0.191973,-0.0761129,-0.351227,28.4256,-40.6365,-11.3877,43305335
8.87051,-1.28808,1.72382,-0.219311,0.192748,-0.423838,28.4256,-40.6365,-11.3877,43362775
9.02614,-1.04387,1.71185,0.0864541,-0.233592,-0.293005,25.5287,-41.7299,-9.63574,43420437
9.10275,-1.33118,1.13485,0.376099,0.00209383,-0.165503,25.5287,-41.7299,-9.63574,43478825
9.63427,-1.49877,0.208295,-0.0513069,-0.034678,-0.184955,24.6234,-42.641,-11.5629,43543682
9.35654,-0.761356,0.1652,0.0816578,-0.0212216,-0.126866,24.6234,-42.641,-11.5629,43601545
8.78193,-0.380678,0.90022,0.190508,0.062714,-0.0908935,23.7182,-42.4588,-12.7893,43677323
11.7843,-1.11091,0.497994,0.683463,-0.0277499,0.0808415,23.7182,-42.4588,-12.7893,43735145
14.109,-0.325611,0.0335188,0.0670024,-0.424779,0.0299472,21.9076,-41.3654,-11.0373,43795019
10.9535,0.593762,1.74537,0.46976,-0.377082,-0.117806,21.9076,-41.3654,-11.0373,43860089
6.80193,1.47004,2.59292,0.371169,0.464273,-0.0818338,23.5371,-42.641,-12.9645,43918221
8.94952,0.395043,1.35033,1.13498,-0.180433,0.185295,23.5371,-42.641,-12.9645,44025248
9.2488,0.253785,0.167594,0.531313,0.183688,0.121877,21.7266,-41.5476,-11.2125,44084382
9.06205,0.483629,0.347159,0.326004,0.216196,0.124142,22.8129,-42.2765,-9.11015,44147561
9.56723,0.773327,0.292093,0.368505,0.186486,0.120678,22.8129,-42.2765,-9.11015,44209522
9.79467,0.162806,-0.440533,0.254992,0.0950892,0.141328,23.175,-41.5476,-7.70859,44267181
9.23683,-0.426168,-0.962469,0.17905,-0.0947652,0.227129,23.175,-41.5476,-7.70859,44324433
9.4523,-0.45011,0.035913,-0.37719,0.182489,0.250578,24.2613,-42.641,-8.40937,44399239
12.6007,-0.371101,-0.294487,-0.337221,0.178092,0.313596,24.2613,-42.641,-8.40937,44459969
13.4363,-1.15879,1.67833,-1.02496,0.208469,0.21354,26.2529,-40.2721,-8.23418,44520231
9.42358,-1.01035,2.22182,-0.945022,0.654394,-0.0317388,26.2529,-40.2721,-8.23418,44581720
7.46272,-2.03986,4.21858,-0.988455,0.54128,-0.0533223,25.1666,-41.3654,-6.48223,44639178
11.4443,0.620098,2.80122,-0.271005,0.0230111,-0.215198,25.1666,-41.3654,-6.48223,44699326
8.70292,-0.80924,2.46124,-0.149765,0.048858,-0.285677,23.356,-41.001,-7.88379,44769994
9.02374,-0.79248,2.03028,0.66521,-0.0149598,-0.183356,23.356,-41.001,-7.88379,44830583
8.91361,-1.56581,0.993593,0.183979,0.0877615,-0.130596,23.5371,-41.5476,-6.65742,44889857
9.30865,-0.976834,1.07739,0.116698,0.0335364,-0.1258,23.5371,-41.5476,-6.65742,44948178
9.81144,-0.627281,0.766144,0.353316,-0.0397408,-0.111145,20.8213,-41.7299,-5.78144,45006030
10.2184,-0.976834,1.57299,0.429391,-0.0408066,-0.124335,20.8213,-41.7299,-5.78144,45069038
13.6206,-0.572214,0.440533,-0.0109379,-0.408258,-0.111944,19.0107,-40.2721,-6.13183,45142289
11.9638,0.833182,2.22421,0.345989,-0.540423,-0.239446,19.0107,-40.2721,-6.13183,45202271
7.68778,1.20907,2.16915,0.46563,-0.278891,0.0120942,19.0107,-41.7299,-8.23418,45264301
8.16423,0.0191536,1.76692,0.267382,-0.054263,0.304137,19.0107,-41.7299,-8.23418,45322032
9.77313,-0.519542,1.86269,-0.0980711,-0.154453,0.274027,20.0971,-41.001,-9.63574,45379806
8.89925,0.215478,1.1564,-0.372794,0.218861,0.200083,20.0971,-41.001,-9.63574,45487938
9.3326,0.0861912,0.21069,-0.57837,0.318251,0.124142,20.4592,-40.6365,-8.93496,45546806
9.81622,-0.289698,-0.0287304,-0.508023,0.123601,0.12574,20.4592,-40.6365,-8.93496,45605744
9.72285,-0.572214,-0.3304,-0.652179,0.0948227,0.174237,22.4508,-42.2765,-7.70859,45664262
9.50498,-0.533907,1.23541,-0.970735,0.396058,0.139863,22.4508,-42.2765,-7.70859,45725085
12.3421,-0.0933738,0.512359,-0.636592,0.361285,0.0827067,22.8129,-42.2765,-8.05898,45784192
12.6055,-1.15879,1.94649,-0.861352,0.139322,0.0411386,22.8129,-42.2765,-8.05898,45854563
7.37174,-3.16035,3.64158,-0.692815,0.94204,0.0912335,23.356,-42.8232,-6.83261,45919726
9.9503,-1.67355,4.0462,-1.76679,0.335838,-0.401322,23.356,-42.8232,-6.83261,45977652
10.2496,-1.3216,3.73735,-0.627798,0.414844,-0.296469,24.4424,-41.3654,-5.08066,46035230
8.84657,-1.46286,1.18992,-0.497231,-0.316995,-0.275685,24.4424,-41.3654,-5.08066,46100927
8.28394,-1.91776,2.20745,-0.752636,-0.00123695,-0.184289,23.175,-42.641,-5.25586,46158674
9.09796,-1.79326,1.67355,-0.373726,-0.0638556,-0.13486,20.6402,-41.9121,-6.30703,46230940
9.32541,-1.24977,1.73819,-0.395043,0.203673,-0.221726,20.6402,-41.9121,-6.30703,46292206
9.42836,-1.42934,0.981623,-0.0414478,-0.00523389,-0.213999,18.1055,-42.641,-7.3582,46350147
9.61032,-1.80762,2.29843,-0.121387,0.21966,-0.21773,18.1055,-42.641,-7.3582,46413178
12.7922,-1.12049,1.45567,-0.171215,-0.144327,-0.290074,18.1055,-42.641,-7.3582,46471589
12.3756,-0.421379,3.47399,0.0239687,-0.12341,-0.231852,18.1055,-42.641,-7.3582,46529301
8.41322,0.292093,3.11007,0.197036,-0.0690517,-0.0645137,14.8465,-41.9121,-8.75976,46603191
8.73165,-0.169988,2.90895,0.00824741,-0.352035,0.118946,14.8465,-41.9121,-8.75976,46660931
10.4938,-0.0502782,2.70305,-0.0505075,-0.267566,0.0751125,14.8465,-41.9121,-8.75976,46721278
8.98304,-0.234632,0.608127,0.0436869,-0.520838,0.142528,14.8465,-41.9121,-8.75976,46785993
8.46111,-0.687136,1.59454,-0.373193,-0.129139,0.127206,15.9328,-42.641,-11.5629,46844035
9.59596,0.301669,1.04627,-0.710002,0.492651,-0.0406653,15.9328,-42.641,-11.5629,46950497
9.38527,-0.306458,0.0646434,-0.350144,0.0124859,0.0900344,14.4844,-42.641,-10.5117,47012897
10.0317,-0.26815,0.490811,-0.514285,0.191682,0.142927,14.4844,-42.641,-10.5117,47070185
11.2096,-0.775721,0.222661,-0.167751,-0.0514651,0.279489,15.2086,-43.3699,-10.8621,47128656
13.2375,-2.09971,0.447716,-1.0588,-0.225731,0.309999,15.2086,-43.3699,-10.8621,47190505
10.6494,-0.825999,2.54982,-0.906251,0.521695,0.145059,13.9412,-42.4588,-12.0885,47247966
8.14746,-1.93691,2.84192,-0.997515,0.64973,-0.0329379,13.9412,-42.4588,-12.0885,47322857
10.1011,-0.617704,3.77087,-0.67323,0.216196,-0.165903,16.657,-41.9121,-8.75976,47383298
9.73482,-0.471658,2.5594,-0.0285244,0.306927,-0.247973,16.657,-41.9121,-8.75976,47443093
8.53054,-1.57538,1.62566,0.20463,-0.302473,-0.0999532,14.1223,-43.3699,-7.70859,47504056
8.67898,-1.52032,2.06141,0.10444,-0.0336121,-0.123535,14.1223,-43.3699,-7.70859,47561546
9.33499,-1.59933,1.05105,0.0374251,0.133859,-0.138057,13.217,-41.7299,-8.58457,47618955
9.58638,-1.15879,1.18274,0.249662,0.0516558,-0.149515,13.217,-41.7299,-8.58457,47695438
9.33738,-1.02951,1.02711,0.24873,0.0480586,-0.197878,12.1307,-41.3654,-7.88379,47753067
11.3365,-1.34315,0.677559,0.479619,-0.142728,-0.127532,12.1307,-41.3654,-7.88379,47813128
12.8688,-1.02232,1.29766,0.0121111,-0.249713,-0.148183,10.5012,-41.5476,-8.40937,47875220
11.5903,0.0646434,2.99275,0.243267,-0.533096,-0.177494,10.5012,-41.5476,-8.40937,47932961
7.88889,1.4054,2.26252,0.272578,-0.106223,-0.184688,10.1391,-41.1832,-12.2637,47990321
8.82263,0.263362,1.62087,0.392886,-0.14939,0.190358,10.1391,-41.1832,-12.2637,48066070
10.003,-0.263362,2.20266,0.190241,-0.000970492,0.214472,9.77695,-40.8187,-14.0156,48123255
9.17458,0.0742202,0.543483,-0.0354525,0.0659116,0.173437,9.77695,-40.8187,-14.0156,48182586
9.35175,0.337582,0.567425,-0.00774035,0.149581,0.164244,11.4064,-41.7299,-11.3877,48240686
9.36612,0.234632,0.550666,-0.194264,0.151712,0.125207,11.4064,-41.7299,-11.3877,48298576
9.80665,-0.0263362,-0.237026,-0.0573023,0.0715073,0.168774,11.7686,-41.001,-11.3877,48407708
9.94312,-0.555454,0.761356,-0.324964,0.33264,0.263901,12.4928,-41.001,-12.0885,48467850
12.6007,-0.344765,-0.169988,-0.061166,0.170098,0.278423,12.4928,-41.001,-12.0885,48529077
12.9814,-1.075,1.31681,-0.463391,-0.30567,0.235523,15.0275,-41.001,-11.3877,48586925
9.15063,-1.10851,2.81797,-0.283529,0.486389,0.0950972,15.0275,-41.001,-11.3877,48652123
8.41083,-2.48039,2.11168,-0.387849,0.118538,-0.0084234,15.2086,-41.1832,-10.8621,48710134
10.1514,-1.23541,3.5913,-0.636192,0.268823,-0.263561,15.2086,-41.1832,-10.8621,48792983
9.72764,-0.881066,0.706289,-0.109929,-0.0810424,-0.309393,12.4928,-39.5432,-9.63574,48854971
8.34858,-1.19949,1.46046,-0.122852,-0.0709169,-0.28288,12.4928,-39.5432,-9.63574,48912762
8.78193,-1.02472,1.45089,-0.0539716,0.264026,-0.200809,11.7686,-39.5432,-11.0373,48975405
9.43076,-0.993593,0.914585,0.362109,0.0210126,-0.0774372,11.7686,-39.5432,-11.0373,49033583
9.60553,-0.842759,0.972046,0.189309,0.144385,-0.14392,11.2254,-39.3609,-9.11015,49091405
10.9702,-1.29287,0.825999,0.589535,-0.181765,-0.0735735,11.2254,-39.3609,-9.11015,49163800
13.7714,-0.780509,1.13964,0.00105292,-0.490329,-0.0685107,10.3201,-37.3564,-11.0373,49224349
11.7196,1.14922,2.71742,0.232209,-0.485932,-0.161906,10.3201,-37.3564,-11.0373,49284343
6.37815,0.550666,3.0143,0.75221,0.00182736,-0.054255,8.87168,-36.992,-14.8916,49342858
8.90882,-0.112527,1.32878,0.529581,-0.146725,0.290814,8.87168,-36.992,-14.8916,49400780
10.1203,-0.253785,2.08774,0.227413,0.130928,0.279622,10.6822,-36.992,-14.5412,49474993
9.72764,0.332794,0.562637,-0.16442,-0.0657209,0.128938,10.6822,-36.992,-14.5412,49536497
9.28471,0.426168,0.526724,0.0332949,-0.0571941,0.140529,11.4064,-36.2631,-14.8916,49593972
9.77073,0.529118,0.600945,-0.00587508,0.0657783,0.0925658,11.4064,-36.2631,-14.8916,49659085
9.49061,-0.124498,-0.225055,0.117497,-0.11848,0.168907,12.1307,-36.2631,-16.6435,49716947
9.46906,0.035913,0.684741,0.107371,0.00955477,0.240586,12.1307,-36.2631,-16.6435,49774617
10.7859,0.0335188,0.134075,0.259255,-0.0273503,0.269497,11.7686,-36.6275,-16.9939,49885474
12.7539,-0.035913,0.682347,-0.196396,-0.172839,0.337978,15.7518,-35.1697,-19.0963,49942984
7.17542,-1.66397,0.897825,0.433122,0.557401,0.163978,15.7518,-35.1697,-19.0963,50005611
9.96945,-0.725443,2.0638,-0.640722,0.0447278,-0.0723744,15.7518,-34.8053,-17.6947,50063441
11.0133,-0.6608,3.1795,0.757673,0.434695,-0.0654463,15.7518,-34.8053,-17.6947,50121081
9.99339,-1.20189,0.191536,0.196237,0.0270081,-0.17816,15.7518,-34.8053,-16.2932,50182993
8.77235,-1.60172,0.950498,0.340526,0.0692424,0.0074311,15.7518,-34.8053,-16.2932,50253395
9.71567,-1.43652,0.756567,-0.00361019,0.116273,-0.0714418,15.9328,-33.8941,-17.1691,50310899
9.64863,-1.62087,0.304064,0.358379,-0.117148,-0.0273423,15.9328,-33.8941,-17.1691,50369055
9.10514,-1.68552,0.497994,-0.0298567,0.168366,-0.0669119,15.3896,-34.4408,-18.3955,50427574
9.69173,-1.55623,0.514753,-0.0811507,0.235915,-0.0923591,15.3896,-34.4408,-18.3955,50488765
10.7021,-1.17795,0.529118,-0.0150681,0.33677,-0.153512,13.7602,-34.2586,-16.4684,50575159
13.5224,-0.79248,0.694318,-0.115524,-0.437169,-0.249572,13.7602,-34.2586,-16.4684,50636884
10.635,-0.926556,0.562637,0.0312964,-0.546286,-0.249838,12.8549,-31.5252,-20.1475,50695330
7.33344,-0.0933738,2.40138,-0.498964,0.411913,-0.219462,12.8549,-31.5252,-20.1475,50752917
8.64546,0.418985,1.55144,-0.183472,-0.0558617,-0.10355,11.9496,-33.1652,-18.5707,50814559
10.3813,0.624887,1.99676,0.0302306,0.212199,-0.101685,11.9496,-33.1652,-18.5707,50872522
9.742,-0.311246,0.871489,-0.137108,0.206604,-0.00455971,8.50957,-30.7963,-17.6947,50945490
9.09557,-0.213084,0.282516,-0.609545,0.403253,0.0639211,8.50957,-30.7963,-17.6947,51005013
9.5385,0.356736,0.505176,-0.693748,0.435628,0.0139594,8.87168,-32.983,-18.3955,51062524
9.67257,0.215478,0.136469,-0.312307,0.298666,0.066186,8.87168,-32.983,-18.3955,51122585
9.26077,-0.287304,0.411803,-0.592625,0.218195,0.126007,6.88008,-32.8008,-14.0156,51183483
10.0125,-0.146046,0.277727,-0.475781,0.125199,0.220734,6.88008,-32.8008,-14.0156,51241238
10.6949,-0.0790086,1.10851,-0.294987,-0.195621,0.382743,6.51797,-32.4363,-13.6652,51348970
11.8058,-0.905008,3.30879,-0.309909,0.320916,0.154518,9.23379,-33.3474,-10.6869,51407754
8.86573,-2.47082,2.38223,-0.536535,0.191948,0.068451,9.23379,-33.3474,-10.6869,51465517
8.69574,-1.69509,3.29921,-1.28449,0.0639131,-0.195347,6.51797,-33.5297,-10.1613,51527862
10.0389,-0.667982,2.83234,-0.141371,0.162504,-0.232119,6.51797,-33.5297,-10.1613,51589212
8.73404,-1.69031,1.52511,-0.208653,-0.198819,-0.255834,6.51797,-33.5297,-10.1613,51661072
8.50181,-1.66397,1.15879,-0.364,-0.0950317,-0.16044,6.51797,-33.5297,-10.1613,51723144
9.07881,-1.18992,1.07978,-0.371728,0.126665,-0.130863,1.81055,-33.8941,-8.05898,51780856
9.69412,-0.905008,0.737414,-0.0206638,-0.00843144,-0.132728,1.81055,-33.8941,-8.05898,51838457
9.18415,-0.790086,1.54426,0.067402,0.235115,-0.209869,1.26738,-32.2541,-6.83261,51899758
12.6031,-1.56102,-0.462081,0.464031,-0.372019,-0.0305398,1.26738,-32.2541,-6.83261,51958502
13.8768,-0.603339,1.00796,0.025301,-0.58319,-0.0372013,0.543164,-31.1607,-6.48223,52028017
8.91122,1.54187,3.02866,-0.0409149,-0.158716,-0.255434,0.543164,-31.1607,-6.48223,52086372
6.58645,0.191536,2.73897,0.849602,0.256432,0.170906,0.181055,-30.4318,-5.78144,52144734
10.4028,-0.550666,1.51074,0.537175,-0.448494,0.190091,0.181055,-30.4318,-5.78144,52205160
9.44273,-0.150835,1.02232,0.239004,0.177559,0.185961,1.08633,-31.343,-7.3582,52263577
9.2488,0.0790086,0.533907,0.005716,-0.0919674,0.115215,1.08633,-31.343,-7.3582,52325088
9.4954,0.466869,0.184353,0.181581,0.0487247,0.0926991,2.89687,-30.9785,-8.05898,52394404
9.11712,-0.251391,0.222661,0.0626057,0.143452,0.0724479,2.89687,-30.9785,-8.05898,52452975
9.37329,-0.416591,-0.0814028,-0.333224,0.121202,0.0922994,3.07793,-32.6185,-5.43105,52514200
10.975,0.0670376,0.237026,-0.00694093,0.281613,0.17397,3.07793,-32.6185,-5.43105,52575124
14.7291,-2.04944,0.0550666,-0.215048,-0.433705,0.419515,5.43164,-32.0719,-4.55508,52636965
10.1634,-1.09894,2.59531,-0.324831,0.347695,0.122276,5.43164,-32.0719,-4.55508,52694707
10.252,-1.08936,2.91374,-0.948752,-0.0878372,-0.189085,7.06113,-34.8053,-0.875976,52807578
9.94312,0.229843,2.38462,-0.379056,0.411513,-0.315921,7.06113,-34.8053,-0.875976,52865151
8.61194,-0.833182,0.785298,0.287766,-0.276093,-0.218795,5.06953,-34.9875,-2.10234,52922484
8.17859,-1.23301,1.17555,-0.00147846,-0.077312,-0.148183,5.06953,-34.9875,-2.10234,52980956
9.09796,-1.24498,0.931344,-0.0491752,0.191948,-0.0920926,3.62109,-33.5297,-2.45273,53039459
9.92157,-0.603339,0.43335,0.14854,-0.0489337,-0.0746393,3.62109,-33.5297,-2.45273,53112475
9.35893,-0.926556,0.857124,0.36544,0.129862,-0.103284,2.89687,-35.3519,-1.05117,53173294
12.5073,-1.00556,-0.272939,0.153869,-0.385342,-0.0118874,2.89687,-35.3519,-1.05117,53231079
14.4634,0.217872,1.61369,0.137082,-0.573332,-0.110745,2.89687,-35.7164,-4.55508,53289963
9.53131,1.77889,2.21464,0.53904,-0.296744,-0.180691,2.89687,-35.7164,-4.55508,53348176
6.20337,-0.0670376,2.35111,0.596197,0.298666,0.132935,2.35371,-36.992,-5.78144,53405688
10.6757,-0.244209,0.581791,0.395018,-0.188027,0.229661,2.35371,-36.992,-5.78144,53483124
9.22486,-0.095768,0.225055,0.155201,0.197411,0.217403,3.44004,-36.6275,-6.48223,53541034
9.59596,0.531512,0.0933738,-0.185204,0.153444,0.0508645,3.44004,-36.6275,-6.48223,53601002
9.23204,0.481234,0.172382,0.0735307,0.184887,0.110685,3.44004,-37.3564,-4.37988,53662783
9.32302,-0.0430956,-0.222661,0.0949809,0.199676,0.15665,3.44004,-37.3564,-4.37988,53720175
9.55765,0.0430956,-0.636858,-0.172681,0.179025,0.177168,3.25898,-38.2676,-2.10234,53780994
11.2647,-0.122104,-0.265756,0.0768615,0.175294,0.247647,3.25898,-38.2676,-2.10234,53856311
12.8449,-1.68312,-0.0383072,0.161064,-0.195355,0.425111,7.42324,-38.8142,-0.175195,53914769
12.1506,-0.945709,1.75255,-0.332025,0.174362,0.202482,7.42324,-38.8142,-0.175195,53972244
7.64468,-0.962469,2.58813,-0.18214,0.345697,-0.0675781,8.50957,-39.1787,-0.875976,54030604
8.44913,-1.60172,3.16753,-0.603817,0.638805,-0.0904939,8.50957,-39.1787,-0.875976,54089187
11.971,0.390255,2.64559,-0.149099,-0.00137019,-0.349362,6.33691,-37.3564,1.57676,54198983
9.21767,-0.964863,1.74777,-0.292855,-0.0650547,-0.234916,4.34531,-38.9965,0.700781,54258438
8.99262,-1.05345,1.4054,0.291763,0.0617814,-0.0798354,4.34531,-38.9965,0.700781,54316040
9.23683,-1.01754,1.403,0.023569,0.0976206,-0.125134,4.52637,-36.2631,0.875976,54374281
9.63666,-0.687136,0.967257,0.241269,0.00768953,-0.154445,4.52637,-36.2631,0.875976,54435935
10.0125,-1.1157,0.40462,0.355581,-0.250113,-0.0458614,1.62949,-36.992,-0.175195,54494069
10.9894,-1.16119,0.237026,-0.158558,-0.49699,-0.0605168,1.62949,-36.992,-0.175195,54569371
13.386,-0.0933738,0.28491,-0.442607,-0.569734,-0.183622,1.81055,-37.9031,-3.15351,54626825
9.11472,1.0319,1.78368,-0.138707,-0.142329,-0.352027,1.81055,-37.9031,-3.15351,54686967
7.03416,0.112527,1.9417,-0.0871461,0.28148,-0.0982212,-0.724219,-37.5387,-2.80312,54750946
11.0804,-0.0670376,0.823605,-0.60848,-0.541623,-0.0595842,-0.724219,-37.5387,-2.80312,54808892
10.137,-0.00957681,1.44131,-1.09531,0.171297,0.0355429,-1.62949,-35.5342,-1.22637,54866329
9.67257,-0.0047884,0.849941,-1.8899,0.215663,-0.140056,-1.62949,-35.5342,-1.22637,54942489
9.75397,-0.138864,0.667982,-1.82648,-0.0890363,-0.0737067,1.26738,-35.1697,-0.175195,55000727
9.64145,-0.0694318,1.10133,-2.30291,0.0921581,-0.149648,1.26738,-35.1697,-0.175195,55058039
10.1777,-0.136469,1.60411,-2.63226,0.122935,-0.164837,-0.543164,-35.1697,4.73027,55119855
9.63905,0.0263362,1.7358,-2.44294,0.103616,-0.0690436,-0.543164,-35.1697,4.73027,55178415
9.82101,0.277727,1.67115,-2.67556,0.160639,-0.1262,4.88848,-37.3564,6.83261,55248143
9.97903,1.19949,1.80762,-2.52568,0.255899,-0.307261,4.88848,-37.3564,6.83261,55312127
10.6925,0.117316,2.33435,-2.55112,0.0667109,-0.274619,7.9664,-35.7164,11.2125,55369950
9.07881,-0.407014,2.13802,-1.25492,0.399389,0.0364755,7.9664,-35.7164,11.2125,55430759
8.26717,-2.30562,2.47082,-1.81262,0.813072,0.120278,9.05273,-34.623,13.6652,55492665
11.7627,-1.31202,1.6089,-1.89443,0.229253,-0.0669119,9.05273,-34.623,13.6652,55550404
9.56244,-2.19788,2.36308,-2.1473,0.212866,-0.04333,15.7518,-35.8986,15.242,55655365
10.0437,-1.8986,2.20745,-1.99195,0.0339361,-0.229854,18.2865,-34.4408,13.49,55716040
9.62229,-1.66158,2.24576,-1.63183,0.0511229,-0.302864,18.2865,-34.4408,13.49,55773565
9.54568,-1.84114,2.03986,-1.35511,-0.0356106,-0.346964,18.2865,-34.4408,13.49,55831882
9.68933,-1.78368,1.79805,-1.28982,-0.0277499,-0.400922,23.356,-35.5342,11.0373,55890462
9.92396,-1.652,1.56581,-0.835906,-0.302206,-0.346831,23.356,-35.5342,11.0373,55949350
9.60793,-2.15239,1.23301,-0.893861,-0.337912,-0.295936,24.2613,-36.0808,8.40937,56022651
9.58398,-1.82678,1.25456,-0.906651,-0.364025,-0.202275,24.2613,-36.0808,8.40937,56080663
11.1953,-1.13246,0.663194,-1.13661,-0.497123,-0.182423,23.7182,-36.6275,5.78144,56142224
9.38287,-0.0981622,1.64003,-1.20336,0.26789,-0.102751,23.7182,-36.6275,5.78144,56199758
9.41879,0.811634,1.56102,-0.885734,0.0615149,-0.0939578,23.175,-37.1742,2.10234,56259802
10.6326,1.03669,1.12767,-0.617539,0.0527217,-0.0240115,23.175,-37.1742,2.10234,56321162
10.1466,0.677559,1.56581,-0.596889,0.339702,-0.0651799,24.2613,-37.9031,1.40156,56392918
9.57201,0.730231,0.670376,-0.55199,0.33797,-0.0902274,24.2613,-37.9031,1.40156,56450684
9.19613,0.88346,1.30963,-0.384918,0.389796,-0.0986209,24.0803,-37.3564,0.875976,56509936
10.1754,0.579397,0.265756,-0.257016,0.318518,-0.0344035,24.0803,-37.3564,0.875976,56568508
9.41639,0.0335188,0.627281,-0.300582,0.238579,0.0801753,24.0803,-38.0853,1.57676,56625894
9.70848,-0.105345,0.294487,-0.322566,0.201408,0.16904,24.0803,-38.0853,1.57676,56687897
9.75876,-0.272939,1.14203,-0.561715,0.319184,0.209942,25.5287,-36.2631,2.97832,56759026
10.5105,0.277727,1.16358,-0.523078,0.356089,0.257106,25.5287,-36.2631,2.97832,56816493
12.8904,-1.05105,0.720654,-0.318968,-0.156318,0.468944,25.5287,-37.7209,4.02949,56881014
11.6574,-0.931344,2.70305,-0.32563,0.359686,0.325321,25.5287,-37.7209,4.02949,56939056
8.78432,-2.07098,3.4261,-0.389981,0.216063,0.0909671,26.9771,-36.6275,4.37988,56996459
8.51857,-1.94409,3.45962,-0.88227,0.0212791,-0.192282,26.9771,-36.6275,4.37988,57107719
10.2663,-1.3192,2.24337,0.126557,-0.256774,-0.186287,27.3392,-36.2631,5.08066,57166669
8.66461,-1.92254,2.22661,-0.0942074,-0.0377423,-0.230786,26.2529,-37.3564,3.32871,57224830
8.60476,-1.46286,1.80523,-0.0301232,0.00955477,-0.174829,26.2529,-37.3564,3.32871,57283685
8.95192,-1.03908,1.50116,-0.0728904,0.177826,-0.159907,24.0803,-37.3564,4.37988,57344048
9.87129,-0.727837,1.34315,0.134817,0.0302056,-0.133128,24.0803,-37.3564,4.37988,57402652
9.69173,-1.20668,0.787692,0.264318,0.00049505,-0.138724,24.8045,-36.992,4.73027,57473529
10.7093,-0.864306,1.19471,-0.10793,-0.112751,-0.24291,24.8045,-36.992,4.73027,57530943
13.465,-0.833182,0.804451,-0.118988,-0.526434,-0.203874,26.0719,-37.1742,3.8543,57595643
11.066,0.588974,3.27287,-0.133511,-0.458886,-0.236116,26.0719,-37.1742,3.8543,57657488
7.64229,0.976834,2.94008,0.503201,-0.210143,-0.0458614,23.356,-36.6275,0.875976,57715098
9.11472,0.177171,1.46046,0.479886,-0.228263,0.292013,23.356,-36.6275,0.875976,57777217
9.26795,0.100556,1.58017,0.324272,-0.0488005,0.357296,22.8129,-35.7164,0.350391,57847813
9.12909,-0.347159,0.325611,0.246998,-0.149124,0.317726,22.8129,-35.7164,0.350391,57908110
9.18894,0.354342,0.691924,-0.00867292,0.170498,0.229261,25.8908,-35.8986,0.875976,57970127
9.63187,-0.201113,-0.0790086,0.114699,0.130928,0.206745,25.8908,-35.8986,0.875976,58031065
9.56483,-0.758962,-0.344765,-0.107397,-0.0321466,0.263901,26.434,-34.2586,1.40156,58088544
9.70848,-0.550666,0.581791,-0.457529,0.277349,0.185961,26.434,-34.2586,1.40156,58147858
12.7779,-0.464475,-0.873883,-0.0844815,-0.535227,0.28695,28.2445,-33.1652,0.700781,58218202
12.797,-1.24498,1.37667,-0.958611,-0.13207,0.18263,28.2445,-33.1652,0.700781,58275927
8.26717,-1.91776,2.33674,-0.626732,0.583115,0.118146,31.1414,-33.5297,-1.75195,58337316
8.44435,-2.52349,2.79882,-1.07372,0.891945,-0.0422641,31.1414,-33.5297,-1.75195,58395777
10.2831,-1.30005,2.76051,-0.884268,0.76391,-0.324981,31.6846,-31.5252,2.27754,58453191
9.42836,-1.29526,1.79805,-0.364533,0.574855,-0.383203,31.6846,-31.5252,2.27754,58561437
8.38449,-1.30005,2.5594,0.0871203,0.262294,-0.184022,29.874,-31.5252,3.32871,58620043
9.33978,-1.56341,1.42216,0.0394235,0.297201,-0.152313,28.7877,-29.7029,4.73027,58678382
9.71327,-0.617704,2.229,-0.30791,0.444555,-0.243177,28.7877,-29.7029,4.73027,58736901
9.47625,-0.756567,1.75016,0.567285,0.156509,-0.162439,29.5119,-29.7029,6.13183,58799071
11.3341,-1.84593,1.66158,0.327869,0.121469,-0.102351,29.5119,-29.7029,6.13183,58857086
14.0899,-0.318429,3.02148,-0.157625,-0.278358,-0.217063,29.5119,-29.7029,6.13183,58931927
9.55047,0.318429,4.24492,1.04439,-0.81408,-0.211068,26.9771,-29.7029,5.08066,58994418
6.90727,-1.64003,3.38779,0.694654,-0.302073,0.249112,26.434,-32.4363,3.50391,59052081
9.99818,-0.0311246,1.43173,0.267915,-0.795295,0.241785,26.434,-32.4363,3.50391,59109544
9.43315,-0.308852,1.8986,0.184779,-0.130205,0.153852,26.0719,-30.2496,2.80312,59168834
9.47625,-0.414197,0.71826,0.314146,-0.112751,0.0307466,26.0719,-30.2496,2.80312,59227459
8.916,0.083797,0.804451,-0.21265,0.28561,-0.0262764,27.5203,-28.4273,3.8543,59300187
9.47864,0.0215478,0.0047884,0.260454,0.175561,0.157849,27.5203,-28.4273,3.8543,59358703
9.93354,0.0047884,-0.277727,0.112701,0.15078,0.223799,26.9771,-29.7029,5.43105,59417185
9.5385,-0.344765,0.263362,0.039157,0.291072,0.283886,26.9771,-29.7029,5.43105,59474662
11.0301,-0.0047884,-0.122104,0.088719,0.253901,0.247647,26.9771,-29.7029,5.43105,59536434
11.801,-1.24498,1.2378,-0.39038,0.0741719,0.300673,26.9771,-29.7029,5.43105,59597410
9.39245,-1.74777,4.32871,-0.0522395,0.907266,0.154652,28.7877,-27.8807,7.18301,59667697
10.7667,-1.80762,3.48596,-0.300849,-0.122211,-0.121537,28.7877,-27.8807,7.18301,59729130
11.1785,0.179565,4.18746,-0.301382,-0.0971634,-0.312723,28.6066,-26.2406,9.11015,59786865
9.00219,-0.622492,2.2721,0.529048,-0.370954,-0.0442626,28.6066,-26.2406,9.11015,59846640
8.09719,-1.17316,1.75495,0.544236,-0.556011,0.0644541,29.693,-28.0629,7.70859,59908885
8.08043,-0.79248,1.98479,0.0215705,0.257365,0.0366087,29.693,-28.0629,7.70859,59969571
9.17458,-0.469263,0.864306,0.462033,0.340901,-0.0218798,27.8824,-27.6984,8.40937,60094996
10.4148,-0.646434,1.20907,0.501469,0.142786,-0.101019,27.3392,-28.974,12.4389,60152377
12.0548,-0.418985,0.514753,0.513194,-0.146459,-0.173097,27.3392,-28.974,12.4389,60212192
13.2327,0.229843,2.99993,0.347054,-0.330052,-0.335373,27.3392,-28.974,12.4389,60270674
9.75158,2.16915,2.50912,0.821357,0.00622399,-0.38267,24.4424,-30.0674,11.3877,60328761
5.99987,-0.0622492,3.57694,0.64416,0.400055,0.077111,24.4424,-30.0674,11.3877,60390181
10.6207,0.395043,0.806846,1.13179,-0.703232,0.243783,22.9939,-27.5162,14.1908,60460613
9.414,0.526724,2.19788,-0.0667618,0.657458,0.233791,22.9939,-27.5162,14.1908,60518231
9.77073,0.45011,0.277727,0.912754,-0.542688,0.215272,22.9939,-27.5162,14.1908,60581791
8.69574,0.129287,0.600945,0.172521,0.245108,0.200616,22.9939,-27.5162,14.1908,60640304
9.8689,0.474052,-0.0574608,0.165593,0.104415,0.252976,20.6402,-29.5207,11.9133,60700690
9.59835,0.397437,-0.3304,0.269114,-0.120612,0.216871,20.6402,-29.5207,11.9133,60763104
9.22007,0.122104,1.08936,-0.152429,0.424437,0.20035,20.8213,-30.7963,13.1396,60832966
12.7467,0.292093,-0.76375,0.204097,-0.0144268,0.280688,21.3644,-29.8851,14.0156,60893285
12.0333,0.610521,1.09654,-0.272337,-0.137799,0.169707,21.3644,-29.8851,14.0156,60955374
11.1091,-0.543483,1.94888,-0.223708,0.338369,0.00223507,23.5371,-30.6141,12.2637,61013029
7.91523,-1.4054,2.40378,0.259122,0.0347355,0.0463346,23.5371,-30.6141,12.2637,61073601
9.02374,-1.1157,3.22738,-0.272471,-0.049067,-0.0630482,23.5371,-30.6141,12.2637,61145700
10.5129,0.0287304,2.14281,0.258722,0.180757,-0.128465,21.3644,-31.7074,12.6141,61204837
8.90403,-1.07021,1.54187,0.645492,-0.21001,-0.0222795,21.9076,-31.8896,11.7381,61263784
8.5449,-0.857124,1.06063,0.437518,0.109345,0.000636309,21.9076,-31.8896,11.7381,61322668
9.08839,-0.845153,0.893037,0.117497,0.255633,0.0560605,21.9076,-31.8896,11.7381,61384600
10.161,-0.234632,0.557849,0.807901,-0.0189567,0.11375,21.9076,-31.8896,11.7381,61443158
9.43315,-0.45011,0.746991,0.33946,0.139988,-0.00815694,21.1834,-33.3474,13.8404,61548099
12.6246,-0.845153,1.62566,0.666676,-0.188027,0.0531294,21.1834,-33.3474,13.8404,61609292
13.3189,1.92733,3.21302,0.703581,-0.281289,-0.153779,18.8297,-33.8941,13.3148,61671051
7.20894,0.593762,3.39258,1.22078,0.142253,0.0633882,18.8297,-33.8941,13.3148,61728458
8.28872,0.263362,2.0231,1.21919,-0.309401,0.467212,17.3812,-36.8098,13.6652,61791018
10.1466,-0.0454898,1.88902,0.982434,-0.455955,0.249512,17.3812,-36.8098,13.6652,61848349
9.62708,0.0861912,0.035913,0.47016,0.159706,0.254308,16.2949,-34.9875,10.5117,61920930
8.86333,0.0502782,0.411803,0.487347,-0.186828,0.175969,16.2949,-34.9875,10.5117,61981757
9.18176,-0.0550666,0.100556,0.185845,0.239912,0.161446,17.5623,-36.6275,10.3365,62042474
9.99818,-0.399832,-0.988805,0.293229,-0.139797,0.187027,17.5623,-36.6275,10.3365,62102424
9.35893,-0.316035,0.095768,-0.419291,0.170764,0.159448,18.1055,-38.632,10.8621,62161083
11.3605,0.0742202,-0.351948,-0.0554371,0.266824,0.185028,18.1055,-38.632,10.8621,62218410
12.5791,-0.888249,0.670376,-0.531605,0.110944,0.139463,19.0107,-36.992,12.0885,62293764
9.93354,-1.79565,2.31519,-0.12605,0.623884,0.067918,19.0107,-36.992,12.0885,62354219
9.09557,-2.29843,2.75572,-0.622736,0.0945562,-0.0892947,20.8213,-37.7209,12.0885,62414110
9.78749,-0.823605,2.9305,-0.441808,0.301064,-0.275419,20.8213,-37.7209,12.0885,62473025
9.47146,-0.914585,1.38385,-0.012137,0.0948227,-0.266092,21.3644,-37.5387,13.3148,62530563
8.69334,-1.58257,1.35991,-0.106998,-0.136999,-0.242111,21.3644,-37.5387,13.3148,62589223
9.10514,-1.02472,0.88346,-0.221443,0.134126,-0.170433,18.8297,-37.5387,12.9645,62665765
9.51216,-1.03669,0.768538,0.0908507,0.0599162,-0.12207,18.8297,-37.5387,12.9645,62723405
9.68933,-0.632069,0.107739,0.202765,0.112676,-0.181091,19.5539,-37.5387,12.6141,62782809
9.73003,-1.14922,0.459687,0.0219702,-0.00430127,-0.170699,19.5539,-37.5387,12.6141,62841523
10.7332,-1.10133,0.260968,0.176385,-0.196287,-0.135126,17.7434,-37.5387,12.9645,62899061
12.785,-1.33357,1.50116,-0.150298,0.0810999,-0.194947,17.7434,-37.5387,12.9645,63010811
7.24246,0.205901,3.66552,0.304021,0.242576,-0.00615849,18.1055,-37.9031,12.9645,63069872
7.87692,-0.521936,1.8148,-0.0349195,-0.261437,0.244849,16.1139,-38.0853,12.0885,63131759
10.1275,0.565031,2.84431,-0.576904,0.0423297,0.0915,16.1139,-38.0853,12.0885,63189638
9.87368,0.232238,1.39821,-0.0823498,-0.313931,0.157316,18.4676,-39.7254,11.2125,63247285
9.2895,-0.0335188,1.57538,-0.755567,0.0994858,0.0351432,18.4676,-39.7254,11.2125,63309098
9.45949,0.529118,1.29047,-0.591559,0.17183,0.0247511,18.6486,-38.4498,10.3365,63379567
9.52174,-0.0167594,0.969651,-0.548126,0.13719,0.0503315,18.6486,-38.4498,10.3365,63436943
9.35654,-0.344765,0.751779,-0.605016,0.163836,0.147857,21.1834,-39.1787,12.7893,63496567
9.84735,0.107739,0.565031,-0.535869,0.125866,0.144393,21.1834,-39.1787,12.7893,63555253
10.4746,-0.0670376,0.196324,-0.653378,0.114541,0.145059,23.175,-38.632,10.5117,63616339
10.9391,-0.428562,-0.141258,-0.364134,-0.166977,0.275759,23.175,-38.632,10.5117,63676634
12.6342,-0.387861,1.26414,-0.788075,0.0227447,0.246448,26.434,-38.632,9.11015,63746458
8.96149,-2.12126,2.29125,0.153736,0.59857,0.307867,26.434,-38.632,9.11015,63805797
8.60955,-2.81558,3.78763,-1.24892,0.914061,0.164511,28.2445,-37.9031,11.2125,63864466
9.73003,-0.952892,3.94325,-0.695879,0.410181,0.00183539,28.2445,-37.9031,11.2125,63926511
9.49301,-1.76692,3.3016,0.409939,0.342766,0.00383386,30.4172,-36.4453,13.3148,63988042
9.27992,-2.45884,2.67432,-0.852426,0.186353,-0.205206,30.4172,-36.4453,13.3148,64046280
8.90403,-2.25773,3.74214,0.0670024,0.227121,-0.0711753,27.8824,-35.3519,13.6652,64119508
9.15782,-1.96324,3.62003,-0.237298,0.151712,-0.116074,27.8824,-35.3519,13.6652,64180442
9.40681,-2.08774,3.31118,0.401013,-0.236656,-0.0304065,28.6066,-36.8098,14.0156,64241361
9.48822,-2.32477,2.65517,0.471492,-0.4842,0.0236853,28.6066,-36.8098,14.0156,64302056
10.8601,-1.80283,1.8148,-0.0954064,-0.536293,-0.0951569,28.4256,-38.4498,12.0885,64360661
9.33738,-1.00556,2.08295,0.086987,-0.270764,-0.108746,28.4256,-38.4498,12.0885,64418160
9.26795,-0.519542,1.76692,-0.0203973,-0.0308143,-0.0902274,27.8824,-38.2676,10.1613,64522961
10.1562,0.289698,1.26414,0.2879,0.19368,-0.0615827,27.8824,-38.2676,10.1613,64583555
10.1777,0.80924,1.74298,0.221551,0.168366,-0.111678,27.5203,-38.632,10.1613,64641841
10.4196,0.289698,1.16598,0.506665,-0.151255,-0.0226792,27.5203,-38.632,10.1613,64700277
9.91439,0.349553,1.35272,0.262586,-0.0870378,-0.0457281,26.9771,-39.1787,9.63574,64758279
10.3166,0.387861,1.37906,0.303621,-0.190159,-0.0573193,26.9771,-39.1787,9.63574,64832695
9.77073,-0.177171,1.55862,0.386224,-0.0801098,0.0282152,23.7182,-38.8142,9.98613,64894397
9.79467,-0.198719,1.1157,0.135083,-0.10569,0.0422044,23.7182,-38.8142,9.98613,64954573
10.3573,-0.732625,1.2785,0.300823,-0.167909,0.103757,24.8045,-40.2721,11.0373,65016579
10.1945,-0.979228,1.45807,0.140146,-0.0539965,0.0960298,24.8045,-40.2721,11.0373,65074098
9.16261,-1.2785,0.751779,0.0354266,-0.133003,0.10056,23.8992,-39.3609,9.46054,65134243
9.36132,-1.14443,0.92895,-0.415694,0.114807,0.0135597,25.8908,-39.9076,8.23418,65210209
9.742,-0.579397,1.10851,-0.208919,0.199143,-0.00469294,25.8908,-39.9076,8.23418,65267730
10.1083,-0.632069,2.07817,-0.352809,0.438026,-0.0414647,26.615,-39.5432,8.58457,65327915
9.7013,-0.811634,1.74537,-0.142703,0.269489,0.0439364,26.615,-39.5432,8.58457,65388943
8.80108,-0.866701,1.84353,0.0215705,0.226855,0.141328,26.615,-39.5432,8.58457,65446925
9.86171,-0.232238,1.84593,-0.348413,0.176227,0.0287481,26.615,-39.5432,8.58457,65504471
9.23443,-0.426168,1.83635,0.0294312,0.0572515,0.0671186,26.615,-40.6365,10.3365,65581567
10.2448,-1.6113,2.36547,-0.420491,-0.0922339,0.0789762,26.615,-40.6365,10.3365,65639385
10.2376,-0.730231,1.7741,-0.340685,-0.235191,-0.00455971,26.434,-40.0898,7.70859,65699291
8.66222,-0.519542,2.02071,-0.288325,0.117339,-0.137391,26.434,-40.0898,7.70859,65760131
10.0963,-0.464475,1.43413,-0.184671,-0.102759,-0.188818,26.434,-40.0898,7.70859,65817421
10.635,-0.0526724,1.4868,-0.394244,0.0335364,-0.263161,26.434,-40.0898,7.70859,65875040
10.7069,0.167594,1.04627,0.458302,0.388997,0.0300804,25.7098,-39.3609,7.3582,65985228
8.82263,-0.533907,1.27611,0.454039,0.68557,0.116681,25.7098,-39.3609,7.3582,66042394
9.54329,-0.64404,1.53229,0.882111,1.05342,0.207011,25.3477,-39.7254,10.5117,66100617
9.67736,-0.83797,1.90339,0.21782,1.22702,0.0178231,25.3477,-39.7254,10.5117,66162363
8.16183,-0.445321,3.20823,0.0650039,1.67521,-0.059451,25.1666,-36.992,18.3955,66219858
7.98466,-0.519542,3.72298,0.506665,1.89944,0.0164908,25.1666,-36.992,18.3955,66280131
8.34858,-0.574608,4.77883,0.288299,2.05399,-0.333241,21.5455,-30.7963,29.9584,66350316
8.05409,0.282516,4.30477,-0.0636974,1.81484,-0.594374,21.5455,-30.7963,29.9584,66409422
6.33266,0.311246,4.42927,0.197436,1.18066,-0.520697,18.8297,-22.2316,36.0902,66468321
5.97832,1.10133,6.63672,-0.700009,1.09699,-0.691633,18.8297,-22.2316,36.0902,66530307
5.15711,1.0319,7.98945,-0.669499,0.889413,-0.647267,18.1055,-16.4004,39.5941,66589582
4.48913,-0.0191536,6.90966,0.46563,0.266824,0.0116945,18.1055,-16.4004,39.5941,66648327
4.86023,-0.691924,7.92002,0.675735,0.625483,0.426443,19.3728,-14.0314,42.2221,66718560
5.10444,1.54187,7.50343,0.272711,0.439092,-0.0990206,19.3728,-14.0314,42.2221,66778165
5.47075,0.938527,8.41801,-0.608613,0.662254,-0.388265,16.8381,-10.7514,42.2221,66840059
5.05416,1.00796,8.80108,-0.49097,0.365815,-0.262229,16.8381,-10.7514,42.2221,66897541
4.96557,0.296881,9.55765,0.189309,-0.064655,-0.00629172,19.1918,-6.1957,45.5508,66960290
5.21218,0.605733,9.93593,-0.376657,-0.0288158,-0.0705092,19.1918,-6.1957,45.5508,67030646
6.18901,0.962469,10.7835,-0.310841,-0.328852,-0.284878,19.735,-7.83574,43.6236,67091787
6.66067,0.304064,11.2887,0.124691,-0.303938,0.212207,19.735,-7.83574,43.6236,67155977
6.07888,0.21069,12.311,0.247397,-0.0931665,0.0507312,20.8213,-9.29355,44.3244,67213525
7.27598,0.651223,13.4434,0.36091,0.284277,0.302805,20.8213,-9.29355,44.3244,67273906
8.60715,1.79326,12.2559,0.305886,0.0565854,-0.0153514,19.0107,-10.0225,43.974,67334943
7.1419,-0.179565,12.4211,-0.276468,0.283744,0.167575,19.0107,-10.0225,43.974,67444310
6.38533,-0.0215478,10.9271,-0.917043,-0.140197,-0.0190819,20.2781,-8.01797,44.4996,67504296
5.4516,-1.54187,10.3334,-1.27943,-0.157917,-0.200943,25.7098,-9.47578,43.7988,67561901
6.77798,-0.320823,7.33104,-1.55455,-0.828069,-0.518965,25.7098,-9.47578,43.7988,67620122
5.43962,-2.1883,7.63032,-0.951417,-1.48783,-0.442491,31.6846,-15.4893,38.3678,67678768
5.35822,-0.629675,6.51462,-0.226373,-1.32515,-0.300333,31.6846,-15.4893,38.3678,67736292
4.67109,-0.790086,5.1619,0.730493,-0.985682,0.202615,32.9519,-21.5027,31.5351,67815145
3.39977,-1.03908,3.4668,1.62194,-1.83703,0.934587,32.9519,-21.5027,31.5351,67872871
4.32153,-1.41258,5.61679,2.12862,-0.953174,1.53573,30.5982,-26.0584,29.2576,67932634
7.57765,-0.385466,4.04381,1.47566,-1.98505,-0.153645,30.5982,-26.0584,29.2576,67994739
6.95755,-1.10133,4.23055,0.279773,-1.44933,-0.29074,26.0719,-32.0719,21.3738,68052596
9.16979,-0.378284,3.86185,0.455771,-0.572798,0.0553943,26.0719,-32.0719,21.3738,68113454
8.92797,-0.708683,3.62721,0.236073,-0.459419,0.0270161,23.7182,-37.3564,19.0963,68188272
8.88488,-0.497994,3.09331,-0.429151,0.0544537,-0.101952,23.7182,-37.3564,19.0963,68245724
8.61912,-0.229843,3.45962,-0.477913,0.481193,-0.0482596,24.9855,-35.7164,18.9211,68306179
8.07564,-0.323217,3.55539,0.0860544,0.690499,0.121344,24.9855,-35.7164,18.9211,68367498
8.37492,-0.124498,3.37582,0.0138431,1.28018,-0.280881,25.7098,-35.7164,21.7242,68428013
5.92804,-0.464475,3.29442,-0.576638,1.6475,-0.200809,25.7098,-35.7164,21.7242,68485432
5.60961,-0.354342,3.72777,0.265383,2.2052,0.274293,24.2613,-28.7918,29.4328,68559923
6.68461,0.0622492,3.59609,0.269913,1.57595,0.0815076,24.2613,-28.7918,29.4328,68617579
7.62553,1.00317,6.37097,-0.0770206,1.96139,-0.799817,22.8129,-20.7738,38.543,68677336
6.6056,0.146046,7.2233,0.0791264,1.79086,-0.279149,22.8129,-20.7738,38.543,68739060
5.54497,-0.605733,7.69975,0.230477,1.09965,0.398331,21.3644,-9.47578,42.7477,68796416
4.73812,-0.536301,8.92079,0.540373,1.12004,0.822939,21.3644,-9.47578,42.7477,68855740
4.13957,-0.380678,9.06923,0.649356,0.744591,0.311331,20.8213,-3.09785,45.3756,68960203
3.46441,0.0550666,9.64863,-0.803397,1.33321,0.0877695,22.6318,4.55566,46.4267,69021809
3.35188,0.0191536,10.726,-0.226772,1.03903,-0.192549,22.6318,4.55566,46.4267,69079546
2.54982,-0.768538,11.9279,-0.448069,1.50841,-0.135526,22.6318,4.55566,46.4267,69137886
1.48919,-2.05183,13.149,-0.130313,2.3892,0.803754,23.5371,11.6625,45.9012,69196336
1.07739,-1.53708,17.8751,1.05225,4.37034,1.23582,23.5371,11.6625,45.9012,69254809
2.52828,1.23541,10.3453,1.82672,4.37034,-0.667385,19.916,38.632,39.2437,69331646
5.18584,-0.059855,-0.418985,-0.828045,4.37034,-1.56403,19.916,38.632,39.2437,69389556
5.30555,-0.0167594,-0.31364,-0.101802,4.37034,-1.41401,20.2781,65.2371,-16.4684,69449412
5.39653,-0.229843,-0.61531,0.515192,4.37034,-1.48169,20.2781,65.2371,-16.4684,69508022
5.41089,-0.349553,-0.912191,1.07316,4.37034,-1.74456,26.7961,22.2316,-56.0625,69565800
5.25767,-0.414197,-1.79326,-4.24649,-4.36096,-1.80571,26.7961,22.2316,-56.0625,69628280
5.62637,-0.529118,-11.9949,-4.24649,-4.36096,3.07028,14.4844,-4.37344,-54.6609,69700412
0.847547,7.45315,-7.01262,4.48482,-0.422381,3.37765,14.4844,-4.37344,-54.6609,69760644
0.787692,0.225055,-10.0341,0.0275659,0.0316712,0.0284816,14.4844,-4.37344,-54.6609,69822360
0.766144,0.380678,-9.9096,0.0359595,0.036201,0.0236853,14.4844,-4.37344,-54.6609,69880057
0.80924,0.418985,-9.94072,0.043154,0.0351352,0.0282152,19.916,2.18672,-57.1137,69937534
0.780509,0.409408,-9.95988,0.0442199,0.032737,0.0268829,19.916,2.18672,-57.1137,69995896
0.775721,0.380678,-9.83059,0.042621,0.0358013,0.0211539,21.7266,1.45781,-57.1137,70070591
0.739808,0.366313,-9.86171,0.0440866,0.0372669,0.020621,21.7266,1.45781,-57.1137,70127978
0.773327,0.332794,-9.92396,0.0464848,0.0381995,0.0262167,21.0023,1.45781,-57.4641,70186243
0.814028,0.387861,-9.90242,0.0452857,0.0322041,0.0236853,21.0023,1.45781,-57.4641,70248368
0.785298,0.452504,-9.93354,0.0496823,0.0354016,0.025817,19.916,1.09336,-56.4129,70305716
0.775721,0.383072,-9.8665,0.0480835,0.0339361,0.020621,20.6402,2.18672,-57.8144,70416674
0.821211,0.40462,-9.93114,0.0454189,0.0324705,0.0288813,20.6402,2.18672,-57.8144,70474834
0.785298,0.40462,-9.88087,0.0482168,0.0363342,0.0266164,20.6402,1.09336,-58.1648,70534119
0.790086,0.411803,-9.92157,0.0488829,0.0346022,0.0244847,20.6402,1.09336,-58.1648,70596082
0.770933,0.383072,-9.91678,0.0439534,0.0339361,0.0232856,21.1834,2.7334,-57.6392,70656867
0.80924,0.397437,-9.96706,0.0435537,0.0375333,0.0282152,21.1834,2.7334,-57.6392,70718715
0.802057,0.383072,-9.88326,0.046618,0.0356681,0.0260835,21.5455,1.64004,-55.8873,70788526
0.797269,0.421379,-9.87847,0.0470177,0.0332699,0.0235521,21.5455,1.64004,-55.8873,70848894
0.76375,0.407014,-9.83777,0.0482168,0.0366007,0.0264832,21.9076,0.911133,-55.8873,70910482
0.797269,0.390255,-9.97424,0.0499488,0.0335364,0.0216868,21.9076,0.911133,-55.8873,70968559
0.773327,0.43335,-9.8665,0.046618,0.0376666,0.0247511,20.2781,1.82227,-57.4641,71031731
0.76375,0.363919,-9.94312,0.0499488,0.0332699,0.0236853,20.2781,1.82227,-57.4641,71090311
0.73502,0.409408,-9.88805,0.0451525,0.0401979,0.0242182,19.5539,1.45781,-58.1648,71159529
0.804451,0.387861,-9.88087,0.0470177,0.0370004,0.0254173,19.5539,1.45781,-58.1648,71217935
0.761356,0.383072,-9.90481,0.046618,0.0380662,0.0251508,20.8213,2.00449,-57.9896,71276755
0.773327,0.385466,-9.93354,0.046618,0.0358013,0.0252841,20.8213,2.00449,-57.9896,71337860
0.749385,0.40462,-9.8258,0.0486165,0.0319376,0.0219533,20.2781,2.18672,-57.4641,71398068
0.758962,0.387861,-9.89045,0.0423546,0.0322041,0.0254173,20.2781,2.18672,-57.4641,71468359
0.804451,0.395043,-9.84974,0.046618,0.0366007,0.0248844,21.3644,2.55117,-57.1137,71528310
0.811634,0.454898,-9.87129,0.0478171,0.0387324,0.0239518,21.3644,2.55117,-57.1137,71587295
0.64404,0.541089,-9.06205,0.078327,0.0364675,-0.222792,20.6402,2.18672,-57.4641,71648046
2.50673,-3.39258,-19.6133,3.1986,-1.78587,3.64091,20.6402,2.18672,-57.4641,71708938
0.304064,1.22344,-12.3158,1.61515,0.427767,3.58842,25.5287,8.20019,-59.0408,71766621
3.12443,-2.01592,-14.461,3.14771,3.3021,4.40672,42.5478,7.10683,-49.9306,71871480
4.28323,-2.59292,-15.2391,1.92957,2.75811,4.02435,42.5478,7.10683,-49.9306,71929381
3.68707,-7.7213,-10.635,2.44838,2.89055,3.6168,54.3164,13.8492,-40.9957,71992538
0.562637,-6.34463,-7.18021,1.21106,1.94127,0.906342,54.3164,13.8492,-40.9957,72053578
0.679953,-5.82749,-5.69341,0.519589,1.48855,0.86131,58.4807,15.1248,-36.2654,72111215
0.945709,-5.70778,-4.72615,-0.682023,0.762178,-0.45688,58.4807,15.1248,-36.2654,72168877
2.58574,-10.8266,-6.24887,0.711974,0.293337,-0.35216,56.489,12.7559,-38.543,72243712
0.440533,-6.18901,-3.99832,0.94846,0.651862,-0.196013,56.489,12.7559,-38.543,72304597
0.490811,-5.7796,-4.18506,-0.805928,0.262161,-0.764244,58.1185,8.56464,-33.8127,72364564
1.62087,-7.13232,-3.18429,-1.90335,0.205405,-0.62595,58.1185,8.56464,-33.8127,72425357
3.75171,-6.42603,-5.81791,-0.233301,2.03027,-0.385867,53.2301,3.64453,-40.6453,72483031
1.68312,-5.3654,-6.58166,-0.8872,0.580717,0.110685,53.2301,3.64453,-40.6453,72543216
2.95923,-4.96797,-4.14436,-0.820051,1.36545,0.323589,47.7984,-1.45781,-45.5508,72617103
5.17387,-5.84664,-4.88177,-1.59905,1.58701,0.405393,47.7984,-1.45781,-45.5508,72674512
3.3447,1.91057,-15.5312,-1.54203,-1.00913,-0.117407,45.0826,-4.92012,-46.7771,72733065
3.65834,-2.91853,-6.56251,-1.68019,0.268689,0.263102,45.0826,-4.92012,-46.7771,72794948
3.5099,-3.54821,-6.89051,-0.182806,0.222591,-0.0348032,38.3836,-4.37344,-52.5586,72852515
4.68545,-2.54743,-6.08606,-0.468187,0.541414,0.0681845,38.3836,-4.37344,-52.5586,72914941
5.14993,-3.32555,-6.00945,0.0259671,0.0489912,0.0307466,36.2109,-7.65351,-52.5586,72986509
4.87459,-3.98634,-6.86657,-0.106331,0.178625,0.0900344,36.2109,-7.65351,-52.5586,73046784
