9.97185,0.19393,-1.17076,0.263518,0.247772,0.123742,5.06953,-38.2676,-20.3226,2560435
9.82819,0.19393,-0.59855,0.0335613,0.0549866,0.0272825,5.43164,-38.9965,-19.6219,2618343
10.137,-0.215478,-0.907402,0.154402,0.164769,0.183696,5.43164,-38.9965,-19.6219,2679451
9.90481,0.186748,-1.13246,-0.409965,-0.0412063,0.0103622,5.43164,-38.9965,-19.6219,2741185
9.87129,0.071826,-0.713472,-0.101402,-0.0657209,0.011428,5.43164,-38.9965,-19.6219,2799335
9.84735,0.56982,-1.37906,-0.0021446,-0.265168,-0.10808,5.43164,-38.9965,-19.6219,2951950
9.89045,0.0335188,-1.67355,-0.0503743,0.215663,0.113483,6.51797,-39.3609,-18.9211,3012982
9.67736,-0.26815,-1.1564,-0.0756883,0.422838,0.124675,6.51797,-39.3609,-18.9211,3074132
9.78749,0.0143652,-1.44131,-0.184538,0.425103,0.10389,6.88008,-41.1832,-18.2203,3131781
9.78989,0.035913,-1.3623,-0.0113375,0.531554,0.201283,6.88008,-41.1832,-18.2203,3189916
9.10754,-0.263362,-0.658405,0.062739,0.676244,0.244849,7.06113,-40.2721,-13.8404,3248218
9.55047,-1.01514,-0.387861,-0.117789,1.16893,0.315728,9.41484,-41.9121,-6.65742,3402252
10.5776,-0.754173,1.53229,-0.0904769,1.03743,0.332515,9.41484,-41.9121,-6.65742,3464190
10.4842,0.141258,-0.845153,0.58354,-0.0669199,0.162645,10.3201,-42.4588,0.175195,3521857
12.0404,-1.01754,3.88579,0.690791,0.580717,0.0797756,10.3201,-42.4588,0.175195,3584398
13.204,-0.603339,5.63834,0.11843,1.08979,0.0765781,9.77695,-42.2765,2.45273,3642096
11.8585,0.409408,3.58651,-0.6258,-0.647808,-0.35629,9.77695,-42.2765,2.45273,3699954
10.7356,-1.33596,6.11479,-0.0217296,0.150913,0.0215536,6.69902,-43.1877,4.02949,3853029
8.58561,0.368707,2.84431,0.45697,-0.568535,-0.143253,6.69902,-43.1877,4.02949,3913325
8.07803,-0.969651,2.22421,0.628705,-0.282621,-0.0256102,6.15586,-44.8277,1.05117,3974096
7.40287,-1.42455,2.5187,1.0657,-0.399998,-0.269157,6.15586,-44.8277,1.05117,4033248
8.39886,-2.16675,2.3942,0.836279,-0.18403,-0.542414,6.15586,-44.8277,1.05117,4092189
9.75876,-1.42455,2.03028,0.266982,0.0358013,-0.544679,2.35371,-43.9166,-1.22637,4149996
10.7117,-1.23301,0.363919,-0.773953,-0.142196,-0.941974,-3.9832,-42.2765,-1.05117,4261805
8.59039,0.943315,1.57778,-0.125916,-0.125009,-0.935979,-3.9832,-42.2765,-1.05117,4319089
7.79313,0.782904,1.49398,-0.448735,-0.120346,-0.776634,-9.59589,-40.6365,2.97832,4377355
8.66222,3.15795,1.05105,-0.0994034,0.0215456,-0.876824,-9.59589,-40.6365,2.97832,4435873
9.56962,2.08535,0.493205,0.15307,-0.0831741,-0.980478,-13.7602,-37.1742,2.45273,4493221
9.61032,2.33913,0.967257,-0.191066,-0.177102,-1.15594,-13.7602,-37.1742,2.45273,4554396
13.2782,3.19147,1.95127,-0.705339,-0.237189,-0.817003,-18.8297,-33.5297,1.75195,4629758
9.26077,2.41814,2.73418,0.115232,-0.648741,-0.0908935,-18.8297,-33.5297,1.75195,4687737
9.37569,1.71185,2.81319,-1.26038,-0.941716,0.373284,-20.6402,-32.0719,0.350391,4750122
9.60314,1.39103,2.1476,-1.6273,-0.887624,0.725414,-20.6402,-32.0719,0.350391,4808394
7.37414,2.04225,1.90818,-1.85273,-0.834731,0.882893,-15.2086,-34.2586,2.10234,4869099
8.49941,1.49398,1.54905,-2.26414,-0.552414,0.813213,-15.2086,-34.2586,2.10234,4931653
8.73644,1.32399,1.41497,-2.12492,-0.0124284,0.682513,-7.6043,-37.5387,3.8543,5002816
10.0963,2.1476,0.936133,-1.69538,0.0380662,0.367155,-7.6043,-37.5387,3.8543,5063116
9.39963,1.25696,-0.184353,-1.13115,-0.300074,0.400596,-1.26738,-37.7209,8.23418,5124291
9.60075,0.648829,0.380678,-1.27663,-0.459686,0.413386,-1.26738,-37.7209,8.23418,5182225
12.6605,-1.08457,-0.770933,-0.296186,-1.24588,0.65227,3.25898,-39.7254,9.46054,5245455
9.48822,-5.80354,5.49709,-0.516683,0.847046,0.678783,3.25898,-39.7254,9.46054,5304082
13.3788,-0.497994,2.31519,-3.54956,-0.553347,-0.0493254,8.14746,-40.2721,8.93496,5387637
10.1203,-2.34392,1.87945,-1.21322,-0.421448,0.00796403,8.14746,-40.2721,8.93496,5446678
8.74362,-0.943315,0.201113,-1.60985,-0.17164,-0.105282,13.217,-39.9076,7.18301,5505228
7.33583,-1.57778,-0.624887,-0.808593,-0.47927,-0.228388,13.217,-39.9076,7.18301,5563414
6.75644,-1.09176,-0.998382,-1.02762,-0.37082,-0.267558,12.6738,-40.0898,5.95664,5626051
8.49463,-0.11971,-1.30484,-0.464324,-0.117947,-0.416377,12.6738,-40.0898,5.95664,5731565
12.1338,-0.260968,-2.07338,0.222483,0.153977,-0.708953,13.0359,-41.5476,3.50391,5794590
16.7091,0.687136,-2.46603,-0.108596,-0.624759,-0.63421,9.958,-39.9076,4.02949,5852474
8.28154,0.227449,2.05422,0.160131,0.372876,-0.229454,9.958,-39.9076,4.02949,5910275
6.29196,1.35991,-0.00957681,0.717836,-0.259306,0.118546,5.25058,-40.2721,2.62793,5968809
10.6805,-1.30245,0.181959,-0.47325,0.0779024,0.289881,5.25058,-40.2721,2.62793,6030538
9.01417,1.09894,-1.13246,-0.0262595,0.151846,0.421114,6.15586,-41.5476,2.10234,6100993
9.29429,0.56982,-0.533907,-0.431282,0.180757,0.303737,6.15586,-41.5476,2.10234,6163875
8.80108,0.993593,-1.59693,-0.302448,0.170232,0.221001,10.1391,-40.4543,3.8543,6221667
9.4547,0.749385,-2.14999,-0.22171,0.0917584,0.240053,10.1391,-40.4543,3.8543,6279088
8.83221,0.0,-0.739808,-0.284062,0.0888273,0.363824,9.23379,-41.3654,3.6791,6343509
12.8425,0.497994,-2.76291,-0.30871,-0.0114957,0.41765,9.23379,-41.3654,3.6791,6404335
13.0604,-0.320823,-1.29287,-0.607547,-0.781439,0.437634,13.0359,-40.0898,2.45273,6474648
9.7013,-2.07098,2.42533,-0.704406,0.375674,0.361426,13.0359,-40.0898,2.45273,6532999
11.1426,0.189142,0.0263362,-1.61851,-0.238255,-0.0459946,16.1139,-40.2721,1.57676,6590796
10.5967,1.26893,0.395043,-0.476847,0.066178,-0.26103,16.1139,-40.2721,1.57676,6650524
8.40125,0.263362,-0.306458,-0.125783,0.206337,-0.276218,15.0275,-41.7299,-0.175195,6708251
7.90805,-0.306458,-0.76375,-0.0975381,-0.00070403,-0.204007,15.0275,-41.7299,-0.175195,6770746
8.35337,-0.0670376,-1.00078,0.299491,0.391395,-0.0390666,12.3117,-41.1832,1.40156,6842020
9.34457,0.943315,-1.62327,0.422996,0.0525885,-0.180025,12.3117,-41.1832,1.40156,6900741
10.2975,0.438139,-1.08697,0.484282,0.252302,-0.305662,12.4928,-40.6365,0.875976,6960009
12.129,0.758962,-2.21464,0.593932,-0.116082,-0.355224,12.4928,-40.6365,0.875976,7018522
13.3764,3.73017,1.21625,0.466163,-0.120612,-0.49978,8.69062,-41.1832,1.75195,7079500
9.16261,3.11007,1.51313,1.25209,0.161172,-0.326579,8.69062,-41.1832,1.75195,7137908
11.078,0.110133,0.584185,0.543837,0.276816,0.143194,5.79375,-41.9121,2.80312,7240572
7.09162,1.4437,-0.519542,0.725697,-0.150456,0.295344,6.88008,-40.0898,1.40156,7300606
10.5177,2.38223,-0.588974,1.06877,0.517699,0.120411,6.88008,-40.0898,1.40156,7362254
8.43956,1.38624,-1.67355,0.854665,0.209002,0.193955,6.88008,-40.0898,1.40156,7419583
9.42597,1.08457,-1.99437,0.717037,0.0981535,0.311065,5.06953,-41.5476,3.15351,7481793
9.98861,1.33118,-1.41018,0.688926,0.0224782,0.41765,5.06953,-41.5476,3.15351,7540015
12.2583,1.18752,-2.30562,0.886507,-0.368156,0.448693,7.42324,-41.001,1.92715,7611855
11.7747,-0.246603,0.227449,0.474956,0.0552531,0.172238,9.77695,-40.0898,-0.350391,7676949
8.89206,-1.86269,0.806846,0.235806,-0.305404,0.203414,9.77695,-40.0898,-0.350391,7734540
11.1833,-0.177171,0.969651,-0.0060083,0.0284736,0.0155582,10.1391,-41.9121,-0.700781,7794790
9.70609,0.1652,0.0885854,0.29576,0.294803,-0.126866,10.1391,-41.9121,-0.700781,7856024
9.26077,-0.083797,-0.679953,0.413403,-0.00150342,-0.118206,10.1391,-41.9121,-0.700781,7913655
9.0812,-0.124498,-0.409408,0.78725,0.202607,-0.0569196,9.05273,-40.8187,0.0,7986371
9.04768,-0.454898,-0.0909796,0.930341,0.265758,-0.0615827,8.32851,-38.2676,0.0,8044618
9.52174,-0.134075,-0.0191536,0.92168,0.381003,-0.178959,8.32851,-38.2676,0.0,8103408
10.4267,-0.234632,-0.500388,1.22078,-0.0547959,-0.10475,8.32851,-38.2676,0.0,8160830
12.73,0.565031,-0.337582,0.628572,-0.190692,-0.177094,8.32851,-38.2676,0.0,8219659
10.1538,3.38301,1.15401,1.23531,0.257764,-0.323782,8.32851,-38.2676,0.0,8280928
11.6023,0.97444,0.14844,1.75104,0.150114,-0.076771,3.07793,-41.001,0.525586,8351423
8.67419,0.663194,-0.481234,0.954189,0.287208,0.182364,2.17266,-38.9965,-0.350391,8411208
7.9248,1.61848,-0.0502782,1.24583,0.155976,0.248713,2.17266,-38.9965,-0.350391,8469771
10.1969,1.33118,-0.962469,0.958852,0.0721734,0.284419,2.17266,-38.9965,-0.350391,8527379
9.28711,1.67355,-0.526724,0.96991,0.198343,0.365956,3.62109,-41.9121,-1.05117,8586540
9.42118,1.01275,-0.23942,1.03226,0.0532546,0.587919,3.62109,-41.9121,-1.05117,8648391
11.7148,-1.22344,0.201113,0.742884,-0.117281,0.688376,4.88848,-41.7299,-0.875976,8754051
9.96706,-1.13485,1.22583,0.851334,0.398057,0.439233,9.23379,-41.7299,-2.97832,8815479
8.88727,-1.38385,1.69749,1.04838,-0.202949,0.0408721,9.23379,-41.7299,-2.97832,8872950
11.1067,-1.24977,2.67911,0.637631,0.181689,-0.328711,10.3201,-41.3654,-4.37988,8932799
10.3214,-1.98719,0.916979,1.28487,0.531288,-0.0972886,10.3201,-41.3654,-4.37988,8994387
10.2161,-1.13006,1.10851,1.31205,-0.35843,-0.0581186,8.32851,-42.641,-2.80312,9063971
9.92875,-1.2785,1.79086,1.32044,0.097887,-0.29607,8.32851,-42.641,-2.80312,9124820
10.0437,-1.22583,1.3192,1.37293,-0.328852,-0.33031,7.06113,-42.0943,-3.32871,9182483
10.1777,-1.50116,1.37427,1.18068,0.0242102,-0.507641,7.06113,-42.0943,-3.32871,9241344
9.44273,-0.610521,0.610521,1.46113,-0.367623,-0.386667,5.06953,-40.4543,-7.3582,9300738
10.082,-1.41018,0.497994,1.37706,-0.265434,-0.407451,5.06953,-40.4543,-7.3582,9362797
9.60075,-1.53468,1.20189,1.47752,0.0849636,-0.184955,0.362109,-40.8187,-11.2125,9434321
10.5919,-0.694318,0.538695,1.23957,-0.220269,-0.159374,0.362109,-40.8187,-11.2125,9492468
10.4483,0.272939,-0.100556,1.28327,-0.0180241,-0.057719,1.9916,-39.1787,-14.8916,9551177
9.51216,0.047884,-0.40462,0.82642,0.123068,0.0945643,1.9916,-39.1787,-14.8916,9609830
9.5361,1.16119,-0.244209,0.407675,0.274685,0.154518,2.71582,-39.1787,-15.9428,9670542
9.10275,1.62087,-0.0191536,0.340259,0.257098,0.23459,2.71582,-39.1787,-15.9428,9728996
10.0221,1.48919,0.280121,0.485348,0.187951,0.224998,2.89687,-40.4543,-14.0156,9802491
9.33499,0.349553,0.938527,0.568751,0.278815,0.410322,2.89687,-40.4543,-14.0156,9860654
11.0468,0.866701,-0.253785,0.311748,0.0900264,0.220335,4.70742,-40.8187,-14.7164,9923093
9.50019,0.325611,0.967257,0.505999,0.245907,0.263368,4.70742,-40.8187,-14.7164,9984057
10.3453,0.217872,1.14682,0.461367,0.230186,0.13893,8.87168,-41.3654,-12.7893,10041721
10.1825,0.562637,1.41497,0.896766,0.316519,0.0676516,8.87168,-41.3654,-12.7893,10103430
9.35654,0.438139,2.16436,1.17948,0.210201,-0.0439961,7.78535,-40.6365,-11.0373,10204929
10.805,1.00317,1.57538,1.467,0.103882,-0.293405,8.32851,-41.1832,-11.5629,10271448
10.0365,1.17076,2.16196,1.53508,-0.0806428,-0.330843,8.32851,-41.1832,-11.5629,10329618
9.55765,1.13725,1.80044,1.79594,0.0260754,-0.20414,7.9664,-40.4543,-12.2637,10387053
9.98382,1.16837,1.46525,1.53201,-0.0610578,-0.0595842,7.9664,-40.4543,-12.2637,10450492
9.90242,1.49638,1.10851,1.55866,-0.0940991,0.189558,10.1391,-41.9121,-12.9645,10508081
9.35654,1.40061,1.22344,1.24157,-0.205614,0.269763,10.1391,-41.9121,-12.9645,10579586
9.84016,1.70946,0.675165,1.08968,-0.291015,0.203148,11.9496,-41.1832,-17.8699,10644636
9.95988,0.656011,0.136469,1.02653,-0.212941,0.310266,11.9496,-41.1832,-17.8699,10702241
9.79467,-0.280121,0.0550666,1.03226,-0.0557285,0.508647,13.398,-41.9121,-18.9211,10765691
8.97825,-1.12527,0.0023942,1.10727,0.0569851,0.455354,13.398,-41.9121,-18.9211,10823437
11.7196,-1.12049,-0.124498,0.880245,-0.10156,0.235656,17.5623,-40.2721,-18.0451,10880936
10.0389,-2.04704,0.430956,0.671739,0.0363342,0.211408,17.5623,-40.2721,-18.0451,10952921
9.72524,-1.5275,-0.222661,0.963382,0.113342,0.224198,20.8213,-39.9076,-17.3443,11013612
9.58638,-2.57616,0.208295,0.686394,-0.0958311,0.195154,20.8213,-39.9076,-17.3443,11073600
10.228,-2.10211,-0.581791,0.69119,-0.182032,0.11295,23.356,-41.7299,-18.0451,11132128
10.1897,-1.1971,-0.641646,0.481218,-0.0705172,-0.0414647,23.356,-41.7299,-18.0451,11190197
9.60075,-1.74298,-0.459687,0.277241,-0.0281497,-0.162972,24.4424,-40.6365,-17.6947,11252880
10.0724,-1.3216,-0.593762,0.179183,-0.00243603,-0.213733,24.4424,-40.6365,-17.6947,11325876
9.8258,-1.6496,-0.588974,0.10937,-0.0109628,-0.263561,21.3644,-40.8187,-16.118,11383527
10.884,-1.02232,-0.593762,-0.0819501,-0.192823,-0.332708,21.3644,-40.8187,-16.118,11441668
11.1235,0.423774,-0.466869,-0.146567,-0.183764,-0.431166,19.3728,-41.3654,-20.1475,11500199
9.56004,0.421379,-0.423774,-0.161223,-0.0745141,-0.459144,19.3728,-41.3654,-20.1475,11557684
8.339,0.557849,0.260968,-0.150697,0.064446,-0.404786,15.9328,-40.8187,-20.673,11666016
10.319,1.60411,0.0622492,-0.0888782,0.152112,-0.330976,15.9328,-40.8187,-20.673,11724063
10.4938,1.63284,-0.332794,-0.19533,0.140521,-0.200943,13.217,-41.001,-18.7459,11782743
10.0461,1.60651,-0.529118,-0.174679,-0.0304146,-0.00789049,13.217,-41.001,-18.7459,11840576
10.1203,2.37026,-0.794875,0.140546,-0.0814421,0.103757,11.9496,-40.4543,-17.1691,11899563
9.48582,2.12844,-0.533907,0.00624892,-0.0707836,0.0863039,11.9496,-40.4543,-17.1691,11965442
9.66299,2.11887,-1.41497,0.157466,-0.138998,0.171572,11.7686,-40.2721,-19.7971,12035864
9.55286,1.98719,-0.835576,0.188376,0.0675103,0.242717,11.7686,-40.2721,-19.7971,12101210
9.42597,1.30723,-0.711078,0.0364924,0.210201,0.309999,13.217,-39.9076,-20.8482,12159171
9.83538,1.17316,-1.05105,-0.0102718,0.125599,0.384076,13.217,-39.9076,-20.8482,12216706
10.2855,1.17076,-1.89381,-0.032921,-0.253044,0.470276,15.0275,-41.3654,-19.0963,12282225
12.1051,0.955286,0.167594,-0.101002,-0.287551,0.389938,15.0275,-41.3654,-19.0963,12339998
8.47547,-0.828393,0.162806,-0.263544,0.124667,0.386074,17.7434,-41.1832,-20.673,12412575
9.48582,0.387861,0.270545,-0.103267,0.0672439,0.209143,17.7434,-41.1832,-20.673,12473124
9.29189,-0.687136,0.177171,-0.12525,0.317585,0.199417,17.7434,-41.1832,-20.673,12530842
9.50737,-1.22344,0.289698,-0.0221293,0.337703,0.258972,17.7434,-41.1832,-20.673,12591311
12.1314,-0.876277,-0.0694318,-0.0699593,0.198077,0.224198,21.3644,-41.5476,-18.2203,12649742
10.5536,-1.05105,-0.383072,0.0354266,0.10295,0.107887,21.3644,-41.5476,-18.2203,12720446
9.27992,-0.897825,0.181959,0.329867,0.0986865,0.0370084,21.3644,-41.5476,-17.5195,12778897
9.65342,-1.79326,0.138864,0.193305,0.048325,0.0611233,21.3644,-41.5476,-17.5195,12838420
10.7595,-0.878672,-0.122104,0.338261,0.0231444,-0.0262764,21.3644,-40.8187,-18.2203,12899693
10.1059,-1.32639,-0.0646434,0.393552,-0.112618,-0.111811,21.3644,-40.8187,-18.2203,12960561
10.1466,-1.30723,-0.0430956,0.433921,-0.140197,-0.146851,20.4592,-41.3654,-16.9939,13022715
10.398,-1.79086,-0.672771,0.0691341,-0.366823,-0.109013,21.7266,-39.3609,-19.2715,13124806
9.76116,-0.320823,-0.454898,-0.137641,-0.123676,-0.210802,21.7266,-39.3609,-19.2715,13190265
9.84974,-0.380678,-0.234632,-0.0627648,-0.0631894,-0.187619,19.5539,-39.3609,-20.3226,13248245
9.64145,-0.122104,-0.272939,-0.150964,-0.00776528,-0.14272,19.5539,-39.3609,-20.3226,13305962
9.73243,0.191536,-0.555454,-0.0102718,-0.0996948,-0.124068,17.5623,-39.9076,-21.549,13364575
9.91439,0.191536,-0.541089,-0.000412643,-0.0278832,-0.135926,17.5623,-39.9076,-21.549,13435226
10.082,0.28491,-0.92895,-0.0323881,-0.0146933,-0.148982,16.657,-39.3609,-21.7242,13496385
9.73961,0.323217,-0.658405,-0.0700926,0.0234108,-0.12207,16.657,-39.3609,-21.7242,13555880
10.0293,0.964863,-0.787692,-0.0553039,0.0475257,-0.084232,17.0191,-40.4543,-21.0234,13614518
9.93354,0.756567,-1.37188,-0.170949,0.0556528,-0.0582519,17.0191,-40.4543,-21.0234,13671947
9.17218,1.21865,-1.05584,-0.0522395,0.207403,0.00649849,14.6654,-39.9076,-21.1986,13735121
9.40681,0.71826,-0.849941,-0.315771,0.292804,0.0115613,14.6654,-39.9076,-21.1986,13805015
10.726,0.651223,-1.21386,-0.593291,0.228054,-0.0806347,13.217,-40.6365,-21.1986,13868394
9.98861,0.995988,-0.787692,-0.594757,0.113209,-0.0447955,13.217,-40.6365,-21.1986,13930758
9.97424,1.0726,-0.605733,-0.445005,0.139455,0.0500651,12.6738,-40.4543,-20.673,13988213
9.95509,1.1133,-0.411803,-0.496566,0.170365,0.00250155,12.6738,-40.4543,-20.673,14048565
9.76116,0.840364,-0.095768,-0.474582,0.237114,-0.101685,11.4064,-40.6365,-19.0963,14110339
10.0317,1.16119,0.0071826,-0.421023,0.177026,-0.159907,11.4064,-40.6365,-19.0963,14182701
10.1179,1.49638,0.519542,-0.272204,0.0683097,-0.188818,10.6822,-42.8232,-19.0963,14242911
10.0796,1.08697,0.146046,-0.146834,-0.023753,-0.142321,10.6822,-42.8232,-19.0963,14301737
10.1682,1.50835,-0.00957681,-0.0402487,-0.100494,-0.119405,9.05273,-39.7254,-18.2203,14359515
9.84496,1.50116,-0.0287304,-0.0915428,-0.137666,-0.113943,9.05273,-39.7254,-18.2203,14418207
9.79467,1.67833,0.047884,0.0744633,-0.0554621,-0.0535888,7.06113,-39.5432,-19.7971,14525155
9.87368,1.80044,-0.11971,0.137482,0.0972209,-0.0206807,7.24219,-40.0898,-19.2715,14587818
10.0389,1.52271,-0.28491,0.21782,0.0921581,0.00023663,7.24219,-40.0898,-19.2715,14645603
9.94791,1.65439,-0.366313,0.286834,0.0563189,0.0227527,6.88008,-39.7254,-19.6219,14706900
9.95988,1.46525,-0.277727,0.229944,0.013152,0.00889663,6.88008,-39.7254,-19.6219,14765886
9.73721,1.32878,-0.146046,0.234208,0.0813664,0.0183561,8.14746,-39.1787,-19.4467,14826545
10.0461,1.78607,-0.4956,0.155868,0.022345,0.00636524,8.14746,-39.1787,-19.4467,14900859
9.91917,1.67594,-0.342371,0.232875,0.0376666,0.0485995,8.87168,-40.2721,-19.0963,14958782
9.99579,1.55384,-0.184353,0.193305,0.0191474,0.0335444,8.87168,-40.2721,-19.0963,15018664
9.84016,1.50356,-0.292093,0.162796,-0.000171104,0.0316792,7.9664,-41.1832,-20.3226,15081083
9.97903,1.54665,-0.541089,0.134417,-0.0333457,0.0319456,7.9664,-41.1832,-20.3226,15141742
9.79707,1.41497,-0.172382,0.0744633,0.0158166,0.0551279,8.50957,-39.5432,-19.7971,15199210
10.0604,1.54665,-0.59855,0.0460851,-0.0105631,0.0533959,8.50957,-39.5432,-19.7971,15274024
9.80425,1.71185,-0.756567,0.0524802,-0.0156259,0.0551279,9.958,-41.001,-20.8482,15331694
9.71806,1.78368,-0.407014,0.0572765,0.0928243,0.0663193,9.958,-41.001,-20.8482,15391873
9.9503,2.01592,-0.275333,0.201566,0.145317,0.0372749,9.23379,-40.2721,-20.4978,15450356
9.81383,1.403,-1.20907,0.229278,0.100152,0.145459,9.23379,-40.2721,-20.4978,15510946
9.50498,1.403,-0.639252,0.175186,0.198477,0.213007,9.41484,-40.0898,-18.9211,15569602
10.0006,1.27372,-0.873883,0.121494,0.141987,0.264567,9.41484,-40.0898,-18.9211,15642717
9.88805,1.22344,-0.684741,0.0153087,0.109212,0.312797,10.8633,-39.3609,-16.8187,15700482
9.80904,1.11809,-0.720654,-0.0362518,0.0890938,0.371019,10.8633,-39.3609,-16.8187,15763209
9.75397,0.885855,-0.797269,-0.138973,0.0110203,0.429374,14.3033,-41.3654,-16.6435,15824171
10.2089,0.79248,-0.612916,-0.187736,-0.152721,0.434171,14.3033,-41.3654,-16.6435,15882223
10.6566,0.857124,-0.160411,0.0199718,-0.0114957,0.367688,15.9328,-41.1832,-19.2715,15988775
10.4052,-0.466869,-0.0191536,-0.104866,-0.184963,0.328385,15.9328,-41.1832,-19.2715,16047352
10.2065,-0.373495,0.380678,-0.162955,0.0154169,0.232325,15.9328,-41.1832,-19.2715,16113284
9.63905,-1.07021,-0.083797,-0.247024,0.0452607,0.222999,19.5539,-40.8187,-18.2203,16170894
9.39006,-1.23541,0.440533,-0.302981,0.0755042,0.267099,19.5539,-40.8187,-18.2203,16228343
10.1801,-0.97444,0.122104,-0.263011,0.0929575,0.284152,19.5539,-40.8187,-18.2203,16287174
10.1682,-1.25935,0.1652,-0.211184,0.102417,0.291347,21.3644,-38.9965,-18.2203,16357628
9.94791,-1.19949,-0.14844,0.0177068,0.0475257,0.309866,20.8213,-40.2721,-19.0963,16418396
9.84974,-1.652,-0.265756,0.0222367,-0.059459,0.281754,20.8213,-40.2721,-19.0963,16477792
9.742,-1.98479,-0.237026,0.35758,-0.0114957,0.294411,20.8213,-40.2721,-19.0963,16536407
9.82341,-2.05422,-0.0694318,-0.0182656,-0.0841067,0.177034,22.4508,-41.1832,-19.6219,16595784
10.0437,-1.49638,-0.260968,0.242468,0.027541,0.0399395,22.4508,-41.1832,-19.6219,16658775
9.91199,-2.02549,-0.23942,0.435253,-0.0442706,-0.0565199,23.5371,-39.3609,-17.8699,16731617
9.95988,-2.41814,-0.196324,0.387024,-0.0599919,-0.0687771,24.6234,-40.0898,-18.2203,16789287
9.62947,-2.38702,-0.533907,0.501203,-0.0930332,-0.107148,24.6234,-40.0898,-18.2203,16850580
9.58159,-2.52828,0.117316,0.473224,0.0232776,-0.154178,24.6234,-40.0898,-18.2203,16908845
9.7013,-2.37505,-0.998382,0.601526,-0.135001,-0.202541,24.6234,-40.0898,-18.2203,16967473
9.25598,-3.01669,-0.244209,0.637365,-0.0921006,-0.200676,22.9939,-38.8142,-19.7971,17038219
9.83298,-2.96163,-0.438139,0.561157,-0.115549,-0.277684,22.9939,-38.8142,-19.7971,17101379
10.3501,-2.57616,-0.270545,0.398482,-0.0129613,-0.332442,22.2697,-39.1787,-18.7459,17163225
11.2695,-1.35033,-0.754173,-0.115524,-0.142062,-0.419575,22.2697,-39.1787,-18.7459,17222139
10.5249,1.97043,-0.158017,0.108704,0.167434,-0.554805,20.4592,-39.1787,-20.4978,17280167
8.58321,0.677559,-0.0885854,0.132286,0.358087,-0.27422,20.4592,-39.1787,-20.4978,17340011
10.6303,2.16915,-0.833182,0.284835,0.351692,-0.168034,17.5623,-39.1787,-19.4467,17447011
9.40442,1.35033,-0.936133,0.185045,0.0651122,-0.101419,17.5623,-39.1787,-19.4467,17507210
9.80186,1.99916,-0.490811,0.277641,0.0685762,-0.0988874,18.1055,-40.4543,-17.1691,17569656
9.94551,1.66876,-0.169988,0.132019,-0.0705172,-0.085431,18.1055,-40.4543,-17.1691,17628155
10.0102,1.26893,-0.543483,0.13575,-0.0995616,0.0014357,17.2002,-39.9076,-19.0963,17693270
9.79707,0.766144,-0.869095,0.136815,-0.133136,0.134001,17.2002,-39.9076,-19.0963,17763527
9.83777,1.14443,-0.418985,0.0296976,-0.0799766,0.157716,17.2002,-39.1787,-18.7459,17824501
10.1083,1.06063,-0.632069,0.0360928,-0.0607913,0.103624,17.2002,-39.1787,-18.7459,17885790
9.74919,0.325611,-0.158017,-0.00760713,-0.0675861,0.127073,18.8297,-39.3609,-18.9211,17943202
10.1586,0.225055,-0.442927,0.111368,0.000228588,0.135067,18.8297,-39.3609,-18.9211,18003546
9.64863,-0.0502782,-0.421379,0.197302,0.125599,0.15172,18.6486,-39.5432,-20.1475,18065276
10.1897,-0.162806,-0.596156,0.148673,0.00875538,0.087503,18.6486,-39.5432,-20.1475,18135550
9.93114,-0.452504,-0.363919,0.0883193,0.0743051,0.0625888,19.0107,-41.001,-18.7459,18199739
9.73721,-0.45011,-0.40462,0.0234358,0.165169,0.0414051,19.0107,-41.001,-18.7459,18258937
9.72285,-0.275333,-0.311246,0.0911172,0.287342,0.0263499,20.4592,-41.3654,-20.4978,18317793
9.25359,-0.0071826,0.0335188,0.133085,0.434829,-0.0032274,20.4592,-41.3654,-20.4978,18383031
8.96389,-0.205901,0.205901,0.141212,0.674911,0.0551279,21.0023,-41.9121,-17.8699,18442331
7.58483,-0.304064,1.33357,0.476955,1.28991,0.176768,21.0023,-41.9121,-17.8699,18514062
8.75559,0.198719,0.421379,0.354648,1.24101,0.0446026,21.0023,-41.9121,-17.8699,18576424
8.4635,-0.227449,1.57538,0.477754,0.983475,-0.0417312,21.0023,-41.9121,-17.8699,18634238
7.27598,-0.624887,2.72221,0.369171,1.5152,-0.0365352,21.0023,-41.9121,-17.8699,18694691
7.90326,0.416591,3.71101,1.07103,1.35759,-0.0603836,21.0023,-41.9121,-17.8699,18754430
8.05409,0.373495,3.38061,0.691857,1.33201,-0.196679,21.3644,-40.0898,4.20469,18812919
8.31506,0.380678,4.69503,0.256057,0.766175,-0.188286,18.2865,-40.2721,12.4389,18918313
9.16261,0.876277,5.96874,0.731027,0.425103,-0.0140191,18.2865,-40.2721,12.4389,18980088
8.86573,0.80924,7.29034,0.562089,0.365016,-0.0212136,14.6654,-37.7209,14.5412,19037562
10.1945,0.97444,8.4204,-0.192532,0.294003,-0.197878,14.6654,-37.7209,14.5412,19096621
10.5608,1.3216,7.55131,0.452041,-0.151655,0.0199548,15.3896,-38.0853,16.2932,19155340
10.6901,2.29125,8.16183,0.0467512,-0.596914,-0.00775725,15.3896,-38.0853,16.2932,19225108
9.72046,1.04148,6.35421,0.428059,-1.43694,0.400063,15.2086,-41.1832,13.6652,19288213
9.92157,1.5275,7.57525,-0.743576,-1.46398,0.182763,15.2086,-41.1832,13.6652,19348769
12.6988,1.72382,7.36935,-1.46982,-1.46825,0.207011,19.0107,-43.1877,3.6791,19408874
14.5927,4.67827,-0.823605,-4.24649,2.08689,-0.20867,19.0107,-43.1877,3.6791,19468892
7.23288,-0.421379,-4.32632,2.01991,-3.64897,0.410455,20.8213,-42.4588,2.27754,19526393
7.68299,0.545878,8.39407,-1.43092,-1.82677,0.0351432,20.8213,-42.4588,2.27754,19599049
10.5584,1.72382,-0.708683,-0.924638,-0.0238862,0.0721815,20.4592,-43.1877,-13.1396,19662469
10.1394,0.201113,0.1652,-0.384784,-1.03458,-0.00442646,20.4592,-43.1877,-13.1396,19724157
12.1194,2.41096,-4.01508,0.316944,-1.79253,-0.263295,19.916,-41.9121,-17.5195,19783003
9.07642,-0.548272,-1.16119,-0.0903437,-1.19472,-0.132062,19.916,-41.9121,-17.5195,19840622
9.25359,0.225055,-3.00712,0.271246,-1.07281,0.0458017,16.657,-39.7254,-27.3305,19899335
8.67179,0.423774,-2.44448,0.280172,-0.717887,0.0908338,16.657,-39.7254,-27.3305,19974787
8.93516,0.426168,-3.23217,0.301356,-0.557744,0.113616,17.3812,-36.4453,-32.2359,20032564
8.70053,0.234632,-3.74453,0.24873,-0.348171,0.0859043,17.3812,-36.4453,-32.2359,20095270
9.0836,-0.0215478,-4.24492,0.247664,-0.080776,0.0779104,19.0107,-36.2631,-34.5135,20153045
9.02135,0.167594,-4.46997,0.0755292,-0.0943655,0.0110283,19.0107,-36.2631,-34.5135,20210756
8.92558,-0.0335188,-4.04381,-0.0238613,0.0452607,0.0132933,18.8297,-34.2586,-33.2871,20270090
9.09557,0.136469,-4.02465,-0.130979,0.228187,0.0130268,19.735,-34.4408,-33.8127,20374905
8.74602,0.141258,-2.98317,0.0455522,0.423371,0.059258,19.735,-34.4408,-33.8127,20435478
8.9591,0.107739,-3.12683,0.0499488,0.540614,0.0451355,20.2781,-36.0808,-33.6375,20494206
8.96389,0.265756,-3.16035,0.0203714,0.655326,0.084039,20.2781,-36.0808,-33.6375,20551930
9.37569,0.557849,-3.0119,0.363575,0.975747,0.0687175,19.3728,-38.0853,-28.9072,20614389
9.10514,-0.505176,-2.45406,0.110969,1.20477,-0.00682464,19.3728,-38.0853,-28.9072,20687399
9.44752,-0.368707,-2.25534,-0.0295902,1.28844,0.0100957,19.3728,-41.001,-21.1986,20748360
10.07,0.0383072,-1.32878,-0.0979379,1.43553,0.0186225,19.3728,-41.001,-21.1986,20809944
10.0987,-0.407014,-0.464475,0.0482168,1.74129,0.0765781,21.3644,-42.641,-12.9645,20867986
9.64384,0.0790086,-0.201113,-0.127648,1.64084,0.0242182,21.3644,-42.641,-12.9645,20925458
8.43956,0.0742202,1.74777,0.309083,1.94927,0.20821,21.1834,-42.8232,-1.57676,20987973
10.4076,0.667982,0.988805,0.391287,2.30606,0.12654,21.1834,-42.8232,-1.57676,21058510
9.10754,-0.0311246,2.43969,0.81776,1.0774,-0.0574525,21.5455,-42.0943,10.3365,21116709
9.3302,0.232238,4.28801,0.695853,0.869962,-0.0557205,21.5455,-42.0943,10.3365,21175045
9.48582,0.998382,4.89614,0.28257,-0.0714498,0.0948308,20.8213,-41.001,14.5412,21233658
10.3669,3.73974,19.3404,1.99326,2.68723,0.054062,20.8213,-41.001,14.5412,21294769
7.2688,1.18034,8.18577,1.74092,0.922588,0.788166,17.7434,-36.4453,23.4762,21356384
9.25119,0.727837,9.83538,-1.31794,-0.495924,-0.444223,17.7434,-36.4453,23.4762,21426116
9.19373,1.26414,8.3797,-0.241828,-0.426777,0.284152,17.2002,-35.1697,20.8482,21486739
9.92157,1.98719,6.82826,0.694121,-0.615166,0.332782,17.2002,-35.1697,20.8482,21548302
9.24162,1.66876,6.03818,0.100843,-1.1305,0.017157,17.5623,-37.3564,17.6947,21609113
8.86573,1.06781,6.84502,0.451241,-1.3137,0.100693,17.5623,-37.3564,17.6947,21669165
8.81784,0.509965,5.9017,0.174653,-1.35713,0.136399,15.7518,-39.9076,10.6869,21730818
8.76278,0.991199,5.18105,-0.392645,-1.43414,-0.00149539,15.7518,-39.9076,10.6869,21832722
7.64947,0.035913,3.16035,-0.292322,-0.893753,0.311864,17.0191,-42.2765,0.0,21899094
7.20654,0.876277,0.565031,-1.30008,-1.03738,-0.0553208,17.0191,-42.2765,0.0,21956901
8.00142,0.452504,0.351948,0.385958,-1.62746,0.0847052,18.6486,-41.7299,-6.48223,22014654
7.71412,0.387861,1.7741,-0.375192,-1.08054,-0.00948925,18.6486,-41.7299,-6.48223,22074036
7.92241,0.612916,-0.339977,-0.225174,-0.750795,0.0633882,19.1918,-41.9121,-14.7164,22132048
8.44435,0.426168,-0.739808,-0.196929,-0.921598,0.0431371,19.1918,-41.9121,-14.7164,22206711
9.31583,0.732625,-1.2378,-0.0608996,-0.517108,0.11295,19.735,-40.2721,-19.7971,22265618
9.73961,0.462081,-1.20428,0.0182397,-0.383078,0.106155,19.735,-40.2721,-19.7971,22325287
9.38287,0.347159,-1.59693,-0.0938077,-0.259172,0.124541,18.6486,-38.0853,-23.301,22384427
9.54568,0.572214,-1.97043,-0.0982043,-0.163379,0.0915,18.6486,-38.0853,-23.301,22443230
9.6175,0.28491,-1.57538,-0.0620987,-0.0803763,0.0887021,19.1918,-36.8098,-24.1769,22505676
9.66539,0.225055,-1.80044,-0.0226622,0.0231444,0.0683177,19.1918,-37.1742,-24.5273,22577654
9.66299,0.246603,-1.87705,-0.0261262,0.115607,0.0571263,19.1918,-37.1742,-24.5273,22638543
9.89762,0.227449,-1.97282,-0.0947403,0.115474,0.0291478,19.1918,-37.1742,-24.5273,22699590
9.64624,0.323217,-1.85072,-0.0598337,0.152911,0.00769755,19.1918,-37.1742,-24.5273,22757115
9.80665,0.354342,-1.89381,-0.0538383,0.197944,-0.000429526,19.1918,-37.1742,-24.5273,22817900
9.28471,0.0430956,-1.31202,-0.118589,0.489054,0.0014357,20.2781,-37.5387,-24.8777,22891107
9.68215,0.507571,-1.09654,-0.114059,0.665318,-0.00868988,17.3812,-39.7254,-21.7242,22950748
9.56483,0.469263,-0.842759,-0.0755551,0.764842,0.0264832,17.3812,-39.7254,-21.7242,23009321
9.03332,0.244209,-0.287304,-0.154428,1.01132,0.0896347,17.3812,-39.7254,-21.7242,23068652
8.5473,0.035913,0.526724,-0.127915,1.3444,0.160247,17.3812,-39.7254,-21.7242,23126566
9.06205,0.234632,0.632069,-0.162555,1.39449,0.204214,17.3812,-39.7254,-21.7242,23189078
8.1331,0.21069,1.83396,0.106039,1.38876,0.218203,18.4676,-42.2765,-9.46054,23292576
8.29112,0.411803,2.65756,0.282437,1.02211,-0.0547879,20.4592,-42.4588,-1.22637,23351558
7.99903,0.670376,4.19703,0.672938,1.17066,-0.206005,20.4592,-42.4588,-1.22637,23410077
7.12993,-0.399832,3.80199,1.35508,1.172,0.0775107,18.2865,-41.001,5.43105,23468412
7.24964,0.181959,4.2952,0.922613,1.1624,0.102825,18.2865,-41.001,5.43105,23530639
7.90086,1.50356,4.75249,0.152803,0.240578,-0.302198,16.1139,-39.5432,12.4389,23592550
9.39724,1.22823,5.98311,0.436319,0.0274078,-0.164037,16.1139,-39.5432,12.4389,23665088
11.0995,1.57778,6.7708,0.402345,0.193547,-0.319785,15.0275,-38.8142,13.49,23723701
10.5848,1.97522,8.72926,0.454305,0.540747,-0.0190819,15.0275,-38.8142,13.49,23781353
10.398,1.85551,8.14507,0.48748,-0.464615,0.175036,11.7686,-38.4498,14.8916,23839766
10.5177,2.32238,8.44435,-0.594491,-0.886958,-0.12127,11.7686,-38.4498,14.8916,23902747
10.0748,2.14042,7.64708,-0.45633,-0.913071,0.155984,14.1223,-40.4543,10.8621,23960340
10.5465,1.76213,5.72693,-0.135509,-0.870171,0.258838,14.1223,-40.4543,10.8621,24034469
9.84256,1.59933,3.77087,-1.04934,-0.140597,-0.0304065,16.1139,-41.7299,6.13183,24092351
9.20091,1.9824,0.6608,-3.22967,-0.464882,-0.308593,16.1139,-41.7299,6.13183,24153001
8.6311,1.47004,0.924162,-0.168284,-1.58802,-0.177227,19.0107,-42.4588,2.62793,24218087
9.87847,1.10133,3.87621,0.902229,-0.780906,0.223799,19.0107,-42.4588,2.62793,24276112
10.5105,0.969651,1.03429,-0.745441,-0.804355,0.0625888,17.3812,-43.7344,-5.95664,24333864
10.4387,0.565031,-2.65038,0.943797,-1.262,0.301339,17.3812,-43.7344,-5.95664,24409518
9.00938,-0.208295,0.806846,-0.651513,-0.956238,0.169573,19.3728,-43.1877,-11.7381,24467393
9.34696,0.785298,-0.19393,-0.115258,-0.846855,0.122276,19.3728,-43.1877,-11.7381,24527547
9.35654,0.37589,-0.306458,0.125091,-0.360295,0.0981615,19.735,-40.6365,-19.0963,24586992
10.1299,0.397437,-1.38864,-0.113659,-0.379214,-0.0348032,19.735,-40.6365,-19.0963,24644962
10.0461,0.502782,-1.82678,0.094448,-0.355499,0.0476669,18.8297,-40.0898,-19.2715,24702890
9.78031,0.418985,-1.66397,0.316544,-0.0376091,0.125607,19.916,-40.0898,-21.7242,24810303
9.75158,0.0861912,-1.47004,0.245399,0.213132,0.134667,19.916,-40.0898,-21.7242,24868982
9.66778,-0.21069,-1.403,0.185978,0.292671,0.096696,19.3728,-41.3654,-21.1986,24930957
9.64863,-0.00957681,-0.914585,0.124825,0.413378,0.0663193,19.3728,-41.3654,-21.1986,24989047
9.44273,-0.0287304,-0.79248,0.134151,0.582715,0.0466011,21.7266,-40.8187,-19.2715,25046675
9.06684,-0.0550666,-0.691924,0.00331786,1.09086,0.0048997,21.7266,-40.8187,-19.2715,25121436
10.1442,0.574608,-0.179565,0.443647,0.757781,0.234324,22.0887,-41.1832,-13.3148,25183600
10.6303,0.3304,0.0885854,0.523452,1.09326,0.075379,22.0887,-41.1832,-13.3148,25241234
10.1203,-0.378284,0.270545,0.509063,1.36145,0.0376746,23.7182,-42.4588,-4.37988,25299931
8.96389,-0.414197,0.814028,0.0899181,1.4747,-0.162838,23.7182,-42.4588,-4.37988,25358657
8.60715,0.107739,2.15478,0.189708,1.91769,-0.0609165,21.9076,-43.1877,4.02949,25416011
9.39724,-0.0742202,2.83473,0.286034,1.74702,0.0508645,21.9076,-43.1877,4.02949,25492726
8.2983,-0.258574,4.56095,0.647491,2.13979,0.159714,21.9076,-40.2721,18.0451,25550291
9.68215,0.756567,4.41969,0.84827,1.36332,0.119079,21.9076,-40.2721,18.0451,25607631
8.94713,0.541089,5.56652,0.543837,1.12017,-0.0603836,20.0971,-35.1697,23.6514,25665915
7.32147,1.1133,6.94558,1.18428,1.48989,0.00609879,20.0971,-35.1697,23.6514,25724384
7.41484,2.0638,7.09641,0.778057,-0.324855,-0.56866,14.8465,-32.8008,30.1336,25781970
5.47075,1.13246,19.6127,-0.59862,2.92172,-0.415178,14.8465,-32.8008,30.1336,25859932
5.17387,3.84988,9.16261,-0.480178,-1.01952,-0.168967,15.5707,-26.9695,32.9367,25917331
8.08761,0.931344,10.9032,0.624974,-0.498056,0.212341,15.5707,-26.9695,32.9367,25974747
7.6782,2.25055,9.67975,-0.66457,-0.405061,-0.0912932,12.8549,-28.6096,29.2576,26039767
7.02219,1.64482,9.30865,-0.39038,-0.784103,-0.140589,12.8549,-28.6096,29.2576,26097733
5.97832,1.34794,8.46111,0.297626,-0.907076,0.279622,12.6738,-33.1652,26.2793,26155238
6.88333,1.43652,7.54173,0.100443,-1.5334,0.187959,12.6738,-33.1652,26.2793,26265747
7.93199,1.4437,5.87297,-0.17761,-1.62919,0.0817741,13.5791,-36.6275,18.3955,26323105
8.5473,0.950498,5.37259,0.490544,-1.50142,0.264701,13.5791,-36.6275,18.3955,26381359
8.20493,1.30723,4.71179,0.373034,-1.50275,0.28655,15.2086,-38.9965,8.75976,26442958
7.52976,0.780509,3.95283,0.005716,-1.42694,0.219668,15.2086,-38.9965,8.75976,26500887
7.50343,0.588974,3.26808,-0.320434,-1.28798,0.27416,16.476,-41.3654,-2.62793,26563768
7.86016,0.744596,1.05824,-1.77838,-0.968495,0.0675184,16.476,-41.3654,-2.62793,26633748
8.2169,0.88346,0.143652,0.777125,-1.2263,0.137864,19.3728,-41.001,-10.3365,26694593
8.011,0.907402,0.893037,-0.625666,-1.09213,-0.0922258,19.3728,-41.001,-10.3365,26756840
8.68137,0.828393,-0.577003,0.492143,-0.639681,0.180099,17.0191,-40.4543,-16.118,26817928
9.43076,0.474052,-0.768538,-0.0879455,-0.621828,0.0800421,17.0191,-40.4543,-16.118,26875436
9.29668,0.416591,-1.05824,0.172388,-0.486465,0.179566,17.9244,-38.4498,-21.549,26934334
9.84496,0.56982,-1.3623,0.0598079,-0.31513,0.146924,17.9244,-38.4498,-21.549,27004926
9.6199,0.155623,-1.20907,-0.0306561,-0.218137,0.147723,20.2781,-38.632,-23.4762,27062374
9.84496,0.557849,-1.5706,0.0848553,-0.0377423,0.0989609,20.2781,-38.632,-23.4762,27124778
9.98142,0.442927,-1.63524,0.159864,-0.0129613,0.070183,19.5539,-38.632,-23.4762,27183465
9.99339,0.21069,-1.78607,0.122027,-0.0834406,0.0106286,19.5539,-38.632,-23.4762,27241534
9.57441,-0.0502782,-1.76213,0.0616731,0.0196803,-0.00948925,18.8297,-37.1742,-24.1769,27300603
9.72524,0.0646434,-1.66636,-0.00187817,0.173962,-0.0238782,18.8297,-37.1742,-24.1769,27369985
9.74919,0.138864,-1.62566,-0.0503743,0.240578,-0.0361355,19.735,-38.0853,-24.7025,27432153
9.79228,0.328006,-1.54665,-0.00814,0.332907,0.00516617,19.735,-38.0853,-24.7025,27490965
9.47864,0.114922,-1.16837,-0.0407817,0.43776,0.0611233,17.9244,-39.5432,-23.301,27549279
9.51455,0.0909796,-1.03908,-0.14297,0.621752,0.116015,17.9244,-39.5432,-23.301,27610712
9.09796,0.208295,-0.442927,-0.15123,0.940707,0.137065,19.0107,-39.1787,-20.4978,27716065
8.88248,-0.047884,0.31364,-0.0530389,1.5156,0.116015,19.916,-41.1832,-12.6141,27778548
8.85615,0.0790086,0.512359,-0.301915,1.16094,0.150122,19.916,-41.1832,-12.6141,27836090
7.86495,0.0502782,2.12366,-0.0122702,1.07754,0.175835,20.6402,-40.4543,-5.60625,27895319
7.67341,0.011971,3.14598,0.255258,1.22436,0.21274,20.6402,-40.4543,-5.60625,27953867
7.96311,-0.0861912,3.39019,0.468028,1.29603,0.185828,21.3644,-39.7254,0.350391,28011423
7.75961,0.0,3.85706,0.780855,1.40235,0.189158,21.3644,-39.7254,0.350391,28088042
8.40125,-0.462081,4.25928,0.698784,0.96842,0.1348,22.4508,-40.4543,10.8621,28146480
7.90326,0.421379,5.02543,-0.284994,0.712882,-0.214399,22.4508,-40.4543,10.8621,28204330
8.31985,0.215478,6.06691,0.00824741,0.387665,-0.211734,20.4592,-38.4498,15.9428,28263861
9.01417,0.509965,6.25844,0.628572,0.20767,-0.0922258,20.4592,-38.4498,15.9428,28322378
10.3501,0.658405,7.2257,0.396217,-0.102226,-0.198411,19.5539,-37.5387,16.118,28379969
10.8146,0.600945,7.8434,0.0823239,-0.380813,-0.194014,19.5539,-37.5387,16.118,28455301
10.6853,0.474052,9.44273,-0.0537051,-0.480336,0.0481998,18.6486,-40.2721,15.5924,28512983
10.6063,0.632069,8.77235,-0.0890114,-1.01686,0.151321,18.6486,-40.2721,15.5924,28570688
10.0963,0.821211,6.83066,-0.113526,-0.922397,0.221667,20.6402,-41.9121,8.05898,28629054
10.5153,0.160411,5.77002,-0.0566362,-0.972093,0.259904,20.6402,-41.9121,8.05898,28687782
9.84256,0.797269,3.62482,-0.740911,-0.198552,0.00942956,22.4508,-44.8277,3.50391,28745234
9.8258,1.00317,1.12767,-2.84437,0.331441,-0.325247,22.4508,-44.8277,3.50391,28823143
9.16021,0.936133,-0.349553,1.29886,-2.32945,-0.0822335,22.2697,-39.5432,-0.175195,28880631
8.99501,-0.842759,5.23612,-0.417426,-0.655802,-0.150848,22.2697,-39.5432,-0.175195,28940733
10.1586,1.19471,-0.179565,-0.848163,-0.458886,-0.105149,21.1834,-43.9166,-8.93496,29002812
10.2855,1.02232,0.14844,0.656817,-0.967163,-0.119405,21.1834,-43.9166,-8.93496,29060425
9.26556,-0.169988,0.263362,-0.0650298,-0.647808,-0.0585184,19.916,-44.0988,-13.3148,29123421
9.56962,0.205901,-0.840364,0.0283653,-0.307269,-0.073307,19.916,-44.0988,-13.3148,29227426
10.0125,0.447716,-0.572214,-0.0874126,-0.238388,-0.0282749,18.6486,-41.3654,-15.5924,29287959
9.69651,0.531512,-0.706289,0.188243,-0.138865,0.0242182,18.6486,-41.3654,-15.5924,29349368
9.90242,0.457292,-0.895431,-0.0045428,0.0103542,0.0422044,17.9244,-42.4588,-17.6947,29410397
9.45949,0.299275,-0.603339,0.0210376,0.22912,0.0872366,17.9244,-42.4588,-17.6947,29470553
9.48104,0.435745,-0.332794,0.0615399,0.364749,0.128405,19.0107,-41.3654,-17.6947,29541055
9.88326,0.6608,-0.414197,0.253659,0.465738,0.134001,19.0107,-41.3654,-17.6947,29598718
9.40681,0.536301,0.560243,0.28337,0.66372,0.119345,19.0107,-41.3654,-17.6947,29657109
9.67018,0.191536,-0.395043,0.209293,0.895809,0.11748,19.0107,-41.3654,-17.6947,29715643
9.51455,0.160411,0.378284,0.153603,0.994666,0.140129,20.0971,-43.1877,-10.3365,29776183
9.16261,-0.0574608,0.943315,0.151071,1.33121,0.198884,20.0971,-43.1877,-10.3365,29836685
9.4116,0.620098,1.8148,0.270047,1.37291,0.0651202,22.4508,-43.3699,-2.10234,29906992
9.62708,0.0646434,2.52349,0.302022,1.35372,0.0693836,22.4508,-43.3699,-2.10234,29965764
8.339,0.246603,3.65355,0.956987,1.35639,0.0561937,22.6318,-44.6455,5.08066,30024916
9.01656,0.21069,4.33829,0.575413,1.32375,0.0323453,22.6318,-44.6455,5.08066,30086835
8.83221,1.01993,3.82833,0.0430208,0.918858,-0.432232,21.9076,-41.3654,15.242,30145625
8.32224,0.122104,4.09169,-0.0884784,0.614691,-0.431299,21.9076,-41.3654,15.242,30204276
9.08599,1.72622,5.43005,0.668141,0.33344,-0.238114,17.0191,-40.4543,19.6219,30273913
9.91439,1.11809,12.5289,2.18205,1.79539,0.494391,17.0191,-40.4543,19.6219,30332385
7.6806,2.42533,10.7955,1.09142,1.7742,0.544353,13.398,-37.1742,22.425,30393980
5.77242,2.20985,8.79869,-0.427152,-0.18856,-0.61769,13.398,-37.1742,22.425,30451625
8.37252,2.28886,9.72524,-0.470186,-0.20135,-0.231586,11.5875,-31.7074,27.3305,30510828
8.55687,2.65996,8.63828,-0.00774035,-0.465814,-0.0145521,11.5875,-31.7074,27.3305,30574070
8.51378,2.48997,8.82263,0.0492826,-0.483001,0.0182228,11.4064,-33.3474,25.4033,30682063
7.41963,2.70066,7.48188,0.180382,-0.721485,0.177834,11.2254,-33.1652,23.1258,30740820
7.59919,2.13323,6.54096,0.289632,-1.0447,0.191024,11.2254,-33.1652,23.1258,30798282
7.96551,1.49638,5.8634,0.0654036,-1.2167,0.267365,12.1307,-36.6275,18.0451,30857536
8.22408,1.79565,5.4899,-0.217047,-1.20964,0.301872,12.1307,-36.6275,18.0451,30915918
7.70933,0.835576,5.27443,-0.22504,-1.00513,0.471342,14.1223,-41.1832,9.46054,30973661
7.34301,1.33118,4.44603,-0.739446,-1.0888,0.345572,14.1223,-41.1832,9.46054,31051284
7.87213,1.4844,3.51947,-1.59745,-0.766517,0.123209,17.3812,-40.4543,2.10234,31108939
8.55927,1.13725,0.790086,-0.748239,-1.29611,-0.00762403,17.3812,-40.4543,2.10234,31168879
8.28154,0.0646434,2.05901,0.81403,-1.19512,0.276425,16.8381,-41.7299,-5.08066,31230210
8.11874,0.469263,1.98479,-1.06346,-1.19219,-0.032405,16.8381,-41.7299,-5.08066,31287657
8.45871,1.02472,0.416591,0.316278,-0.727747,0.177034,18.4676,-40.8187,-12.2637,31345710
8.88967,0.402226,0.251391,-0.223042,-0.650872,0.0152917,18.4676,-40.8187,-12.2637,31420948
9.21767,0.59855,0.00957681,0.0940483,-0.358297,0.0495321,19.5539,-41.5476,-17.1691,31478546
9.69173,0.361524,-0.567425,0.0495491,-0.274361,0.0543285,19.5539,-41.5476,-17.1691,31535913
9.73961,0.186748,-0.586579,0.0753959,-0.175104,0.0946975,17.7434,-39.3609,-17.8699,31594250
9.62708,0.339977,-0.543483,0.105906,-0.142196,0.0815076,17.7434,-39.3609,-17.8699,31656410
10.094,0.45011,-0.993593,0.127756,-0.0866382,0.0411386,18.2865,-39.9076,-20.4978,31729401
10.1562,0.143652,-1.06063,0.176119,-0.0607913,0.0324786,18.2865,-39.9076,-20.4978,31792789
10.003,0.189142,-1.0726,0.144943,-0.0361435,0.0326118,19.0107,-39.5432,-19.0963,31850717
9.96945,0.296881,-0.881066,0.122293,-0.0125616,0.0126271,19.0107,-39.5432,-19.0963,31911353
9.89045,0.198719,-0.859518,0.116564,-0.00283573,0.00902987,19.0107,-39.5432,-21.8994,31973761
10.0173,0.059855,-0.962469,0.0833898,0.0120862,-0.000829235,19.0107,-39.5432,-21.8994,32031400
9.92875,0.169988,-0.931344,0.104574,0.00382583,-0.00416002,20.4592,-41.001,-20.8482,32140273
9.92875,0.371101,-0.964863,0.0971126,0.0791014,0.00796403,20.0971,-38.4498,-19.0963,32197445
9.48343,0.325611,-0.265756,0.10897,0.233117,0.0150253,20.0971,-38.4498,-19.0963,32254728
9.77073,0.232238,-0.462081,0.1576,0.2988,0.0474004,19.0107,-40.6365,-18.7459,32318505
9.39006,-0.0407014,-0.335188,0.162263,0.568593,0.0625888,19.0107,-40.6365,-18.7459,32379638
9.65342,0.215478,-0.47884,0.0155751,0.649065,0.00982927,20.8213,-42.0943,-16.6435,32437453
9.48582,0.241814,-0.191536,-0.0523727,0.976946,0.0288813,20.8213,-42.0943,-16.6435,32525320
8.916,0.35913,1.01754,-0.163088,1.20211,-0.00202832,19.735,-42.0943,-12.0885,32583076
8.71729,0.351948,1.59693,-0.0426469,1.32788,0.112284,19.735,-42.0943,-12.0885,32643265
8.7963,0.179565,2.4756,0.181048,1.2514,0.185561,19.916,-41.9121,-2.45273,32701973
9.93354,-0.167594,3.77326,0.295361,1.25913,0.242451,19.916,-41.9121,-2.45273,32763458
8.69574,0.603339,3.07655,-0.324697,1.15215,0.0124939,20.2781,-40.8187,4.20469,32821373
8.05648,-0.179565,3.33752,0.644959,0.688101,0.130004,20.2781,-40.8187,4.20469,32898187
8.38928,0.629675,5.09965,0.61778,1.01438,-0.0300069,20.0971,-38.8142,10.6869,32959143
8.00381,-0.277727,3.94325,0.770596,0.516233,-0.0360023,20.0971,-38.8142,10.6869,33016632
7.27119,0.385466,5.59285,0.359445,0.604432,-0.138191,18.4676,-37.1742,15.0668,33076437
7.21612,0.19393,5.94241,0.23101,0.676377,-0.104616,18.4676,-37.1742,15.0668,33135027
7.06289,0.940921,6.30154,-0.0363851,0.591509,-0.199743,17.9244,-34.8053,19.4467,33207194
7.23528,-0.011971,6.21295,0.209426,0.353158,0.036209,17.9244,-34.8053,19.4467,33270303
8.4635,0.715866,6.64391,-0.189867,-0.129272,0.0773775,15.9328,-34.623,22.425,33328158
9.4116,1.78368,9.28232,-0.265809,0.13346,-0.130863,15.9328,-34.623,22.425,33385778
9.39963,0.967257,7.70933,0.110835,-0.446496,-0.0053591,16.657,-35.3519,20.673,33444131
9.70848,1.25935,8.94952,0.10031,-0.741336,0.130137,16.657,-35.3519,20.673,33502849
9.72524,0.40462,9.0812,0.293362,-0.697503,0.344106,19.5539,-40.0898,17.1691,33609320
9.90481,0.169988,6.91445,-0.413163,-0.929592,0.158116,21.5455,-41.7299,11.3877,33668493
9.68694,0.351948,5.66707,-0.602084,-0.247182,0.0524632,21.5455,-41.7299,11.3877,33725679
9.03811,0.538695,2.4373,-0.663504,-0.619962,-0.000429526,21.5455,-41.7299,11.3877,33784930
9.30865,1.64003,0.538695,-2.42362,-1.0074,-0.327912,23.175,-41.5476,7.3582,33843415
9.61032,0.11971,4.17788,0.621244,-0.987814,-0.266892,23.175,-41.5476,7.3582,33904994
10.0963,0.196324,1.34794,0.455505,-0.770647,-0.0178828,22.8129,-42.641,0.0,33980267
9.38766,0.581791,1.80762,-0.135776,-0.969428,-0.0746393,20.8213,-43.9166,-6.13183,34038859
9.68933,0.371101,0.986411,0.715172,-0.646609,0.104956,20.8213,-43.9166,-6.13183,34096212
10.0556,-0.0287304,0.399832,0.340926,-0.622094,0.0899012,20.8213,-43.9166,-6.13183,34154663
10.1945,-0.095768,-0.179565,-0.0301232,-0.59265,0.0326118,22.2697,-41.7299,-9.98613,34216598
9.75158,0.296881,-0.191536,-0.213316,-0.377615,-0.0114877,22.2697,-41.7299,-9.98613,34277350
9.61032,0.342371,-0.486023,-0.206122,-0.146326,-0.0180161,21.9076,-42.4588,-13.1396,34351766
9.87608,0.258574,-0.28491,-0.166019,0.0239437,-0.00229478,19.735,-42.0943,-13.49,34410101
9.91199,0.325611,-0.0167594,-0.0275918,0.124933,0.00156891,19.735,-42.0943,-13.49,34469816
9.75637,0.234632,0.110133,0.115898,0.252568,0.0279487,20.2781,-42.641,-13.6652,34531250
10.0389,0.354342,0.0742202,0.0282321,0.314787,0.047134,20.2781,-42.641,-13.6652,34592369
9.9096,0.320823,0.344765,0.163328,0.428833,0.0676516,20.8213,-42.8232,-12.0885,34649936
9.85453,0.189142,0.153229,0.205829,0.599236,0.0324786,20.8213,-42.8232,-12.0885,34722630
9.56004,-0.0047884,0.703895,-0.00747386,0.701025,0.0442029,21.5455,-43.5521,-9.98613,34780196
9.40203,0.423774,1.32639,0.110036,0.878622,0.0677848,21.5455,-43.5521,-9.98613,34837652
9.54807,0.517147,1.53468,0.303887,1.02917,0.0863039,21.5455,-43.5521,-3.32871,34895747
9.63666,0.282516,1.78368,0.392886,1.16014,0.0621891,21.5455,-43.5521,-3.32871,34961124
9.30626,0.138864,2.37744,0.392353,1.22782,0.0964295,23.356,-43.5521,4.02949,35063499
8.7101,0.354342,3.98874,0.416068,1.25833,0.0599242,23.356,-43.5521,4.02949,35123137
8.66222,-0.023942,4.90332,0.393952,1.37904,0.0291478,22.9939,-42.4588,13.8404,35180924
8.78432,0.256179,5.24091,-0.0211966,1.61099,-0.0221462,22.9939,-42.4588,13.8404,35243302
8.37492,0.55306,4.6639,-0.0735565,1.27405,-0.0526561,20.8213,-36.992,21.549,35301088
8.51378,0.766144,5.05416,-0.100869,0.442956,-0.133927,20.8213,-36.992,21.549,35359125
9.09317,2.34871,8.4635,0.457503,-0.0599919,-0.114342,19.3728,-34.4408,23.301,35429696
7.42442,-1.38864,9.04529,1.13139,0.860236,-0.0120207,19.3728,-34.4408,23.301,35488216
6.72531,0.550666,13.2088,-0.366798,0.178225,-0.035869,15.3896,-32.2541,27.5057,35556821
7.09641,0.840364,10.1873,-0.0620987,-0.700034,0.231393,15.3896,-32.2541,27.5057,35615230
8.52335,0.624887,8.99262,0.203831,-0.659399,0.438301,16.2949,-32.8008,27.3305,35673067
8.18098,1.10373,6.6463,-0.242893,-0.855915,0.0764448,16.2949,-32.8008,27.3305,35735609
7.85059,0.428562,6.98149,-0.162422,-1.00913,-0.000562772,18.1055,-33.5297,20.673,35805901
7.69496,0.682347,7.13711,0.0376915,-1.04537,0.0994938,18.1055,-33.5297,20.673,35869180
7.82904,0.56982,6.80193,-0.16935,-1.06535,0.0620559,17.7434,-36.8098,16.8187,35930227
8.21211,0.466869,5.78439,0.0398232,-1.01526,0.141195,17.7434,-36.8098,16.8187,35988132
8.08282,0.107739,4.7908,0.313347,-0.93159,0.30427,21.0023,-38.9965,10.1613,36048303
7.45075,0.287304,3.41892,-0.239962,-0.751595,0.234457,21.0023,-38.9965,10.1613,36106878
7.57765,-0.0550666,1.83875,-0.900256,-1.16661,-0.106348,21.9076,-39.1787,4.02949,36180472
8.83699,0.632069,4.16591,-0.114325,-0.999005,0.0232856,21.9076,-39.1787,4.02949,36239936
8.64546,0.0694318,1.9824,0.0630054,-1.03618,0.0210207,21.9076,-40.6365,-3.6791,36298638
8.83939,0.373495,1.56581,-0.122319,-0.894152,-0.111678,21.9076,-40.6365,-3.6791,36356512
8.81545,0.299275,0.481234,0.166659,-0.894552,-0.177494,20.6402,-39.7254,-10.5117,36419938
8.77714,0.0,0.749385,0.0363592,-0.579194,-0.087696,20.6402,-39.7254,-10.5117,36478511
9.14824,0.083797,0.011971,0.0805919,-0.345373,0.0288813,19.1918,-39.7254,-15.0668,36587068
9.58159,0.059855,-0.428562,0.18811,-0.267699,0.0619226,20.2781,-40.8187,-18.2203,36646593
9.46188,0.0383072,-0.440533,-0.0166668,-0.126341,0.0326118,20.2781,-40.8187,-18.2203,36704087
9.68694,0.011971,-0.687136,0.162662,-0.117281,0.0700498,19.735,-39.1787,-19.0963,36762622
9.67736,-0.150835,-0.821211,-0.0766209,-0.0637224,0.0447358,19.735,-39.1787,-19.0963,36827755
9.95988,0.179565,-0.667982,-0.11286,0.022345,0.0243515,20.0971,-39.9076,-18.3955,36901706
10.24,0.308852,-0.890643,-0.0418476,-0.0181573,-0.00029631,20.0971,-39.9076,-18.3955,36965524
10.0149,0.131681,-0.778115,-0.0128031,-0.0027025,0.00450002,20.8213,-39.5432,-19.4467,37023498
10.0197,0.0622492,-0.83797,-0.0285244,0.0119529,0.0272825,20.8213,-39.5432,-19.4467,37083800
9.95269,0.265756,-0.749385,-0.0505075,0.0563189,0.0231524,19.3728,-41.3654,-20.8482,37145947
9.92396,0.138864,-0.603339,-0.021996,0.0825655,0.0447358,19.3728,-41.3654,-20.8482,37206852
9.78989,0.0861912,-0.586579,-0.0543713,0.145717,0.0400727,19.1918,-38.2676,-19.9723,37279330
9.73482,0.0885854,-0.395043,0.021837,0.226588,0.0808415,19.1918,-38.2676,-19.9723,37338927
9.75637,0.0502782,-0.368707,0.0805919,0.298666,0.0994938,19.0107,-41.001,-19.4467,37396428
9.68215,-0.0981622,-0.380678,0.0226364,0.434163,0.0988277,19.0107,-41.001,-19.4467,37455269
9.53371,-0.186748,-0.311246,-0.0850144,0.631877,0.0988277,20.8213,-41.001,-16.9939,37517066
8.82263,-0.0143652,0.699107,0.0094465,0.919524,0.146791,20.8213,-41.001,-16.9939,37574444
8.87291,0.282516,1.24259,-0.043846,1.16254,0.119212,21.1834,-41.7299,-12.0885,37644699
8.24084,0.160411,1.8579,0.179982,1.10285,0.191423,21.1834,-41.7299,-12.0885,37702929
8.31266,-0.368707,2.9736,0.299491,1.39942,0.273494,21.0023,-42.2765,-5.25586,37760420
8.26717,-0.648829,3.73495,0.51346,1.7734,0.36156,21.0023,-42.2765,-5.25586,37818369
8.99022,-0.198719,3.38779,0.363841,1.57569,0.184762,24.8045,-38.8142,5.43105,37882359
8.42519,0.294487,3.86903,0.369304,1.06994,0.00463325,24.8045,-38.8142,5.43105,37943428
7.9679,0.636858,5.32949,0.922213,0.776167,-0.0983545,23.7182,-37.7209,14.1908,38047144
7.83861,-0.292093,6.09324,0.834814,0.829992,-0.00176184,19.1918,-36.8098,18.5707,38109947
7.90086,-0.440533,6.63194,0.244067,0.65466,-0.0619823,19.1918,-36.8098,18.5707,38168864
8.13549,-0.656011,6.44519,-0.273936,0.386732,-0.119405,16.8381,-34.4408,22.2498,38226336
7.97987,0.502782,6.69419,-0.395043,0.204072,-0.148982,16.8381,-34.4408,22.2498,38285644
7.99424,1.02951,6.70855,-0.0942074,0.0695088,-0.153112,17.9244,-33.3474,23.301,38356010
7.9272,0.780509,7.31428,0.0145093,0.0196803,-0.31219,17.9244,-33.3474,23.301,38414318
7.60638,0.459687,8.16662,0.137482,0.114408,-0.0638476,17.5623,-34.8053,22.9506,38481559
7.83861,0.505176,10.252,-0.124717,-0.140863,-0.264227,17.5623,-34.8053,22.9506,38539242
8.44913,0.509965,9.26556,0.168525,-0.538958,0.0398063,15.7518,-36.6275,21.549,38599583
9.22486,0.514753,9.35414,0.0972458,-0.664861,0.0620559,15.7518,-36.6275,21.549,38660801
9.18655,1.34554,7.21612,-0.245558,-1.20938,-0.0384004,19.0107,-40.2721,18.0451,38730455
9.4978,0.799663,6.92642,-0.0836821,-1.01859,0.149988,19.0107,-40.2721,18.0451,38794076
8.7532,0.902614,5.06134,-0.0806178,-0.540557,0.162512,20.0971,-40.6365,11.3877,38856227
8.2169,0.452504,3.55778,0.117763,-0.554679,0.250445,20.0971,-40.6365,11.3877,38913985
8.65025,2.16915,1.80044,-1.42319,-1.06362,-0.357356,21.5455,-42.8232,6.48223,38971327
9.82101,0.244209,1.59933,-1.12728,-1.12744,-0.480595,21.5455,-42.8232,6.48223,39030839
9.33499,0.416591,2.71981,0.758605,-0.627956,0.0143591,19.916,-42.641,-0.700781,39104082
9.2895,-0.0550666,2.87065,0.0694005,-0.470611,0.0370084,19.916,-42.641,-0.700781,39161863
10.5249,0.325611,0.301669,-0.874143,-0.836197,-0.150581,17.9244,-43.9166,-5.08066,39224663
10.0245,0.593762,1.79086,0.454439,-0.677785,0.0920329,17.9244,-43.9166,-5.08066,39282507
9.85693,0.543483,0.732625,-0.081284,-0.671656,0.00823048,20.4592,-43.9166,-10.3365,39340039
9.57681,0.505176,0.986411,-0.0469103,-0.65407,0.032745,20.4592,-43.9166,-10.3365,39398568
9.96945,0.490811,0.806846,0.00771448,-0.634618,0.0623223,20.0971,-42.8232,-13.49,39502982
9.88565,0.287304,0.11971,0.247664,-0.580792,0.0961631,20.0971,-42.8232,-13.49,39562986
10.0963,0.421379,-0.806846,0.123359,-0.586388,0.0571263,20.0971,-41.3654,-18.0451,39621251
10.07,0.385466,-1.17795,0.364641,-0.621028,0.0928323,20.0971,-41.3654,-18.0451,39679175
10.2711,0.155623,-1.51553,0.0908507,-0.531364,0.0547282,19.5539,-40.0898,-21.7242,39741091
9.73721,-0.095768,-1.89142,0.30029,-0.377349,0.107354,19.5539,-40.0898,-21.7242,39811880
9.51455,-0.282516,-2.29604,0.103241,-0.27143,0.0903009,19.916,-38.632,-25.5785,39870117
10.0317,-0.0814028,-2.65517,-0.0422472,-0.258107,0.0331447,19.916,-38.632,-25.5785,39929562
9.58159,-0.0454898,-2.28407,0.0456854,-0.182431,0.0763116,19.5539,-38.9965,-28.0312,39991504
9.50258,0.181959,-2.28167,-0.123918,-0.213208,0.00276801,19.5539,-38.9965,-28.0312,40049343
9.33738,0.0550666,-1.98479,0.0462183,-0.112618,0.0378078,20.2781,-37.9031,-26.9801,40114676
9.66539,0.0885854,-2.26731,0.00478339,-0.102226,0.00156891,20.2781,-37.9031,-26.9801,40184277
9.44512,0.0191536,-2.48039,0.0496823,-0.0449368,0.00902987,20.4592,-37.7209,-28.2064,40244658
9.75637,0.102951,-2.88262,0.0956471,-0.0425386,0.0194219,20.4592,-37.7209,-28.2064,40303268
10.2759,0.107739,-3.36385,0.148273,-0.049067,0.0821738,19.1918,-38.632,-30.484,40361671
9.45949,0.126893,-2.61926,0.21409,-0.00496743,0.0607236,19.1918,-38.632,-30.484,40423613
9.52892,0.0814028,-2.7246,0.0444863,-0.0558617,0.0328783,21.1834,-36.992,-29.2576,40481644
9.35414,-0.141258,-2.79164,0.0103791,0.00595753,0.0212871,21.1834,-36.992,-29.2576,40552435
9.49061,0.110133,-2.86346,-0.0359853,0.0752378,0.0202213,21.1834,-35.8986,-29.608,40611115
9.44991,0.0311246,-2.60489,-0.0193314,0.103882,0.0403392,21.1834,-35.8986,-29.608,40669383
9.742,0.0574608,-2.52828,0.0452857,0.0992194,0.0391401,20.8213,-38.0853,-29.608,40730832
9.55286,0.0933738,-2.79643,0.0955138,0.0814996,0.0481998,20.8213,-38.0853,-29.608,40789390
9.55765,0.19393,-2.71981,0.102975,0.0932239,0.0334112,20.8213,-37.3564,-30.3088,40894642
9.52174,-0.0646434,-2.91853,0.103108,0.217662,0.0631217,21.7266,-37.9031,-28.732,40953931
9.4978,-0.131681,-2.59771,0.206229,0.294003,0.0631217,21.7266,-37.9031,-28.732,41014663
9.53371,-0.244209,-2.3966,0.190241,0.358887,0.0508645,21.5455,-37.3564,-27.1553,41077132
9.68454,-0.232238,-2.15478,0.21822,0.464406,0.0555276,21.5455,-37.3564,-27.1553,41135209
9.62469,-0.189142,-2.07577,0.143344,0.580717,0.0643208,22.8129,-39.3609,-23.8266,41192552
9.4116,-0.19393,-1.78847,0.247264,0.670248,0.0848384,22.8129,-39.3609,-23.8266,41267590
10.4507,-0.572214,-1.46765,0.120961,0.682772,0.0860375,23.8992,-41.1832,-18.9211,41325423
10.3094,-0.354342,-0.725443,0.177717,0.590176,0.129338,23.8992,-41.1832,-18.9211,41387033
9.7444,-0.280121,-0.497994,0.509996,0.795752,0.158382,25.5287,-42.0943,-14.8916,41445240
8.74123,-0.328006,0.287304,0.273111,1.06568,-0.0294739,25.5287,-42.0943,-14.8916,41503908
11.0804,-0.766144,-0.500388,-0.289124,0.424836,-0.149515,24.0803,-42.4588,-9.98613,41561647
10.829,-0.555454,1.02951,0.224881,0.635075,-0.0462611,24.0803,-42.4588,-9.98613,41636172
9.94312,-0.464475,0.962469,0.209027,0.61056,-0.0451952,24.8045,-42.8232,-6.48223,41697248
8.89925,-0.440533,1.47962,0.111502,0.741394,-0.0771707,24.8045,-42.8232,-6.48223,41757082
9.41639,-0.363919,2.14281,0.0801922,0.869828,-0.0479931,24.0803,-43.5521,-2.97832,41816497
10.0676,0.0191536,2.6839,0.169324,1.10072,-0.0891615,24.0803,-43.5521,-2.97832,41874360
9.57441,-0.368707,2.33195,0.385158,1.11524,0.048866,23.5371,-41.9121,3.50391,41936903
8.66701,-0.505176,3.15795,0.0752627,1.27898,-0.064114,23.5371,-41.9121,3.50391,42009730
8.98783,0.105345,4.2545,0.0562106,1.27712,-0.14272,21.1834,-41.7299,10.3365,42069908
9.32781,0.275333,4.39096,0.137348,1.41648,-0.226256,21.1834,-41.7299,10.3365,42132024
8.51138,0.387861,3.98634,0.686527,1.19358,-0.214798,20.6402,-38.9965,19.2715,42189786
8.71489,0.73502,4.75249,0.685328,1.07407,-0.360553,20.6402,-38.9965,19.2715,42250615
7.27837,1.20189,6.23929,0.697052,1.05968,-0.229854,17.5623,-36.6275,25.7537,42359888
5.48033,0.636858,12.208,-0.407301,1.2975,-0.560933,14.3033,-30.7963,30.3088,42421288
7.2664,0.141258,10.2568,0.73036,0.512236,-0.0120207,14.3033,-30.7963,30.3088,42482453
5.8227,2.62644,9.68454,-0.176677,0.00742307,-0.306728,13.217,-27.5162,32.4111,42540461
5.67426,1.82199,10.7571,-0.231569,-0.0581267,-0.165903,13.217,-27.5162,32.4111,42597761
5.81551,1.46765,9.66299,0.363175,-0.284486,0.131469,13.217,-28.6096,31.0096,42660722
7.16584,2.14281,9.25119,-0.123385,-0.828336,0.0717818,13.217,-28.6096,31.0096,42731549
7.35977,2.89938,9.32302,0.0246348,-1.22417,-0.0943575,12.6738,-32.0719,26.6297,42789897
7.83622,1.33118,9.56004,0.445246,-0.812481,0.242451,12.6738,-32.0719,26.6297,42849242
7.29753,0.914585,6.49307,-0.37346,-1.19419,0.252976,11.0443,-35.8986,21.8994,42908382
7.3478,1.17316,6.26562,-0.86042,-0.999538,0.33065,11.0443,-35.8986,21.8994,42970369
7.49146,2.11408,6.9791,-0.112327,-0.643544,0.288016,14.8465,-37.1742,16.8187,43029455
8.34858,2.18591,6.91924,0.203564,-0.940117,0.246714,14.8465,-37.1742,16.8187,43100332
9.95509,1.15161,3.38061,-0.848962,-1.01992,-0.224791,16.2949,-40.4543,11.5629,43162940
8.20971,1.01993,3.68228,0.183446,-1.91697,-0.160707,16.2949,-40.4543,11.5629,43221745
8.22887,-0.169988,4.52265,0.683463,-0.769181,0.409923,16.476,-41.3654,1.22637,43280112
7.7213,0.804451,1.22823,-1.1899,-1.55231,-0.192149,16.476,-41.3654,1.22637,43342427
8.02536,0.565031,2.37265,0.0741968,-1.11598,0.0479334,17.0191,-41.1832,-8.40937,43401226
9.05965,0.981623,0.306458,0.184779,-0.907342,0.0629885,17.0191,-41.1832,-8.40937,43470928
7.87692,0.490811,0.397437,0.140679,-0.860178,0.0497986,15.7518,-42.0943,-13.1396,43533965
8.48744,0.483629,-0.143652,0.0965797,-0.498722,0.0559272,15.7518,-42.0943,-13.1396,43591633
9.62229,0.634463,-0.739808,0.0458186,-0.370687,0.0535291,17.3812,-38.9965,-17.5195,43652073
10.0125,0.873883,-0.713472,0.0976455,-0.292214,0.00356738,17.3812,-38.9965,-17.5195,43711419
9.48104,0.457292,-0.845153,0.0600743,-0.294346,0.0492657,16.476,-40.6365,-19.4467,43773199
9.41879,0.725443,-0.217872,0.17905,0.0732393,0.0893683,16.476,-40.6365,-19.4467,43875553
9.96227,0.71826,-0.823605,0.0832566,0.106147,0.0921661,15.5707,-39.3609,-20.3226,43937250
9.90002,0.497994,-0.335188,0.0275659,0.137057,0.077111,15.5707,-39.3609,-20.3226,43995217
9.89762,0.368707,-0.581791,0.0155751,0.151446,0.0972289,17.9244,-39.1787,-19.7971,44054657
10.2687,0.59855,-0.639252,0.0618063,0.129862,0.10469,17.9244,-39.1787,-19.7971,44116490
10.0173,0.541089,-0.565031,0.0804587,0.161172,0.0933652,17.9244,-39.5432,-18.7459,44174090
9.88087,0.332794,-0.390255,0.0191723,0.153045,0.0885689,17.9244,-39.5432,-18.7459,44244824
10.0892,0.337582,-0.399832,-0.0374509,0.0932239,0.068451,19.0107,-38.8142,-17.3443,44310614
10.2687,0.301669,-0.316035,-0.0754218,0.0599162,0.0509977,19.0107,-38.8142,-17.3443,44368280
9.88805,0.227449,-0.110133,-0.0601002,0.0374001,0.036742,19.916,-42.641,-17.5195,44430563
10.24,0.26815,-0.445321,-0.0213299,0.0259422,0.0342106,19.916,-42.641,-17.5195,44488251
9.84735,0.306458,-0.21069,-0.084748,0.0559192,0.0491325,19.1918,-40.0898,-19.2715,44558591
10.0556,0.198719,-0.342371,-0.0165336,0.0655119,0.0776439,19.1918,-40.0898,-19.2715,44620439
9.93833,0.402226,-0.107739,0.0295644,0.0699085,0.0464678,18.2865,-39.5432,-18.0451,44681304
10.1059,0.361524,-0.23942,0.0388906,0.0564522,0.0290146,18.2865,-39.5432,-18.0451,44741756
10.0604,0.277727,-0.292093,0.0538125,0.0259422,0.0247511,19.0107,-39.5432,-17.3443,44803461
10.4411,0.265756,-0.612916,0.12669,-0.0208219,0.0547282,19.0107,-39.5432,-17.3443,44861229
9.39963,0.0,0.179565,0.0239687,0.0352684,0.0328783,20.0971,-40.2721,-16.2932,44934077
9.89762,0.208295,-0.136469,0.0796593,0.0655119,0.048866,20.0971,-40.2721,-16.2932,44995831
10.1203,0.225055,-0.117316,0.0408891,0.0509897,0.0468675,20.0971,-40.2721,-16.2932,45053571
10.0652,0.256179,-0.47884,0.09618,0.0332699,0.0382075,20.0971,-40.2721,-16.2932,45111877
10.2184,0.167594,-0.464475,0.105506,0.0279407,0.0198216,19.5539,-39.7254,-18.2203,45170572
9.77073,0.265756,-0.0670376,0.0563439,0.0691091,0.0074311,19.5539,-39.7254,-18.2203,45274247
10.0437,0.237026,-0.234632,0.088719,0.0633802,0.0358093,18.6486,-39.1787,-15.5924,45336724
10.0628,0.294487,-0.287304,0.13535,0.06791,0.038474,20.4592,-40.2721,-18.3955,45394084
10.0796,0.248997,-0.548272,0.0819243,0.0176819,0.0199548,20.4592,-40.2721,-18.3955,45453434
9.9072,0.112527,-0.174777,0.0540789,0.0481918,0.0224862,19.916,-40.4543,-17.8699,45511575
9.97663,0.155623,-0.174777,0.0524802,0.0520555,0.0182228,19.916,-40.4543,-17.8699,45569280
10.0772,0.19393,-0.306458,0.0571432,0.0423297,0.0187557,18.1055,-40.8187,-16.8187,45643998
10.1059,0.225055,-0.373495,0.0721984,0.00875538,0.0219533,18.1055,-40.8187,-16.8187,45703187
10.0006,0.201113,-0.354342,0.0733975,0.0271413,0.0328783,19.735,-41.3654,-17.3443,45762134
10.0724,0.174777,-0.363919,0.0608737,-0.00550035,0.0212871,19.735,-41.3654,-17.3443,45821669
9.96706,0.203507,-0.344765,0.0123776,0.0250096,0.0208874,18.8297,-40.8187,-17.5195,45879627
10.0078,0.251391,-0.464475,0.0516808,0.0295394,0.0247511,18.8297,-40.8187,-17.5195,45938108
10.0054,0.438139,-0.514753,0.0644709,0.101618,0.0235521,18.4676,-40.0898,-16.8187,46010673
10.2592,0.296881,-0.656011,0.032762,0.10255,0.0202213,18.4676,-40.0898,-16.8187,46067985
9.80425,0.19393,-0.126893,-0.0166668,0.20767,0.0316792,20.0971,-41.3654,-15.5924,46127476
9.87847,0.150835,0.035913,-0.00414309,0.292671,0.0447358,20.0971,-41.3654,-15.5924,46188967
9.64624,0.181959,0.270545,-0.02546,0.392728,0.0459349,19.3728,-40.2721,-15.242,46246834
9.43794,0.167594,0.577003,-0.00800678,0.58005,0.0380743,19.3728,-40.2721,-15.242,46323469
9.37809,0.217872,0.972046,-0.0170665,0.75938,0.0559272,19.3728,-41.001,-11.7381,46382289
9.35654,0.292093,1.25456,-0.00494251,0.806677,0.0899012,19.3728,-41.001,-11.7381,46442351
9.34935,0.138864,1.87466,0.0995108,0.748455,0.124008,20.6402,-42.2765,-8.40937,46504973
8.83221,-0.0263362,2.18112,0.146941,0.911797,0.144126,20.6402,-42.2765,-8.40937,46562438
9.39245,0.112527,2.59531,-0.0366515,0.974149,0.0938981,21.3644,-39.7254,-2.10234,46619872
8.65982,0.177171,2.43251,0.188909,0.958161,0.0248844,19.735,-41.3654,2.62793,46728991
8.29591,-0.246603,3.66552,0.250728,0.966821,0.0559272,19.735,-41.3654,2.62793,46786993
8.43716,0.237026,4.24971,0.424994,1.03224,0.0135597,20.0971,-39.5432,9.98613,46849400
8.10677,0.548272,4.19703,0.716638,0.769106,-0.0224127,20.0971,-39.5432,9.98613,46907906
7.90326,0.790086,4.49392,0.531446,0.450683,-0.137391,20.0971,-39.5432,9.98613,46965541
7.19697,0.368707,4.71897,0.8528,0.434429,-0.00762403,17.3812,-38.632,14.366,47031103
7.57525,0.888249,6.75644,0.801373,0.616423,-0.0108216,16.8381,-35.8986,17.3443,47101125
7.65665,1.17076,6.29196,0.0883193,0.0836313,-0.238247,16.8381,-35.8986,17.3443,47161471
8.43716,1.24498,6.8929,0.225681,-0.0484008,-0.115408,13.398,-37.1742,20.3226,47222642
9.02853,1.6089,6.76122,0.160797,-0.23186,-0.0890283,13.398,-37.1742,20.3226,47280296
9.30386,1.0319,7.68778,0.0506149,-0.0689184,-0.0896944,13.9412,-37.7209,16.9939,47343335
9.52892,1.98479,8.09958,-0.293921,-0.383477,-0.110345,13.9412,-37.7209,16.9939,47401754
10.0269,1.78847,7.03656,-0.0702258,-0.920932,0.24818,15.3896,-39.5432,14.5412,47471773
10.137,1.34554,7.90086,0.237671,-0.707229,0.502651,15.3896,-39.5432,14.5412,47536587
10.6087,0.92895,6.34463,-0.254484,-0.933722,0.510778,17.0191,-42.641,9.11015,47594667
10.0509,0.454898,5.75087,-0.763827,0.11081,0.341708,17.0191,-42.641,9.11015,47655118
9.23683,1.10133,1.84832,-0.461259,-0.252244,0.23912,19.735,-42.8232,6.13183,47717744
9.4954,0.186748,0.383072,-2.15836,-0.195888,-0.21693,19.735,-42.8232,6.13183,47775370
8.91361,0.536301,1.10373,0.718236,-1.68088,-0.136325,21.1834,-41.7299,1.92715,47848557
8.8753,-0.349553,4.20661,-0.427685,-0.627024,-0.0703759,21.1834,-41.7299,1.92715,47909897
10.0054,0.55306,1.75016,-1.78371,-0.413587,-0.225457,20.8213,-43.9166,-4.37988,47970170
9.87368,1.00796,0.105345,0.106572,-0.807685,-0.144852,20.8213,-43.9166,-4.37988,48030823
9.93114,0.90022,1.23062,-0.572108,-0.715756,-0.231186,20.2781,-44.0988,-9.46054,48088927
9.95748,0.684741,0.560243,0.159998,-0.50978,-0.0526561,20.2781,-44.0988,-9.46054,48146895
9.95509,0.378284,-0.0790086,0.128955,-0.736673,0.0532626,19.0107,-41.7299,-14.8916,48256342
9.65342,0.744596,0.0287304,0.214622,-0.53656,0.132135,19.0107,-41.7299,-14.8916,48314086
9.96706,0.272939,-0.189142,0.280972,-0.375217,0.142394,19.1918,-41.1832,-18.9211,48373584
9.85932,0.114922,-1.09654,0.155734,-0.36669,0.0880359,19.1918,-41.1832,-18.9211,48432191
9.92636,0.177171,-1.17555,0.193838,-0.335114,0.102691,19.3728,-41.3654,-20.4978,48490558
9.9072,0.047884,-1.28808,0.281771,-0.28462,0.10842,19.3728,-41.3654,-20.4978,48561294
9.8665,-0.184353,-2.00155,0.221684,-0.198153,0.0743131,21.1834,-39.5432,-20.1475,48622505
9.80186,-0.00957681,-2.02549,0.0984449,-0.12341,0.0576593,21.1834,-39.5432,-20.1475,48687307
9.94312,0.059855,-1.90339,0.0222367,-0.00243603,0.00370063,22.0887,-40.8187,-22.425,48745479
9.97663,0.0383072,-1.87466,-0.00254431,0.000894744,-0.016817,22.0887,-40.8187,-22.425,48803040
9.89523,0.0023942,-1.70946,-0.00920591,-0.0086979,-0.0141523,21.1834,-38.0853,-23.301,48865320
9.81383,0.0526724,-1.59214,-0.0234616,0.0535211,0.000369847,21.1834,-38.0853,-23.301,48937668
9.78749,0.0502782,-1.15879,0.0387573,0.097887,0.0255505,21.1834,-39.9076,-23.6514,48995345
9.89045,0.095768,-1.22583,0.0312964,0.126132,0.0382075,21.1834,-39.9076,-23.6514,49059486
9.90481,0.0814028,-1.3216,0.00518307,0.0920249,0.0280819,19.735,-39.9076,-23.301,49117843
9.74919,-0.0407014,-1.01035,0.0712658,0.100951,0.0512642,19.735,-39.9076,-23.301,49175301
10.0245,-0.0023942,-1.34315,0.103774,0.0652454,0.0430038,20.8213,-39.5432,-22.6002,49251416
9.96227,-0.035913,-1.41258,0.0751295,0.0407309,0.0359426,20.6402,-40.0898,-23.4762,49310193
10.0245,0.0,-1.52032,0.0703332,0.000894744,0.038474,20.6402,-40.0898,-23.4762,49371994
9.89045,-0.00957681,-1.45567,0.0623393,0.0139514,0.0320789,19.3728,-39.5432,-24.3521,49433336
9.96227,0.0,-1.48919,0.0476839,0.0111535,0.0318124,19.3728,-39.5432,-24.3521,49490583
9.92396,0.0311246,-1.51313,0.0306302,0.020613,0.0307466,19.3728,-39.5432,-24.3521,49550506
9.9503,0.0335188,-1.5275,0.0406226,0.0174154,0.0338109,20.6402,-39.7254,-23.8266,49654373
9.65342,-0.129287,-1.09894,0.0187727,0.0720402,0.0399395,21.0023,-40.0898,-22.7754,49714955
10.0173,-0.0933738,-1.28329,0.0853883,0.05925,0.0356761,21.0023,-40.0898,-22.7754,49773897
9.89284,-0.0407014,-1.50356,0.0777941,0.0607155,0.0290146,20.6402,-40.0898,-23.4762,49831387
9.99579,-0.0407014,-1.45807,0.0351601,0.0460601,0.022353,20.6402,-40.0898,-23.4762,49894216
9.90242,-0.035913,-1.32639,0.0498155,0.0401979,0.0335444,19.916,-40.0898,-23.1258,49954971
9.99579,0.0047884,-1.54187,0.0524802,0.0350019,0.0278155,19.916,-40.0898,-23.1258,50027458
9.94072,-0.0263362,-1.41497,0.0300973,0.0384659,0.0215536,22.0887,-41.5476,-22.425,50089161
9.9096,-0.0047884,-1.44849,0.0247681,0.043662,0.024085,22.0887,-41.5476,-22.425,50146714
9.74919,0.059855,-1.32399,-0.024794,0.0663112,0.0112948,21.1834,-39.5432,-24.0018,50206796
9.71806,-0.143652,-1.00556,-0.0106714,0.0563189,0.0278155,21.1834,-39.5432,-24.0018,50268459
9.94551,-0.138864,-1.1157,0.0705996,0.0625808,0.0291478,21.5455,-39.9076,-23.301,50353624
9.96706,-0.0191536,-1.32878,0.0451525,0.0326038,0.0226195,21.0023,-39.7254,-23.1258,50418754
9.93354,0.0,-1.27132,0.0526134,0.0452607,0.0236853,21.0023,-39.7254,-23.1258,50476553
9.95748,0.0526724,-1.48919,0.0451525,0.0374001,0.0175567,21.0023,-39.7254,-23.1258,50537129
9.95269,-0.0574608,-1.43891,0.0795261,0.0343358,0.0299472,19.3728,-38.8142,-23.301,50595374
9.93114,0.0526724,-1.4054,0.0475506,0.0276742,0.0250176,19.3728,-38.8142,-23.301,50654320
9.88087,0.0047884,-1.4437,0.0245016,0.0400647,0.0234188,20.0971,-39.5432,-22.6002,50728567
10.1227,0.0981622,-1.8172,0.0520805,0.000761515,0.0156914,20.0971,-39.5432,-22.6002,50787843
10.0341,0.0454898,-1.84353,0.0119779,-0.0134942,0.0156914,20.0971,-39.5432,-22.6002,50848960
9.8689,-0.0646434,-1.26893,0.00504985,0.0409973,0.0222198,20.0971,-39.5432,-22.6002,50907898
9.98142,-0.0167594,-1.33357,0.0582091,0.0385992,0.0270161,20.0971,-39.9076,-23.6514,50968120
9.96945,-0.023942,-1.41497,0.0808584,0.0219453,0.0303469,20.0971,-39.9076,-23.6514,51026785
10.0006,-0.0502782,-1.43891,0.0423546,0.0212791,0.025817,19.3728,-39.9076,-24.7025,51134880
9.94551,0.0263362,-1.43652,0.0490162,0.0175486,0.0183561,21.1834,-42.0943,-22.2498,51196065
9.90002,-0.0383072,-1.39582,0.0284985,0.0247431,0.0182228,21.1834,-42.0943,-22.2498,51253599
9.94312,-0.0790086,-1.21147,0.0811249,0.0283404,0.0259502,19.5539,-39.7254,-24.1769,51311519
9.86171,-0.126893,-1.09415,0.116165,0.057518,0.0359426,19.5539,-39.7254,-24.1769,51372874
10.0532,0.0191536,-1.57538,0.104174,0.0182148,0.0298139,20.8213,-40.6365,-23.301,51443755
9.9072,-0.0550666,-1.54187,0.0564771,0.034469,0.0252841,20.8213,-40.6365,-23.301,51501501
9.92875,-0.035913,-1.41497,0.0254343,0.0263419,0.0314127,21.0023,-39.7254,-22.425,51563298
9.87847,0.0071826,-1.41018,0.0125108,0.0440616,0.0227527,21.0023,-39.7254,-22.425,51621512
9.98382,-0.0263362,-1.56102,0.0230361,0.0340693,0.0164908,22.2697,-40.6365,-23.6514,51682500
9.91678,-0.0287304,-1.49159,0.0354266,0.0429958,0.0124939,22.2697,-40.6365,-23.6514,51745633
9.94791,-0.071826,-1.43652,0.01784,0.0537875,0.0207542,20.0971,-41.001,-24.0018,51815310
9.94551,-0.0574608,-1.33357,0.0675353,0.0583174,0.024085,20.0971,-41.001,-24.0018,51875670
9.96466,-0.047884,-1.17555,0.112701,0.0789682,0.0231524,22.0887,-38.9965,-23.1258,51937108
10.0628,0.095768,-1.58017,0.0983117,0.0250096,0.0187557,22.0887,-38.9965,-23.1258,51998063
9.89762,0.0191536,-1.47004,0.0414219,0.0459269,0.016624,21.3644,-38.2676,-24.1769,52058150
10.1011,-0.0861912,-1.68312,0.0073148,0.0184813,0.0103622,21.3644,-38.2676,-24.1769,52128641
9.71806,0.124498,-1.30723,0.105639,0.043129,0.00450002,19.3728,-40.6365,-22.2498,52186732
9.57681,0.0502782,-1.37667,-0.0667618,0.145717,-0.0409318,19.3728,-40.6365,-22.2498,52245961
9.70609,0.129287,-1.42934,0.121894,0.245108,0.0155582,20.0971,-39.9076,-23.6514,52304621
9.63905,0.229843,-1.16598,0.0815246,0.390996,-0.002428,20.0971,-39.9076,-23.6514,52365883
9.70609,-0.059855,-1.31202,0.06567,0.598703,0.0167573,21.1834,-40.6365,-20.8482,52429082
9.88805,0.280121,-1.33836,0.050082,0.653061,0.0427374,20.4592,-41.3654,-17.6947,52531169
9.96945,0.201113,-0.21069,0.120428,0.864233,0.0479334,20.4592,-41.3654,-17.6947,52592601
10.2831,0.114922,-0.0861912,0.149606,0.854907,0.0392734,21.9076,-41.7299,-10.6869,52654703
9.80425,-0.14844,0.490811,0.215022,0.946703,0.0929655,21.9076,-41.7299,-10.6869,52712289
9.86171,-0.0885854,0.90022,0.0915169,0.908998,0.0920329,23.7182,-42.4588,-5.08066,52774639
9.95269,0.035913,1.35512,-0.00560865,0.899939,0.0394066,23.7182,-42.4588,-5.08066,52832791
9.62229,0.0143652,2.02789,0.0602076,0.985606,0.0354096,22.8129,-42.641,0.0,52904781
8.75559,0.251391,2.64799,0.202498,0.925519,-0.0330712,22.8129,-42.641,0.0,52968802
8.34858,-0.220267,3.7158,0.337328,1.21863,0.0843055,22.9939,-42.8232,5.78144,53026173
9.11951,-0.356736,4.22337,0.14774,1.40275,0.201416,22.9939,-42.8232,5.78144,53086130
8.86333,0.347159,4.4173,0.0888523,1.41754,0.142661,22.6318,-41.7299,14.8916,53143761
8.36773,0.260968,4.59687,0.885575,1.5609,0.0903009,22.6318,-41.7299,14.8916,53201771
9.31583,1.1564,4.8722,0.886641,-0.00403481,0.0547282,19.5539,-38.2676,21.3738,53275125
11.1642,2.1452,6.78038,-0.515218,-1.00953,-0.548409,19.5539,-38.2676,21.3738,53332950
10.2065,1.52271,19.6127,1.55906,2.42224,-0.244775,15.9328,-37.9031,17.8699,53391622
7.09881,2.61447,8.47068,0.457636,-0.384943,-0.139256,15.9328,-37.9031,17.8699,53450840
10.3908,0.608127,9.11712,-1.0223,-0.797027,-0.456347,14.8465,-35.7164,20.3226,53508541
9.48822,1.13246,6.39252,-0.59569,-0.55308,-0.147517,14.8465,-35.7164,20.3226,53572301
9.16979,1.5275,6.84502,0.656683,-0.668325,0.281488,16.476,-38.4498,16.6435,53644973
8.23126,1.66876,6.08127,-0.273936,-0.979154,0.00476648,16.476,-38.4498,16.6435,53703336
8.74602,1.26414,6.0286,0.0680682,-1.12411,0.063255,16.476,-39.5432,11.3877,53762268
8.58561,1.00317,4.7884,0.0895184,-0.804888,0.232992,16.476,-39.5432,11.3877,53823557
8.54012,0.773327,4.23295,-0.299117,-0.834065,0.253642,17.0191,-40.4543,5.95664,53881475
8.28394,0.799663,3.74214,-0.501362,-0.803688,0.209276,17.0191,-40.4543,5.95664,53946528
8.72686,0.1652,2.74615,-0.518548,-1.1293,0.124008,18.1055,-40.0898,-2.45273,54048379
6.26323,0.361524,1.77889,-0.46006,-1.19992,0.115748,18.1055,-40.0898,-2.45273,54107632
8.19535,0.244209,1.54187,-0.26008,-1.16821,0.0671186,18.1055,-41.5476,-8.75976,54166167
8.91361,0.452504,1.06781,-0.170415,-1.01832,-0.0257435,18.1055,-41.5476,-8.75976,54228057
9.32063,0.402226,0.131681,-0.124451,-1.09307,-0.00722434,17.7434,-41.5476,-15.0668,54290973
8.84418,0.442927,-0.577003,0.0824572,-0.808618,0.0696501,17.7434,-41.5476,-15.0668,54361269
8.89925,0.68953,-1.43413,0.208494,-0.390672,0.171439,17.5623,-39.9076,-22.9506,54422782
9.67496,0.593762,-1.61848,0.316811,-0.523237,0.16531,17.3812,-38.632,-25.9289,54484291
9.89045,0.344765,-2.19788,0.398348,-0.252777,0.102025,17.3812,-38.632,-25.9289,54545025
9.70609,-0.162806,-2.23379,0.380895,-0.196687,-0.0313392,17.3812,-38.632,-25.9289,54605416
9.78749,-0.572214,-1.901,0.223949,-0.0128281,-0.0638476,17.3812,-38.632,-25.9289,54664097
9.40681,-0.095768,-1.84114,0.306419,0.0619146,-0.112877,20.6402,-37.1742,-27.6809,54733805
10.137,-0.00957681,-2.50433,0.126157,0.0487247,-0.0907603,20.6402,-37.1742,-27.6809,54793439
9.50977,0.0383072,-2.3942,0.0855215,0.109345,-0.0801018,20.6402,-37.1742,-27.6809,54855273
9.88565,0.217872,-2.5187,0.0303638,0.149181,-0.0357358,20.6402,-37.1742,-27.6809,54912992
10.0963,0.486023,-2.09971,0.0873867,0.027541,-0.0541217,20.6402,-37.1742,-27.6809,54971232
9.71327,0.565031,-2.3104,0.227679,-0.0130945,-0.11261,19.1918,-37.1742,-26.9801,55029802
9.73961,0.071826,-1.88663,0.17905,0.105881,-0.0707756,17.7434,-38.632,-25.9289,55099380
9.67257,-0.296881,-2.229,-0.353342,-0.160182,-0.267158,17.7434,-38.632,-25.9289,55157846
9.58398,1.3216,-1.88184,0.308417,0.387798,0.0132933,17.7434,-38.632,-25.9289,55219555
10.0676,0.380678,-2.73418,0.236872,0.156642,-0.011621,17.2002,-38.8142,-26.1041,55278412
10.1514,0.407014,-2.11647,0.0294312,0.112143,0.141462,17.2002,-38.8142,-26.1041,55341065
9.93593,0.409408,-1.25935,-0.00321048,0.290806,0.0577925,17.7434,-37.9031,-25.9289,55399187
