9.23443,-2.61447,-3.80199,-0.0162671,0.0417967,0.0167573,37.6594,-34.623,-17.5195,2503444
9.15782,-2.75812,-3.14598,-0.168817,0.0567186,-0.0665122,37.2973,-36.0808,-18.5707,2565152
9.12191,-2.68151,-2.58334,-0.0940742,0.204072,-0.2128,37.2973,-36.0808,-18.5707,2622479
9.10275,-2.44687,-3.16274,-0.196262,0.135325,-0.162305,35.6678,-37.3564,-19.4467,2679933
9.48104,-2.30322,-2.93769,-0.0105382,0.101751,-0.194281,35.6678,-37.3564,-19.4467,2739194
9.31105,-2.28407,-3.09331,-0.306311,-0.148857,-0.136192,35.6678,-37.3564,-19.4467,2891094
10.6231,-1.91776,-2.34153,-0.494833,-0.112618,0.215138,33.8572,-36.6275,-20.8482,2951009
8.36534,-1.62327,-2.64799,-0.352543,0.391395,-0.952899,33.8572,-36.6275,-20.8482,3011639
9.89762,-1.74298,-3.95761,-0.433281,-0.173105,-0.580518,29.3308,-37.5387,-21.0234,3073648
9.47864,-0.28491,-2.80122,-0.130047,-0.204281,-0.418909,29.3308,-37.5387,-21.0234,3131193
9.21767,-1.38624,-3.82115,-0.0491752,0.257231,0.287083,29.693,-38.2676,-21.7242,3189028
9.51455,-1.01993,-2.96881,0.0254343,0.269222,-0.0370681,28.7877,-37.3564,-21.549,3343691
9.71327,-1.45089,-3.39019,0.112567,-0.0923671,0.0865704,28.7877,-37.3564,-21.549,3404888
9.31823,-0.806846,-3.91931,-0.237298,-0.154453,0.0318124,28.7877,-38.4498,-22.2498,3463507
9.19613,-0.754173,-3.73735,-0.184538,-0.348704,0.0487328,28.7877,-38.4498,-22.2498,3524229
8.87291,-0.804451,-4.13718,-0.183872,-0.518307,-0.0106884,28.9687,-36.8098,-24.5273,3582726
8.97346,-0.486023,-5.12119,-0.0591676,-1.38431,0.0601906,28.9687,-36.8098,-24.5273,3641245
8.38689,-0.972046,-8.2983,0.456837,-1.97319,0.392069,31.8656,-21.1383,-45.2004,3791329
6.94558,-1.16598,-8.48505,0.2434,-2.49452,0.674786,31.8656,-21.1383,-45.2004,3848691
4.20661,-0.969651,-9.10994,-0.0281247,-1.84369,-0.127399,31.8656,-21.1383,-45.2004,3909387
3.93607,-0.818817,-8.39886,-0.150431,-0.774511,-0.440892,31.8656,-21.1383,-45.2004,3967369
3.41413,-1.75016,-9.19373,-0.299517,0.679308,-0.11714,31.8656,-21.1383,-45.2004,4024855
3.45244,-1.9393,-9.56723,-0.564513,-0.825272,0.113217,31.3225,-7.83574,-52.033,4082990
3.27766,-0.646434,-9.64863,-0.383186,0.183421,-0.00802372,27.3392,-6.37793,-54.4857,4434231
3.03585,-0.682347,-10.5608,-0.301648,-0.786502,-0.128731,27.3392,-6.37793,-54.4857,4494431
2.81558,-0.591368,-8.60236,-0.388382,-1.53446,-0.071575,22.4508,-2.55117,-57.4641,4556477
1.46525,0.493205,-10.5896,-0.191466,-1.35513,0.0443361,22.4508,-2.55117,-57.4641,4617417
1.33836,-0.143652,-8.61912,-0.64725,-0.57493,0.183163,21.3644,6.1957,-56.4129,4675010
0.244209,1.21625,-9.35654,-0.650048,-0.448761,0.168641,21.3644,6.1957,-56.4129,4750714
0.723049,1.40779,-9.45949,-0.447403,0.586712,0.206345,16.476,7.83574,-59.3912,4809853
0.823605,1.33118,-9.51216,-0.201592,0.470401,0.200217,16.476,7.83574,-59.3912,4867430
1.43173,0.895431,-9.12909,0.17039,1.60047,0.546351,15.9328,4.73789,-58.5152,4932749
3.24654,0.452504,-8.40843,0.554628,3.01085,0.746331,15.9328,4.73789,-58.5152,4990690
4.85783,0.634463,-9.39724,0.393685,3.74842,0.773644,19.1918,-9.47578,-53.2594,5048014
6.36139,0.849941,-8.10437,0.317477,4.05978,0.464281,19.1918,-9.47578,-53.2594,5122065
8.89685,0.572214,-6.82826,0.140413,3.81037,0.73434,21.5455,-30.7963,-39.4189,5181298
9.10754,-0.548272,-4.75967,-0.602218,2.23731,0.460151,21.5455,-30.7963,-39.4189,5241908
10.6422,-0.0861912,-2.98317,-0.886267,1.62192,-0.119671,23.5371,-37.5387,-25.9289,5301481
10.1299,-0.732625,-2.70545,-0.171082,1.45138,0.349968,23.5371,-37.5387,-25.9289,5360001
9.32781,-0.725443,-2.07817,0.33946,0.625349,0.693705,22.9939,-40.2721,-16.9939,5417536
9.12191,1.06781,-0.277727,0.330667,1.31042,-0.254501,22.9939,-40.2721,-16.9939,5502069
9.98621,-0.150835,-1.71904,1.42889,-0.165644,0.175969,23.356,-40.2721,-10.6869,5559863
11.576,0.921767,-1.15879,1.24303,-1.17434,0.424578,23.356,-40.2721,-10.6869,5620235
10.0054,-1.01035,-0.047884,0.753409,-0.043338,1.14416,27.3392,-39.1787,-11.3877,5681497
9.54089,-0.318429,-0.0742202,-0.196129,0.230585,-0.0988874,27.3392,-39.1787,-11.3877,5739355
8.339,-0.993593,-1.07978,-1.40507,0.198743,-0.828994,28.6066,-40.0898,-9.46054,5799135
9.66539,-2.15239,-0.667982,-1.04868,0.322248,-0.427302,23.5371,-39.7254,-11.9133,5907016
10.0317,0.368707,-1.89142,-0.481111,0.386466,-0.683639,23.5371,-39.7254,-11.9133,5967551
10.5273,0.414197,0.100556,-0.441141,-0.0751803,-0.339236,18.4676,-42.2765,-10.5117,6026285
10.6087,0.0909796,-0.356736,-0.259148,-0.0304146,0.224065,18.4676,-42.2765,-10.5117,6086969
10.7404,1.03429,-0.107739,-0.0743559,0.157575,0.0375413,17.3812,-42.641,-11.9133,6148999
9.71806,0.481234,-0.31364,-0.398641,-0.0184238,0.0180896,17.3812,-42.641,-11.9133,6206629
9.71806,-0.112527,0.694318,0.141878,0.245907,-0.0495919,18.2865,-41.001,-9.98613,6278983
9.96227,0.368707,-0.366313,0.0446195,0.13266,-0.119805,18.2865,-41.001,-9.98613,6340340
9.95988,0.454898,-0.167594,-0.00307727,0.151846,0.067918,16.657,-43.0055,-10.8621,6400796
10.0509,0.399832,-0.105345,-0.0956729,-0.102093,0.247913,16.657,-43.0055,-10.8621,6461282
10.0437,0.134075,-0.0742202,-0.00640801,0.14585,0.228195,17.9244,-43.1877,-11.3877,6519026
10.07,0.177171,-0.122104,0.0298308,0.0585839,0.104557,17.9244,-43.1877,-11.3877,6590015
10.0532,0.112527,-0.203507,0.0105123,0.208602,-0.0232121,18.4676,-43.3699,-9.81094,6648722
9.90002,0.208295,-0.172382,0.00811419,0.604299,0.101359,18.4676,-43.3699,-9.81094,6706808
9.99818,-0.150835,-0.126893,-0.47245,1.02278,0.212874,20.4592,-43.9166,-7.5334,6771384
9.89523,-0.304064,0.761356,-0.929034,0.496115,0.560474,20.4592,-43.9166,-7.5334,6829123
9.51934,-0.0311246,0.519542,0.132552,-0.271297,0.0282152,20.0971,-41.3654,-4.37988,6888970
10.1921,-0.215478,0.830788,0.0531463,0.143852,0.0103622,20.0971,-41.3654,-4.37988,6963062
9.85453,-0.555454,2.4373,0.148007,0.0703082,0.032745,20.4592,-42.8232,-4.02949,7020663
10.058,-0.323217,1.04866,0.0435537,0.0354016,0.0306133,20.4592,-42.8232,-4.02949,7083728
10.0078,-0.308852,1.08936,0.0468845,0.0716405,0.0295475,21.3644,-41.5476,-4.20469,7145675
9.98861,-0.253785,1.07978,0.0444863,0.00222706,0.0291478,21.3644,-41.5476,-4.20469,7203429
9.96227,-0.289698,1.07021,0.0459518,0.0400647,0.0219533,22.2697,-42.8232,-3.6791,7261087
9.98861,-0.265756,1.05824,0.558759,0.100019,0.150655,21.5455,-41.3654,-5.08066,7369626
10.6662,0.136469,0.972046,1.21665,0.107346,0.44363,21.5455,-41.3654,-5.08066,7426871
9.91199,-0.682347,-0.995988,3.0635,0.024077,0.888489,23.5371,-41.5476,-1.75195,7485445
10.8314,-0.972046,-0.124498,2.26585,0.748455,1.30763,23.5371,-41.5476,-1.75195,7543606
9.36612,-1.07021,1.65439,2.59813,0.477862,1.35959,23.5371,-41.5476,-1.75195,7601630
9.48582,-1.26653,2.99275,1.96954,0.780963,0.992542,28.7877,-39.1787,7.18301,7663099
8.89445,-3.15795,3.14837,1.461,-0.0683855,1.7453,32.2277,-35.7164,14.366,7735858
10.6255,-4.69982,6.35421,0.310282,0.839985,3.16195,32.2277,-35.7164,14.366,7796183
9.35893,-5.66707,3.0981,-0.298051,0.447352,3.98851,46.35,-24.7828,16.8187,7857144
6.48589,-4.79558,4.37181,0.062206,0.417642,2.29168,46.35,-24.7828,16.8187,7915007
4.60405,-6.25605,4.0055,-0.0299899,0.148382,1.56024,46.35,-24.7828,16.8187,7972350
4.09648,-7.94396,4.22816,0.315212,-0.00296896,1.27539,56.1269,-12.027,18.9211,8033909
4.47237,-7.92241,4.24971,0.349586,-0.121278,1.32229,58.1185,-6.01348,21.549,8104838
4.19703,-7.15866,4.06535,0.293895,-0.311532,1.10073,58.1185,-6.01348,21.549,8162146
4.54659,-7.2233,4.85783,0.035693,-0.188027,0.688775,58.1185,-6.01348,21.549,8221451
2.55701,-7.68299,3.18908,-0.000812292,-0.164578,0.338644,56.489,0.0,21.0234,8279838
3.64876,-9.38048,2.45884,-0.119788,-0.015093,0.468544,56.489,0.0,21.0234,8340260
2.74375,-8.1762,3.98874,-0.0395826,-0.23599,0.00263478,57.7564,1.64004,19.0963,8402683
3.15556,-8.07803,3.055,-0.0253268,-0.378548,0.183696,59.3859,1.09336,17.5195,8472196
3.70144,-8.59279,4.06775,-0.029457,-1.17007,0.750994,59.3859,1.09336,17.5195,8529635
3.03585,-9.7827,3.10528,0.118696,-1.05829,0.88196,59.3859,1.09336,17.5195,8593370
3.47877,-8.82263,3.89536,0.209959,-0.935854,0.425777,61.9207,2.91562,17.5195,8651284
3.28963,-8.55209,5.37977,-0.0534386,-0.0725156,0.309599,61.9207,2.91562,17.5195,8712058
2.59771,-8.339,3.06697,-0.0317219,-0.176036,-0.0373346,60.8344,1.45781,16.118,8773973
3.45004,-8.39646,3.64876,-0.158825,-0.0968969,0.0728476,60.2912,3.82676,15.9428,8877126
3.14598,-8.82263,2.96402,0.0142428,-0.0322798,0.12241,60.2912,3.82676,15.9428,8939693
2.78446,-8.65264,4.27125,-0.0375841,0.0913587,0.047134,61.9207,3.64453,15.0668,8998254
2.29364,-8.7125,3.19865,-0.134443,0.0432623,0.0443361,61.9207,3.64453,15.0668,9055961
2.77009,-8.71489,3.86903,-0.0959394,0.0672439,-0.0417312,61.9207,3.64453,14.7164,9115580
2.79882,-8.51378,3.5099,-0.113126,0.0656451,-0.15138,61.9207,3.64453,14.7164,9173229
2.84192,-9.47625,3.77805,-0.149232,0.0283404,0.100826,61.5586,3.28008,15.0668,9247441
3.53145,-9.73961,3.95043,-0.0519731,-0.170707,-0.121004,61.5586,3.28008,15.0668,9306180
3.05021,-9.11712,3.26569,0.127623,0.140787,0.00583233,63.5502,2.7334,12.4389,9364857
3.34949,-9.39245,2.90177,0.0170407,0.11121,-0.0782366,63.5502,2.7334,12.4389,9426167
3.1388,-8.5042,2.53306,-0.0896775,0.0238105,-0.176295,63.1881,2.36894,12.7893,9483984
2.63362,-8.14986,2.48997,-0.258082,0.147582,-0.340569,63.1881,2.36894,12.7893,9542459
3.40695,-9.34696,2.48518,-0.089411,0.0841642,-0.107547,62.2828,3.28008,12.2637,9619215
4.22337,-11.5257,0.866701,0.570216,-0.521771,0.732875,62.2828,3.28008,12.2637,9676923
2.05901,-7.64947,1.4054,-0.0166668,-0.669924,0.944579,61.9207,2.18672,11.9133,9737055
3.0119,-9.91199,1.92254,0.30522,1.17586,0.240186,61.9207,2.18672,11.9133,9797920
2.92093,-10.3813,8.44674,0.113234,0.228054,0.189025,61.7396,5.28457,13.49,9855434
2.80361,-9.3326,3.06458,0.12629,0.141054,0.320258,61.7396,5.28457,13.49,9915461
1.45567,-9.04768,2.67911,0.108171,-0.152588,0.034477,62.826,5.28457,15.5924,9989010
2.59531,-9.85693,2.9305,0.302688,-0.0477346,0.220201,62.826,5.28457,15.5924,10046495
3.44047,-7.74045,6.2776,0.221551,0.21593,-0.0238782,61.5586,6.56015,16.118,10104959
1.27372,-8.43477,1.10851,0.13948,-0.185629,-0.314722,61.5586,6.56015,16.118,10163553
3.94325,-7.97269,4.3359,0.0266333,0.675178,-0.371478,60.8344,7.28906,15.0668,10221434
2.79882,-8.49941,4.73094,-0.240762,0.467337,-0.27382,60.8344,7.28906,15.0668,10282769
2.74375,-10.5991,3.7158,0.320008,0.25017,-0.187353,62.6449,3.64453,15.7676,10389465
2.45166,-9.52413,1.5275,0.17452,0.014884,-0.0264096,60.6533,3.82676,15.5924,10453492
2.87543,-8.74602,3.5075,0.0752627,0.0254093,-0.123402,60.6533,3.82676,15.5924,10511786
2.47321,-8.89685,2.83234,-0.0423804,0.172097,-0.00629172,60.8344,3.28008,17.1691,10572393
2.52588,-9.62947,3.41174,0.183846,0.0565854,-0.0527894,60.8344,3.28008,17.1691,10634948
2.67911,-8.9184,2.82276,0.10031,0.0763036,0.25604,62.4639,4.55566,16.9939,10692458
2.79164,-8.62391,3.16513,-0.0124035,0.142253,-0.0178828,62.4639,4.55566,16.9939,10762920
2.49715,-9.0812,3.47877,0.0463516,-0.0170915,0.0428706,60.8344,3.28008,16.8187,10823941
2.57855,-10.4962,2.87065,0.10031,-0.101294,0.071915,60.8344,3.28008,16.8187,10881605
2.19548,-10.5752,1.95127,0.982967,-0.900148,0.344373,61.0154,4.92012,16.6435,10944615
4.06535,-8.59039,5.05895,0.768331,-0.607971,0.926593,61.0154,4.92012,16.6435,11003157
2.4756,-8.54251,4.75967,0.8957,0.170898,0.903677,57.9375,8.01797,22.425,11060999
1.21386,-11.4586,2.94247,0.509197,-0.870704,0.806152,57.9375,8.01797,22.425,11136396
1.69031,-10.2735,3.4261,0.473757,-0.452757,0.8308,55.4027,10.2047,25.2281,11193791
1.24977,-7.40766,6.59124,0.454172,0.446686,0.104956,55.4027,10.2047,25.2281,11254109
1.95606,-9.89045,5.10204,0.350252,-0.109554,0.696103,55.7648,11.6625,28.0312,11313320
-0.586579,-4.33111,3.96719,0.358912,-0.0529307,-0.755717,55.7648,11.6625,28.0312,11371948
1.70467,-8.72447,6.58645,0.280572,0.262294,0.0048997,52.868,11.298,30.484,11429774
-0.0814028,-7.93199,2.79164,0.581808,-3.36479,-0.36868,52.868,11.298,30.484,11504861
4.55616,-7.42202,6.93839,-0.148965,0.448551,0.122943,51.0574,4.37344,30.484,11565152
1.90339,-8.78432,5.71496,0.593798,0.298533,-0.141255,51.0574,4.37344,30.484,11622588
2.12126,-7.75482,6.03578,0.420731,0.203939,-0.118339,51.9627,7.47129,31.0096,11684097
1.901,-6.8929,5.88973,-0.00933912,-0.502186,-0.0326715,51.9627,7.47129,31.0096,11742255
2.09971,-8.16183,6.86657,-2.01647,-0.81941,0.385275,52.3248,4.55566,29.608,11801341
-0.253785,-5.50666,5.42765,3.74045,0.6468,-1.24041,52.3248,4.55566,29.608,11906951
2.32716,-7.0198,6.08606,-0.024261,0.0910923,0.444429,46.1689,3.4623,37.3166,11964696
2.38941,-7.1419,8.22647,-0.144036,0.150913,0.506648,46.1689,3.4623,37.3166,12023200
2.46363,-7.79791,7.17063,-0.473516,0.500112,0.468811,47.0742,5.83125,35.039,12080874
1.66158,-6.87136,6.46195,-0.0543713,0.105881,-0.0898277,47.0742,5.83125,35.039,12143283
1.89381,-7.33344,5.52582,-0.0700926,0.0469927,-0.186021,47.9795,7.83574,33.8127,12204288
1.29047,-7.62074,6.55772,0.0647374,0.0260754,-0.00442646,47.9795,7.83574,33.8127,12274898
1.22823,-7.6782,6.02142,0.281638,-0.560941,0.163844,48.8847,6.56015,34.3383,12336300
2.20027,-6.50026,6.45237,0.151071,-0.620362,-0.0409318,48.8847,6.56015,34.3383,12393840
2.18351,-6.69658,7.33104,0.109503,0.0311382,-0.015085,46.8932,3.82676,34.5135,12454049
2.88262,-6.49307,5.34625,0.18278,-0.291148,-0.241578,46.8932,3.82676,34.5135,12515405
2.35829,-7.73566,8.21211,0.282437,-0.0814421,-0.0497251,46.35,2.55117,34.6887,12576426
2.45166,-6.62954,7.41245,-0.0734233,-0.0739812,0.519971,46.35,2.55117,34.6887,12645847
3.08373,-7.64708,5.33667,0.0225031,0.140521,0.763118,47.0742,2.91562,34.6887,12704559
1.64242,-6.71573,6.34942,-0.118056,-0.134468,0.0451355,47.0742,2.91562,34.6887,12763059
1.65439,-6.54335,6.44758,-0.0832824,-0.124876,-0.0447955,47.0742,4.00898,34.6887,12820691
2.37505,-8.12113,6.91685,-0.0624984,0.104682,0.272161,47.0742,4.00898,34.6887,12886473
4.45321,-6.29435,14.1258,0.033961,0.775767,0.222866,48.5226,4.73789,34.6887,12944517
1.00078,-7.44836,6.67982,-0.0730236,0.0154169,0.154119,48.5226,4.73789,34.6887,13013997
0.399832,-7.32386,4.74531,0.395817,-2.91913,0.869703,47.6174,6.01348,33.8127,13072304
2.77248,-6.22253,5.35343,-0.292988,-2.02555,-0.312457,47.6174,6.01348,33.8127,13134084
5.25527,-7.4723,5.2002,-0.26834,-0.194422,-0.0702427,48.5226,-1.82227,32.5863,13191890
4.02944,-8.28394,5.05655,0.0586088,0.280547,-0.179226,48.5226,-1.82227,32.5863,13257216
4.32871,-7.26401,4.01029,0.00131938,0.335705,0.040206,48.8847,-0.728906,30.8344,13316270
6.58884,-1.16598,4.92248,-2.27947,1.64217,-3.86347,48.3416,-2.7334,32.4111,13425911
8.12352,-4.24492,1.85551,-3.90102,1.70399,-4.32458,48.3416,-2.7334,32.4111,13483938
8.56406,-9.78749,-0.213084,-2.62533,0.0452607,-4.32458,49.0658,-22.0494,18.7459,13544517
7.87932,-7.24964,2.95444,-0.865083,-1.05896,-3.98191,49.0658,-22.0494,18.7459,13603950
9.5385,-6.03578,2.63841,-0.387982,-1.56937,-2.33984,31.6846,-37.3564,8.23418,13662487
6.11479,-8.24802,2.97839,0.140546,-0.896018,-1.55324,31.6846,-37.3564,8.23418,13732755
10.6973,-1.56102,0.217872,0.119229,-0.188427,-0.878556,22.9939,-41.3654,1.92715,13795780
9.35414,-2.4349,-0.158017,-0.858555,-0.206147,-0.0206807,22.9939,-41.3654,1.92715,13856412
10.2065,-0.452504,-1.60172,-0.640056,-0.280356,0.000902757,21.1834,-41.001,-0.875976,13917824
10.0461,-0.368707,0.0933738,-0.545861,0.30213,0.0212871,21.1834,-41.001,-0.875976,13980486
10.0604,-0.356736,0.548272,0.0615399,0.313322,-0.0366684,23.356,-42.4588,0.875976,14038722
9.9072,-0.232238,0.694318,0.0384909,-0.135934,0.0907006,23.356,-42.4588,0.875976,14112384
9.90242,-0.881066,1.24259,-0.354141,0.238313,0.0164908,21.5455,-42.0943,0.525586,14170344
9.92157,-0.0670376,0.538695,-0.263811,0.0737722,-0.0109548,21.5455,-42.0943,0.525586,14233765
10.4196,1.31442,3.46441,0.0387573,-0.170041,0.0443361,22.2697,-40.6365,-0.875976,14293402
10.0604,-0.35913,0.282516,0.0507481,0.236714,-0.00149539,22.2697,-40.6365,-0.875976,14351510
9.98861,-0.354342,0.612916,-0.043846,0.0224782,0.0274158,22.4508,-40.8187,0.0,14410388
10.4196,0.095768,1.03908,0.0423546,-0.0527974,0.0330115,22.4508,-40.8187,0.0,14481548
10.0485,-0.3304,0.414197,0.0514143,0.213132,0.00263478,21.9076,-42.0943,-1.92715,14543354
9.97663,-0.280121,0.610521,0.0420881,-0.0562614,0.0507312,21.9076,-42.0943,-1.92715,14606165
10.1011,-0.282516,0.356736,0.0430208,0.0272745,0.0222198,22.4508,-40.8187,-1.75195,14664826
10.0652,-0.318429,0.354342,0.0446195,0.155443,-0.0345367,22.4508,-40.8187,-1.75195,14722929
9.991,-0.304064,0.509965,0.0646042,-0.103292,0.0300804,21.9076,-41.001,-0.525586,14835158
9.97663,-0.196324,0.61531,0.0355598,0.000894744,0.0342106,22.9939,-41.3654,-1.22637,14894153
10.0796,-0.445321,0.299275,0.0479503,0.0452607,0.0264832,22.9939,-41.3654,-1.22637,14953078
9.94791,-0.337582,0.416591,0.0472842,0.0139514,0.0287481,22.0887,-42.641,-0.700781,15011733
10.0772,-0.387861,0.335188,0.0464848,0.0776359,0.0198216,22.0887,-42.641,-0.700781,15069324
9.98621,-0.37589,0.584185,0.0435537,-0.0366765,0.03501,21.9076,-41.3654,0.525586,15128663
10.0437,-0.325611,0.483629,0.0266333,-0.00296896,0.0415383,21.9076,-41.3654,0.525586,15204894
10.0245,-0.31364,0.574608,0.0487497,-0.0148265,0.0372749,23.356,-42.0943,-0.175195,15262787
10.0221,-0.282516,0.531512,0.0399564,-0.00190311,0.029281,23.356,-42.0943,-0.175195,15325188
10.0317,-0.270545,0.486023,0.04835,0.0210126,0.0255505,22.0887,-41.1832,-0.350391,15383362
10.0006,-0.354342,0.4956,0.0487497,0.0416635,0.0222198,22.0887,-41.1832,-0.350391,15441086
10.0149,-0.328006,0.383072,0.0440866,0.0552531,0.022353,21.7266,-40.8187,1.75195,15506746
10.0078,-0.349553,0.536301,0.0414219,0.0146176,0.0287481,21.7266,-40.8187,1.75195,15576848
9.97424,-0.349553,0.517147,0.0450192,0.0152837,0.0295475,22.8129,-40.8187,0.700781,15634370
10.0293,-0.35913,0.423774,0.0450192,0.0296727,0.0291478,22.8129,-40.8187,0.700781,15693733
10.003,-0.366313,0.43335,0.0442199,0.0459269,0.0199548,24.0803,-41.001,0.875976,15752492
10.0724,-0.363919,0.397437,0.0435537,0.0444613,0.0226195,24.0803,-41.001,0.875976,15813273
10.0173,-0.289698,0.533907,0.0455522,0.0316712,0.0208874,23.356,-41.001,0.525586,15887505
10.0102,-0.349553,0.454898,0.0450192,0.0348687,0.0222198,23.356,-41.001,0.525586,15944850
10.0245,-0.354342,0.447716,0.0482168,0.0346022,0.0231524,22.8129,-41.5476,1.40156,16002847
9.98382,-0.349553,0.454898,0.046618,0.0300724,0.0251508,22.8129,-41.5476,1.40156,16066394
10.0437,-0.332794,0.45011,0.0411555,0.0322041,0.0254173,23.5371,-41.1832,1.05117,16127425
10.0437,-0.318429,0.469263,0.0423546,0.0377998,0.0246179,23.5371,-41.1832,1.05117,16185141
10.0269,-0.332794,0.423774,0.0464848,0.0374001,0.0243515,22.6318,-42.0943,0.875976,16291813
9.98861,-0.342371,0.462081,0.0411555,0.0322041,0.0279487,22.6318,-42.0943,0.875976,16349247
10.0125,-0.354342,0.507571,0.0460851,0.0280739,0.0282152,22.9939,-41.3654,1.92715,16411644
9.98861,-0.351948,0.4956,0.0436869,0.0330035,0.0248844,22.9939,-41.3654,1.92715,16470142
10.0365,-0.371101,0.543483,0.0443531,0.0372669,0.0216868,23.7182,-40.2721,0.875976,16527649
10.0269,-0.342371,0.490811,0.044886,0.0403312,0.0239518,23.7182,-40.2721,0.875976,16601726
10.0197,-0.3304,0.497994,0.0452857,0.0340693,0.0260835,22.9939,-42.8232,-0.175195,16660967
10.0652,-0.37589,0.488417,0.0430208,0.0433955,0.0203545,22.9939,-42.8232,-0.175195,16721216
10.0509,-0.351948,0.466869,0.0452857,0.0387324,0.0219533,23.8992,-41.5476,0.350391,16779916
10.0173,-0.296881,0.43335,0.0455522,0.0326038,0.0242182,23.8992,-41.5476,0.350391,16838427
10.0173,-0.306458,0.52433,0.0462183,0.0286068,0.0252841,24.2613,-40.4543,0.700781,16896527
10.0437,-0.35913,0.493205,0.044886,0.0374001,0.0219533,24.2613,-40.4543,0.700781,16969426
10.0173,-0.328006,0.493205,0.0414219,0.0330035,0.0252841,23.8992,-41.9121,-0.700781,17027513
10.0652,-0.31364,0.464475,0.0440866,0.0255425,0.0259502,23.8992,-41.9121,-0.700781,17090362
10.0461,-0.361524,0.531512,0.0440866,0.031005,0.0259502,22.9939,-41.7299,1.22637,17149047
10.0437,-0.342371,0.483629,0.0476839,0.0334031,0.0238185,22.9939,-41.7299,1.22637,17207552
10.0437,-0.373495,0.488417,0.0452857,0.0416635,0.0214204,24.0803,-42.0943,0.175195,17269453
10.0461,-0.31364,0.447716,0.0484832,0.0282071,0.0263499,24.0803,-42.0943,0.175195,17339043
10.0149,-0.347159,0.488417,0.0456854,0.0397982,0.020621,22.4508,-41.1832,-0.700781,17402832
10.003,-0.349553,0.454898,0.0511478,0.0363342,0.0216868,22.4508,-41.1832,-0.700781,17463874
10.0269,-0.339977,0.481234,0.0446195,0.0272745,0.022353,22.4508,-41.1832,-0.700781,17521658
10.0102,-0.323217,0.481234,0.0470177,0.0272745,0.0224862,22.4508,-41.1832,-0.700781,17581586
10.0509,-0.296881,0.476446,0.0452857,0.0377998,0.0254173,22.6318,-42.8232,-0.875976,17687327
10.0389,-0.31364,0.4956,0.042621,0.0404644,0.0199548,23.175,-41.9121,0.350391,17748385
10.0125,-0.325611,0.457292,0.0458186,0.0298059,0.0224862,23.175,-41.9121,0.350391,17806884
9.991,-0.323217,0.507571,0.0464848,0.029273,0.0255505,23.7182,-40.6365,1.57676,17864684
10.0221,-0.289698,0.440533,0.0440866,0.0304721,0.0243515,23.7182,-40.6365,1.57676,17926966
10.07,-0.351948,0.426168,0.0458186,0.0374001,0.0264832,24.4424,-41.7299,1.22637,17984876
10.0413,-0.332794,0.373495,0.0482168,0.0412638,0.024085,24.4424,-41.7299,1.22637,18058368
9.97424,-0.318429,0.497994,0.0456854,0.0288733,0.0271493,24.2613,-42.641,0.700781,18119962
10.0078,-0.311246,0.37589,0.0452857,0.0375333,0.0232856,24.2613,-42.641,0.700781,18177409
9.991,-0.328006,0.466869,0.043154,0.0447278,0.0192887,23.7182,-42.0943,0.525586,18237593
10.0461,-0.294487,0.395043,0.0444863,0.0314047,0.0224862,23.7182,-42.0943,0.525586,18298988
10.0221,-0.318429,0.462081,0.0398232,0.027541,0.0244847,24.0803,-42.4588,-0.175195,18359985
10.0341,-0.383072,0.418985,0.0435537,0.0437952,0.0239518,24.0803,-42.4588,-0.175195,18429715
10.0413,-0.361524,0.43335,0.0442199,0.0291398,0.0256838,24.4424,-39.9076,0.175195,18489201
9.98861,-0.361524,0.428562,0.0458186,0.027541,0.0271493,24.4424,-39.9076,0.175195,18547874
10.0389,-0.356736,0.474052,0.0444863,0.0318044,0.0227527,23.175,-42.2765,0.350391,18605475
10.0173,-0.320823,0.411803,0.0430208,0.0368672,0.0238185,23.175,-42.2765,0.350391,18664805
10.0221,-0.342371,0.45011,0.0484832,0.0370004,0.0244847,23.8992,-41.9121,1.40156,18741204
9.99579,-0.3304,0.464475,0.0434204,0.0272745,0.0303469,23.8992,-41.9121,1.40156,18798553
10.0149,-0.35913,0.490811,0.051814,0.0359345,0.0246179,23.175,-40.4543,0.350391,18862754
10.0221,-0.304064,0.52433,0.0452857,0.0403312,0.0232856,23.175,-40.4543,0.350391,18920798
10.0461,-0.339977,0.519542,0.0475506,0.0294062,0.0236853,23.8992,-41.1832,-1.05117,18978419
10.0317,-0.339977,0.452504,0.0472842,0.0256757,0.0219533,23.8992,-41.1832,-1.05117,19043749
10.0437,-0.3304,0.500388,0.0439534,0.0330035,0.0254173,21.9076,-42.0943,-0.175195,19146872
9.97185,-0.335188,0.47884,0.0443531,0.0340693,0.025817,22.2697,-42.0943,0.525586,19205286
9.95748,-0.339977,0.440533,0.0443531,0.0358013,0.0238185,22.2697,-42.0943,0.525586,19269995
10.0173,-0.31364,0.476446,0.0454189,0.0358013,0.0264832,22.6318,-42.4588,0.525586,19327563
10.0197,-0.299275,0.486023,0.0467512,0.0343358,0.0239518,22.6318,-42.4588,0.525586,19389374
9.98861,-0.356736,0.486023,0.0482168,0.0278074,0.0226195,24.0803,-40.2721,0.525586,19459250
10.0461,-0.347159,0.40462,0.0510146,0.0411306,0.0226195,24.0803,-40.2721,0.525586,19520373
10.0604,-0.342371,0.416591,0.0436869,0.0311382,0.0256838,23.5371,-41.9121,0.700781,19583027
10.0317,-0.344765,0.497994,0.0435537,0.0250096,0.0235521,23.5371,-41.9121,0.700781,19640697
10.0676,-0.342371,0.447716,0.0435537,0.0283404,0.0220865,24.4424,-41.7299,1.92715,19699704
10.0532,-0.344765,0.474052,0.0467512,0.044861,0.0238185,24.4424,-41.7299,1.92715,19757569
10.0556,-0.325611,0.452504,0.0474174,0.0381995,0.0208874,22.9939,-41.3654,-0.175195,19827569
10.0102,-0.335188,0.454898,0.0454189,0.034469,0.0280819,22.9939,-41.3654,-0.175195,19886045
10.0102,-0.339977,0.430956,0.0475506,0.0354016,0.0248844,22.0887,-42.2765,1.05117,19946666
10.0485,-0.316035,0.550666,0.0440866,0.0326038,0.0232856,22.0887,-42.2765,1.05117,20008557
10.0676,-0.337582,0.447716,0.0444863,0.0342025,0.0270161,23.175,-41.1832,2.45273,20066831
10.0245,-0.311246,0.493205,0.0467512,0.0324705,0.0243515,23.175,-41.1832,2.45273,20124223
10.0006,-0.332794,0.457292,0.0459518,0.0387324,0.0252841,23.7182,-41.7299,0.175195,20195975
9.991,-0.3304,0.447716,0.0436869,0.0288733,0.0203545,23.7182,-41.7299,0.175195,20253526
10.0317,-0.272939,0.517147,0.04835,0.0290065,0.0251508,23.8992,-42.2765,2.45273,20316560
9.96466,-0.356736,0.445321,0.0439534,0.034469,0.0238185,23.8992,-42.2765,2.45273,20374858
10.0317,-0.332794,0.493205,0.0451525,0.05059,0.0174234,23.7182,-41.001,-0.875976,20432902
10.0317,-0.31364,0.438139,0.0464848,0.0347355,0.0252841,23.7182,-41.001,-0.875976,20541935
10.0102,-0.337582,0.579397,0.0442199,0.0216788,0.0262167,23.8992,-42.2765,0.700781,20600787
10.0389,-0.363919,0.466869,0.0480835,0.0320708,0.0268829,23.8992,-42.2765,0.700781,20659103
10.0724,-0.306458,0.445321,0.0476839,0.0435287,0.0259502,22.2697,-42.4588,0.525586,20717543
9.99818,-0.320823,0.395043,0.0488829,0.0420632,0.0196884,22.2697,-42.4588,0.525586,20775046
10.0245,-0.325611,0.445321,0.0451525,0.0307385,0.0234188,22.6318,-41.7299,1.22637,20833464
10.0413,-0.347159,0.445321,0.0420881,0.0300724,0.0238185,22.6318,-41.7299,1.22637,20907444
10.0245,-0.328006,0.421379,0.046618,0.0420632,0.022353,22.4508,-43.0055,0.350391,20965034
10.0245,-0.342371,0.486023,0.0455522,0.0311382,0.0232856,22.4508,-43.0055,0.350391,21024373
9.99818,-0.351948,0.493205,0.0455522,0.0338029,0.0219533,24.2613,-41.5476,0.0,21082742
10.0317,-0.318429,0.471658,0.0422214,0.0308718,0.0279487,24.2613,-41.5476,0.0,21140131
10.0365,-0.361524,0.457292,0.0463516,0.0360678,0.0208874,22.6318,-41.7299,1.22637,21202623
10.1059,-0.31364,0.414197,0.0475506,0.0280739,0.0218201,22.6318,-41.7299,1.22637,21274592
10.0413,-0.296881,0.493205,0.0430208,0.034469,0.0248844,24.8045,-41.001,0.175195,21332692
10.0269,-0.337582,0.471658,0.0428875,0.0399315,0.0239518,24.8045,-41.001,0.175195,21397976
10.0365,-0.351948,0.445321,0.0459518,0.0352684,0.0230191,22.4508,-40.8187,0.350391,21456117
10.0125,-0.354342,0.440533,0.0428875,0.0298059,0.027549,22.4508,-40.8187,0.350391,21513776
10.0173,-0.311246,0.399832,0.0452857,0.0288733,0.0226195,23.356,-41.3654,1.22637,21590277
10.07,-0.337582,0.452504,0.044886,0.0407309,0.0215536,23.356,-41.3654,1.22637,21648907
10.0054,-0.325611,0.462081,0.0430208,0.0231444,0.0278155,23.5371,-41.1832,0.0,21707716
10.0197,-0.318429,0.445321,0.0436869,0.0259422,0.0235521,23.5371,-41.1832,0.0,21766221
10.0245,-0.363919,0.43335,0.0450192,0.0384659,0.0232856,24.0803,-43.1877,0.875976,21824915
10.0437,-0.3304,0.490811,0.0424878,0.0437952,0.0198216,24.0803,-43.1877,0.875976,21882720
10.0197,-0.337582,0.531512,0.0451525,0.0346022,0.0208874,24.2613,-42.641,0.0,21992661
10.0245,-0.335188,0.526724,0.046618,0.0322041,0.0224862,23.356,-41.7299,1.57676,22050046
10.0269,-0.368707,0.438139,0.0471509,0.0271413,0.0231524,23.356,-41.7299,1.57676,22109819
10.0269,-0.318429,0.457292,0.0419549,0.0367339,0.0246179,23.5371,-41.9121,0.350391,22167247
9.98861,-0.339977,0.486023,0.0474174,0.0395318,0.0203545,23.5371,-41.9121,0.350391,22229416
10.0269,-0.342371,0.445321,0.0470177,0.034469,0.0295475,24.2613,-41.9121,2.10234,22287232
10.0556,-0.339977,0.490811,0.0478171,0.0323373,0.0251508,24.2613,-41.9121,2.10234,22358778
10.058,-0.335188,0.438139,0.0471509,0.044861,0.0224862,22.2697,-41.7299,1.92715,22417818
10.0221,-0.339977,0.533907,0.0455522,0.0346022,0.0214204,22.2697,-41.7299,1.92715,22476081
10.0078,-0.332794,0.464475,0.046618,0.0287401,0.0236853,23.8992,-41.5476,0.0,22535670
10.0317,-0.368707,0.486023,0.0475506,0.0339361,0.0239518,23.8992,-41.5476,0.0,22597148
10.0652,-0.378284,0.409408,0.0435537,0.0376666,0.0250176,23.356,-42.0943,0.875976,22654729
10.0269,-0.378284,0.428562,0.0439534,0.0356681,0.0234188,23.356,-42.0943,0.875976,22724887
10.0293,-0.325611,0.454898,0.044886,0.0248764,0.0250176,23.175,-43.0055,0.700781,22783544
10.0173,-0.339977,0.447716,0.0430208,0.0348687,0.0251508,23.175,-43.0055,0.700781,22841229
10.0652,-0.328006,0.435745,0.0418217,0.0347355,0.0250176,23.175,-41.1832,0.700781,22902578
10.0365,-0.328006,0.47884,0.0412887,0.0348687,0.0224862,23.175,-41.1832,0.700781,22961316
10.0197,-0.328006,0.447716,0.0472842,0.0332699,0.0238185,23.356,-41.3654,0.525586,23031148
10.0221,-0.337582,0.481234,0.0471509,0.0352684,0.0274158,23.356,-41.3654,0.525586,23095511
10.0197,-0.335188,0.423774,0.0402229,0.0384659,0.0222198,22.8129,-40.4543,1.75195,23153518
10.0006,-0.289698,0.390255,0.0455522,0.0314047,0.0270161,22.8129,-40.4543,1.75195,23211571
10.0245,-0.325611,0.37589,0.0432872,0.0262087,0.0238185,23.356,-41.7299,0.525586,23276428
10.0197,-0.311246,0.45011,0.044886,0.0397982,0.0226195,23.356,-41.7299,0.525586,23334553
10.0413,-0.316035,0.452504,0.0512811,0.0384659,0.0227527,22.4508,-41.9121,-0.350391,23444418
10.0556,-0.351948,0.445321,0.0475506,0.0263419,0.0264832,22.0887,-42.641,2.10234,23505110
10.058,-0.3304,0.438139,0.0458186,0.0322041,0.0220865,22.0887,-42.641,2.10234,23562992
10.0293,-0.342371,0.452504,0.0486165,0.0391321,0.0231524,22.0887,-42.641,2.10234,23621348
10.0317,-0.349553,0.416591,0.0454189,0.0401979,0.0247511,23.356,-41.3654,0.175195,23680197
10.0461,-0.373495,0.488417,0.0456854,0.0377998,0.022353,23.356,-41.3654,0.175195,23737632
10.0269,-0.3304,0.488417,0.0462183,0.0288733,0.0260835,22.9939,-42.0943,0.525586,23809081
10.0102,-0.316035,0.390255,0.0439534,0.0372669,0.0263499,24.0803,-41.7299,0.525586,23871144
10.0413,-0.325611,0.445321,0.0446195,0.039665,0.0230191,24.0803,-41.7299,0.525586,23928814
10.0293,-0.363919,0.483629,0.0511478,0.0348687,0.0255505,24.0803,-41.7299,0.525586,23988182
9.99579,-0.356736,0.505176,0.0499488,0.022345,0.0235521,21.9076,-40.6365,0.525586,24050222
10.0125,-0.342371,0.474052,0.0450192,0.0308718,0.0228859,23.5371,-43.0055,0.350391,24120259
10.0461,-0.335188,0.416591,0.0482168,0.0409973,0.0212871,23.5371,-43.0055,0.350391,24185667
9.98142,-0.354342,0.414197,0.0428875,0.0306053,0.022353,22.0887,-41.1832,0.350391,24243838
10.0149,-0.337582,0.423774,0.0434204,0.0291398,0.0242182,22.0887,-41.1832,0.350391,24301495
10.0317,-0.332794,0.416591,0.0464848,0.0395318,0.0252841,22.0887,-41.1832,0.350391,24363762
10.0509,-0.3304,0.457292,0.0390238,0.032737,0.0259502,22.0887,-41.1832,0.350391,24421305
10.0149,-0.383072,0.423774,0.043154,0.0271413,0.0239518,24.0803,-41.001,0.175195,24494143
10.0389,-0.344765,0.476446,0.0476839,0.039665,0.0228859,24.0803,-41.001,0.175195,24553735
10.0437,-0.466869,0.26815,-0.0437128,0.0515226,0.0179564,23.175,-40.4543,-0.350391,24612342
10.0652,-0.361524,0.409408,0.137881,0.00715661,0.0331447,23.175,-40.4543,-0.350391,24669788
10.5129,-1.72382,-3.98156,-0.0955397,-0.0110961,0.00863019,23.175,-40.4543,-0.350391,24728224
10.0389,-0.0263362,-0.174777,0.53904,-0.505917,0.163312,23.356,-40.2721,-0.525586,24838244
11.0947,0.715866,-0.713472,0.275909,-1.02912,-0.428901,25.7098,-40.4543,-4.90547,24898111
10.4914,-0.68953,-2.56658,0.588069,-3.63325,-0.896676,25.7098,-40.4543,-4.90547,24957126
10.3429,-0.107739,-4.20901,-0.166818,-4.36096,-0.696296,23.356,-39.1787,-21.549,25017913
9.33738,0.684741,-4.61602,0.593399,-4.36096,-1.09839,23.356,-39.1787,-21.549,25076101
5.05655,1.13006,-8.20253,0.12176,-2.38194,-1.16913,20.2781,-24.0539,-45.5508,25137679
4.28323,0.0167594,-8.25999,0.236606,-1.65783,-0.809409,20.2781,-24.0539,-45.5508,25212405
3.78284,0.775721,-9.68933,0.156933,-1.16501,-0.535353,17.9244,-15.8537,-51.6826,25269583
2.96642,0.828393,-9.06445,-0.161356,-1.01233,-0.48739,17.9244,-15.8537,-51.6826,25327001
2.46603,0.177171,-9.17218,0.133485,-0.324456,-0.16124,15.5707,-7.65351,-54.6609,25385400
2.01352,0.457292,-9.4547,0.0901846,-0.417851,-0.150848,15.5707,-7.65351,-54.6609,25450282
1.59933,0.505176,-9.15542,0.192373,-0.193356,-0.0951569,16.476,-4.92012,-55.1865,25508182
1.40779,0.0646434,-9.84974,-0.0209302,-0.3535,-0.0762381,16.476,-4.92012,-55.1865,25581083
1.36709,0.395043,-9.88087,-0.0683605,-0.281422,0.000636309,17.0191,-2.55117,-56.0625,25638764
0.916979,0.806846,-9.90481,-0.117523,-0.376016,-0.127932,17.0191,-2.55117,-56.0625,25695988
0.986411,0.43335,-10.094,0.247664,-0.333382,0.0940314,14.4844,-0.728906,-56.7633,25755266
0.751779,0.426168,-9.98382,0.180915,-0.0575938,0.054062,14.4844,-0.728906,-56.7633,25820564
0.778115,0.397437,-10.1011,-0.0033437,-0.235591,0.0672519,17.2002,-0.182227,-59.7416,25890324
0.675165,0.397437,-10.1299,0.0924495,0.0545869,0.0390069,17.2002,-0.182227,-59.7416,25952874
0.656011,0.3304,-9.93354,0.142012,0.0535211,0.045402,17.3812,1.09336,-58.5152,26010406
0.794875,0.715866,-9.91199,0.113367,0.014884,0.0318124,17.3812,1.09336,-58.5152,26067675
0.512359,-0.00957681,-9.36372,0.136949,0.0697753,0.0279487,17.3812,1.45781,-57.8144,26129463
0.577003,0.203507,-10.0485,0.125491,0.0234108,0.0280819,17.3812,1.45781,-57.8144,26190926
0.574608,0.0861912,-9.85693,0.0920498,0.0291398,0.036209,18.2865,2.00449,-58.6904,26296712
0.610521,0.0861912,-9.93354,0.0230361,0.0146176,0.0259502,17.2002,2.36894,-57.9896,26355166
0.555454,0.143652,-9.89523,0.0276992,0.0247431,0.0224862,17.2002,2.36894,-57.9896,26415683
0.52433,0.198719,-9.98142,0.043154,0.0248764,0.025817,19.0107,1.27559,-57.9896,26479121
0.560243,0.196324,-10.003,0.0394235,0.0318044,0.0196884,19.0107,1.27559,-57.9896,26537289
0.557849,0.110133,-9.84016,0.036226,0.0308718,0.0211539,17.0191,1.45781,-57.8144,26594916
0.533907,0.160411,-9.91917,0.0476839,0.0314047,0.0231524,17.0191,1.45781,-57.8144,26667386
0.567425,0.174777,-9.93114,0.0438201,0.0303388,0.0172902,20.2781,-0.364453,-58.8656,26724643
0.555454,0.162806,-9.91439,0.0403561,0.0336696,0.0231524,20.2781,-0.364453,-58.8656,26788635
0.526724,0.110133,-9.86411,0.0460851,0.0330035,0.0272825,18.1055,0.728906,-57.4641,26847380
0.55306,0.14844,-9.95748,0.0442199,0.0377998,0.0228859,18.1055,0.728906,-57.4641,26905246
0.541089,0.136469,-9.94791,0.0439534,0.0363342,0.0214204,17.2002,2.00449,-58.6904,26980456
0.533907,0.160411,-9.9503,0.0474174,0.0307385,0.0264832,17.2002,2.00449,-58.6904,27038927
0.531512,0.160411,-9.96466,0.0434204,0.0334031,0.0234188,17.2002,1.64004,-58.6904,27099268
0.567425,0.181959,-9.96706,0.0474174,0.0311382,0.0287481,17.2002,1.64004,-58.6904,27163981
0.536301,0.198719,-9.93593,0.0460851,0.0318044,0.0220865,19.1918,1.82227,-58.1648,27222127
0.55306,0.174777,-9.88326,0.0412887,0.0330035,0.0198216,19.1918,1.82227,-58.1648,27279627
0.512359,0.172382,-10.0293,0.0468845,0.0322041,0.0247511,19.916,1.45781,-58.5152,27351168
0.531512,0.141258,-9.96227,0.0435537,0.0375333,0.0232856,19.916,1.45781,-58.5152,27411957
0.517147,0.14844,-9.91439,0.0455522,0.0335364,0.0243515,18.8297,0.364453,-58.5152,27470513
0.52433,0.1652,-9.95509,0.0482168,0.0363342,0.0243515,18.8297,0.364453,-58.5152,27528629
0.526724,0.186748,-9.89762,0.0467512,0.0350019,0.0203545,18.2865,-0.182227,-58.34,27587600
0.588974,0.184353,-9.91917,0.0463516,0.0346022,0.0219533,18.2865,-0.182227,-58.34,27649022
0.572214,0.169988,-9.93593,0.0452857,0.0331367,0.0211539,18.2865,-1.64004,-59.0408,27754964
0.521936,0.196324,-9.9503,0.0432872,0.0364675,0.0231524,18.2865,-1.64004,-59.0408,27813619
0.536301,0.160411,-9.91678,0.042621,0.0335364,0.0314127,18.2865,-1.64004,-59.0408,27872116
0.55306,0.186748,-9.91199,0.0435537,0.0336696,0.0235521,18.2865,-1.64004,-59.0408,27930496
0.538695,0.203507,-9.91199,0.0452857,0.0323373,0.0212871,19.3728,0.911133,-58.6904,27993842
0.500388,0.124498,-9.92396,0.0420881,0.0354016,0.0262167,19.3728,0.911133,-58.6904,28066946
0.567425,0.167594,-9.92636,0.0459518,0.0366007,0.0222198,18.8297,-0.364453,-58.1648,28127617
0.545878,0.141258,-9.9096,0.0427543,0.034469,0.0250176,17.7434,0.728906,-57.8144,28189340
0.490811,0.184353,-9.94551,0.0372918,0.0346022,0.0268829,17.7434,0.728906,-57.8144,28248138
0.531512,0.146046,-9.89284,0.0463516,0.0339361,0.0191554,17.7434,0.728906,-57.8144,28305680
0.4956,0.181959,-9.98861,0.042621,0.0377998,0.0226195,17.7434,0.728906,-57.8144,28367348
0.565031,0.146046,-9.95748,0.0438201,0.0334031,0.0246179,17.3812,-0.364453,-58.5152,28438058
0.526724,0.158017,-9.99579,0.0412887,0.0366007,0.0212871,17.3812,-0.364453,-58.5152,28495455
0.543483,0.201113,-9.92875,0.0490162,0.0348687,0.0266164,18.2865,2.00449,-58.34,28554691
0.562637,0.150835,-9.87608,0.0450192,0.0356681,0.0199548,18.2865,2.00449,-58.34,28613199
0.562637,0.181959,-9.91199,0.0450192,0.0366007,0.0259502,18.2865,2.00449,-58.34,28673512
0.509965,0.177171,-9.95509,0.0442199,0.032737,0.0224862,18.8297,1.45781,-58.1648,28736195
0.555454,0.172382,-9.93354,0.0415552,0.0354016,0.0264832,18.8297,-0.364453,-58.8656,28805716
0.517147,0.186748,-9.9096,0.0432872,0.0323373,0.0271493,18.8297,-0.364453,-58.8656,28863389
0.514753,0.162806,-9.98382,0.0470177,0.0364675,0.0264832,18.8297,-0.364453,-58.8656,28922666
0.497994,0.177171,-9.92636,0.0470177,0.0360678,0.0208874,18.8297,-0.364453,-58.8656,28981659
0.507571,0.191536,-9.88805,0.0414219,0.0360678,0.0238185,18.8297,-0.364453,-58.8656,29042224
0.550666,0.162806,-9.95509,0.0514143,0.0375333,0.0208874,18.1055,0.0,-58.1648,29151369
0.565031,0.186748,-9.9503,0.0446195,0.0354016,0.0162244,17.7434,0.0,-58.8656,29208687
0.502782,0.172382,-9.89284,0.0432872,0.0367339,0.0250176,17.7434,0.0,-58.8656,29270759
0.545878,0.19393,-9.86411,0.0444863,0.031005,0.0243515,19.1918,0.0,-58.8656,29332077
0.538695,0.167594,-9.96706,0.0438201,0.0335364,0.0218201,19.1918,0.0,-58.8656,29389909
0.507571,0.196324,-9.88087,0.0370254,0.0331367,0.0198216,18.8297,0.364453,-59.5664,29452238
0.517147,0.1652,-9.90481,0.0438201,0.034469,0.0234188,18.8297,0.364453,-59.5664,29522283
0.550666,0.158017,-9.87608,0.0460851,0.0346022,0.024085,18.4676,0.0,-58.8656,29585637
0.550666,0.158017,-9.96945,0.0399564,0.0401979,0.0212871,18.4676,0.0,-58.8656,29645850
0.502782,0.160411,-9.87608,0.0462183,0.0335364,0.0204878,19.1918,0.364453,-58.8656,29703512
0.588974,0.174777,-9.991,0.04835,0.0377998,0.0219533,19.1918,0.364453,-58.8656,29763506
0.55306,0.160411,-9.93833,0.0471509,0.0358013,0.0248844,17.7434,-0.364453,-57.8144,29821939
0.560243,0.167594,-9.88087,0.046618,0.0320708,0.0266164,17.7434,-0.364453,-57.8144,29891314
0.526724,0.169988,-9.97903,0.0454189,0.0303388,0.0255505,19.1918,2.55117,-59.9168,29953896
0.519542,0.153229,-10.0197,0.0474174,0.0330035,0.0250176,19.1918,2.55117,-59.9168,30012408
0.509965,0.150835,-9.92875,0.0474174,0.0314047,0.0200881,18.8297,1.45781,-60.2672,30069840
0.500388,0.179565,-9.90481,0.0476839,0.0331367,0.0227527,18.8297,1.45781,-60.2672,30130085
0.529118,0.169988,-9.88087,0.0487497,0.0299391,0.0234188,20.6402,0.364453,-58.5152,30201959
0.483629,0.160411,-9.97663,0.0467512,0.0403312,0.0242182,20.6402,0.364453,-58.5152,30267415
0.536301,0.21069,-9.91917,0.0400896,0.0334031,0.0216868,20.0971,1.27559,-59.0408,30325480
0.567425,0.205901,-9.92396,0.0434204,0.034469,0.0243515,20.0971,1.27559,-59.0408,30385629
0.533907,0.160411,-9.90481,0.0480835,0.0318044,0.0190222,19.3728,0.182227,-58.6904,30444009
0.512359,0.184353,-9.96227,0.044886,0.0383327,0.0242182,19.3728,0.182227,-58.6904,30501394
0.483629,0.205901,-9.93593,0.0455522,0.0348687,0.0234188,17.7434,1.09336,-58.5152,30613608
0.507571,0.179565,-9.92875,0.0434204,0.0328702,0.0231524,16.8381,0.911133,-57.9896,30670833
0.519542,0.160411,-9.8665,0.0438201,0.0387324,0.0211539,16.8381,0.911133,-57.9896,30729382
0.52433,0.112527,-9.93593,0.0464848,0.0332699,0.0247511,18.6486,1.64004,-58.34,30790651
0.507571,0.162806,-9.97424,0.0452857,0.0356681,0.0202213,18.6486,1.64004,-58.34,30851863
0.550666,0.150835,-9.88326,0.0456854,0.0342025,0.0230191,18.1055,1.09336,-59.216,30915073
0.52433,0.184353,-9.94791,0.0475506,0.0360678,0.0302136,18.1055,1.09336,-59.216,30984617
0.536301,0.19393,-9.89045,0.0439534,0.0356681,0.0247511,20.6402,0.728906,-57.4641,31045264
0.55306,0.126893,-9.92396,0.0442199,0.0334031,0.027549,20.6402,0.728906,-57.4641,31107369
0.514753,0.217872,-9.97185,0.0435537,0.0334031,0.0239518,17.5623,1.27559,-56.5881,31165794
0.52433,0.217872,-9.92157,0.0470177,0.0312715,0.0239518,17.5623,1.27559,-56.5881,31229552
0.500388,0.198719,-9.91917,0.0452857,0.0366007,0.0251508,16.8381,1.64004,-56.9385,31303423
0.521936,0.1652,-9.90242,0.0450192,0.036201,0.0227527,16.8381,1.64004,-56.9385,31362913
0.500388,0.150835,-9.89762,0.0447527,0.0352684,0.0220865,18.4676,2.55117,-58.1648,31421959
0.529118,0.203507,-9.94312,0.0450192,0.0316712,0.0232856,18.4676,2.55117,-58.1648,31480561
0.521936,0.177171,-9.94791,0.0444863,0.0348687,0.0235521,19.916,1.45781,-58.5152,31541394
0.526724,0.167594,-9.97663,0.0487497,0.0320708,0.0247511,19.916,1.45781,-58.5152,31600357
0.507571,0.150835,-9.96945,0.0422214,0.0374001,0.020621,18.1055,1.45781,-56.7633,31671274
0.529118,0.186748,-9.96706,0.0458186,0.0359345,0.0247511,18.1055,1.45781,-56.7633,31728713
0.52433,0.143652,-9.91678,0.0484832,0.0376666,0.0230191,18.2865,2.00449,-56.5881,31792425
0.529118,0.191536,-9.97663,0.0463516,0.0356681,0.0186225,18.2865,2.00449,-56.5881,31853862
0.517147,0.189142,-9.93593,0.0452857,0.037933,0.0230191,18.4676,1.09336,-58.8656,31911360
0.550666,0.167594,-9.95269,0.0419549,0.0368672,0.0247511,18.4676,1.09336,-58.8656,31974073
0.543483,0.153229,-9.94551,0.0452857,0.0355348,0.0238185,19.735,1.27559,-56.9385,32077464
0.519542,0.181959,-9.97424,0.0468845,0.0374001,0.0238185,18.2865,2.00449,-56.9385,32144813
0.517147,0.196324,-9.98142,0.0436869,0.0356681,0.0246179,18.2865,2.00449,-56.9385,32202511
0.529118,0.184353,-9.97903,0.0464848,0.0367339,0.0244847,18.2865,1.64004,-56.9385,32262496
0.521936,0.162806,-9.92157,0.0440866,0.0366007,0.0211539,18.2865,1.64004,-56.9385,32323732
0.521936,0.220267,-9.94312,0.0463516,0.0380662,0.0208874,18.2865,3.09785,-56.9385,32393431
0.52433,0.198719,-9.92396,0.0468845,0.0375333,0.0214204,18.2865,3.09785,-56.9385,32455052
0.531512,0.150835,-9.95509,0.0439534,0.0335364,0.0248844,19.0107,0.546679,-56.9385,32514589
0.52433,0.184353,-9.92396,0.0444863,0.036201,0.0271493,19.0107,0.546679,-56.9385,32572877
0.512359,0.162806,-9.96945,0.0452857,0.0308718,0.0167573,19.3728,1.27559,-56.5881,32630508
0.509965,0.184353,-9.9072,0.0480835,0.0384659,0.0194219,19.3728,1.27559,-56.5881,32689361
0.531512,0.179565,-9.95988,0.0456854,0.0400647,0.0236853,18.1055,1.45781,-58.1648,32762964
0.545878,0.143652,-9.95509,0.0476839,0.0377998,0.0228859,18.1055,1.45781,-58.1648,32820486
0.509965,0.174777,-9.9503,0.0515476,0.0298059,0.0271493,18.2865,0.911133,-57.2889,32882588
0.512359,0.167594,-9.97663,0.0355598,0.0331367,0.0242182,18.2865,0.911133,-57.2889,32940501
0.548272,0.19393,-9.93593,0.0422214,0.0363342,0.0254173,17.9244,2.00449,-56.2377,33002478
0.488417,0.155623,-9.85693,0.0472842,0.0334031,0.0243515,17.9244,2.00449,-56.2377,33060326
0.52433,0.126893,-9.94072,0.0724648,0.0383327,0.0279487,17.0191,2.55117,-58.1648,33132299
0.519542,0.217872,-10.0604,0.0358263,0.0291398,0.0254173,17.0191,2.55117,-58.1648,33191156
0.521936,0.0981622,-9.96466,-0.0245275,0.0146176,0.0164908,19.0107,0.546679,-57.2889,33249692
0.464475,0.1652,-9.90002,-0.0299899,0.0279407,0.001036,19.0107,0.546679,-57.2889,33307269
0.519542,0.095768,-10.0413,0.0471509,-0.00296896,0.0135597,18.2865,1.27559,-57.6392,33366524
0.486023,0.162806,-10.0772,-0.00587508,-0.0348112,0.0228859,18.2865,1.27559,-57.6392,33474897
0.909797,-1.58496,-10.1323,2.04149,-0.639548,-0.359221,17.2002,2.36894,-58.34,33536555
1.24259,1.1133,-7.30471,0.538374,1.26606,0.0764448,17.2002,2.36894,-58.34,33598180
0.356736,-2.29125,-9.4954,3.01834,0.594839,0.667192,23.8992,0.728906,-56.0625,33656649
1.13964,-3.19865,-8.80108,3.53594,0.326512,0.476938,23.8992,0.728906,-56.0625,33719609
0.964863,-5.68383,-8.28872,4.29163,0.172763,0.991343,41.2805,-1.82227,-48.0035,33778248
1.3216,-7.35977,-6.54575,3.30305,0.256166,1.09993,41.2805,-1.82227,-48.0035,33848484
0.55306,-6.50026,-4.61362,2.55363,-0.125808,1.06142,57.9375,0.728906,-31.8855,33912444
-0.454898,-10.6494,-5.68383,2.6377,-0.213874,1.24248,57.9375,0.728906,-31.8855,33970420
-0.768538,-8.339,-1.67833,1.58424,-0.134735,0.474406,63.7312,8.74687,-17.1691,34028973
-1.13246,-10.2687,-1.98,1.24437,-0.0442706,0.640013,63.7312,8.74687,-17.1691,34094374
-1.30005,-9.30386,-1.34315,-0.0871461,0.0115532,0.216604,64.4554,11.6625,-5.25586,34152187
-1.72622,-9.51695,-0.684741,-0.222243,0.242709,0.290681,62.2828,14.2137,-6.65742,34224779
-2.18351,-10.5489,-2.60489,0.099644,-0.796494,1.59848,62.2828,14.2137,-6.65742,34286238
-1.34794,-10.1562,-0.842759,0.464697,0.181689,-0.0413315,62.2828,14.2137,-6.65742,34343705
-2.38223,-8.59279,-1.82199,-0.180674,-0.0643885,-0.349495,62.2828,14.2137,-6.65742,34407085
-2.73897,-9.14585,-3.1388,-0.559184,-0.55428,-0.923455,62.2828,14.2137,-6.65742,34465790
-2.89459,-14.1785,-3.03106,1.10794,0.561398,0.135466,64.8176,14.2137,-8.40937,34523618
-1.05584,-8.7101,-4.0031,-0.479245,-0.550149,-0.405985,64.4554,12.3914,-0.700781,34594304
-0.694318,-9.79228,-0.416591,-0.22997,0.0841642,-0.218529,64.4554,12.3914,-0.700781,34652761
-0.486023,-8.35337,-2.29843,-1.35577,-0.663263,-1.04896,64.4554,12.3914,-0.700781,34710150
-0.727837,-12.3253,1.1564,0.369304,0.577119,-0.345099,64.6365,9.658,-6.83261,34772362
-0.248997,-9.02614,-2.68869,0.155468,0.0708411,-0.42104,64.6365,9.658,-6.83261,34834326
0.272939,-8.7915,-2.33913,1.04918,0.134792,0.163711,64.4554,3.28008,-6.30703,34941198
0.529118,-10.0269,-1.47722,0.223949,0.227787,0.0536623,64.8176,4.37344,-2.80312,35003339
0.531512,-9.99818,-1.35512,0.532512,0.12027,0.0493989,64.8176,4.37344,-2.80312,35060904
0.095768,-9.5361,-0.550666,-0.114192,0.322381,0.0581922,62.826,4.92012,-1.57676,35119864
0.272939,-9.94312,-0.244209,0.0444863,0.027541,0.0218201,62.826,4.92012,-1.57676,35178089
0.198719,-9.76116,-0.629675,0.0480835,0.0407309,0.0218201,63.1881,5.28457,-3.6791,35236013
0.162806,-9.77313,-0.708683,0.0442199,0.0324705,0.0228859,63.1881,5.28457,-3.6791,35307149
0.201113,-9.83059,-0.577003,0.0399564,0.0363342,0.0268829,63.7312,3.64453,-0.700781,35369001
0.208295,-9.7851,-0.596156,0.0438201,0.0377998,0.0250176,63.7312,3.64453,-0.700781,35426904
0.19393,-9.76595,-0.55306,0.0458186,0.031005,0.0255505,64.0933,4.73789,-2.45273,35488916
0.213084,-9.81144,-0.61531,0.0480835,0.0339361,0.0222198,64.0933,4.73789,-2.45273,35546711
0.179565,-9.86171,-0.670376,0.0416884,0.0355348,0.0244847,63.007,5.46679,-1.40156,35608879
0.203507,-9.81862,-0.624887,0.0440866,0.037933,0.0228859,63.007,5.46679,-1.40156,35681587
0.172382,-9.82341,-0.596156,0.0458186,0.0307385,0.0264832,62.4639,4.19121,-1.57676,35742009
0.213084,-9.81144,-0.624887,0.0478171,0.0348687,0.0231524,62.4639,4.19121,-1.57676,35804603
0.208295,-9.83777,-0.665588,0.0459518,0.0352684,0.0231524,63.9123,4.55566,-0.525586,35862309
0.169988,-9.80425,-0.620098,0.0467512,0.0306053,0.0231524,63.9123,4.55566,-0.525586,35919563
0.174777,-9.81144,-0.639252,0.0474174,0.0332699,0.0238185,65.3607,5.28457,-2.97832,35997809
0.179565,-9.80425,-0.646434,0.042621,0.0348687,0.0272825,65.3607,5.28457,-2.97832,36055713
0.198719,-9.85693,-0.641646,0.0450192,0.0374001,0.0211539,63.9123,4.92012,-1.92715,36113181
0.217872,-9.81622,-0.665588,0.0432872,0.0350019,0.0211539,63.9123,4.92012,-1.92715,36172482
0.205901,-9.80186,-0.600945,0.0439534,0.0319376,0.0220865,63.5502,4.55566,-0.875976,36231078
0.205901,-9.80904,-0.699107,0.0467512,0.0351352,0.0262167,63.5502,4.55566,-0.875976,36289182
0.201113,-9.84256,-0.605733,0.0419549,0.0336696,0.0200881,63.1881,5.28457,-0.175195,36399579
0.205901,-9.80665,-0.636858,0.0452857,0.0308718,0.0236853,65.1797,3.28008,-1.40156,36457307
0.184353,-9.79707,-0.670376,0.0406226,0.032737,0.0252841,65.1797,3.28008,-1.40156,36516486
0.196324,-9.8258,-0.632069,0.050082,0.0342025,0.0288813,64.9986,4.55566,-1.22637,36574952
0.189142,-9.80904,-0.656011,0.0455522,0.0346022,0.0266164,64.9986,4.55566,-1.22637,36636012
0.251391,-9.80425,-0.672771,0.044886,0.036201,0.0242182,66.0849,4.92012,-1.22637,36711206
0.177171,-9.79947,-0.648829,0.044886,0.0363342,0.0230191,66.0849,4.92012,-1.22637,36769582
0.181959,-9.8665,-0.646434,0.0456854,0.0340693,0.0236853,63.9123,3.82676,-0.525586,36829921
0.174777,-9.79947,-0.627281,0.0464848,0.031005,0.0247511,63.9123,3.82676,-0.525586,36891966
0.213084,-9.82341,-0.586579,0.044886,0.0348687,0.0211539,64.6365,4.92012,-1.57676,36952584
0.174777,-9.8689,-0.622492,0.0479503,0.0347355,0.0259502,64.6365,4.92012,-1.57676,37012739
0.21069,-9.7851,-0.64404,0.0487497,0.0366007,0.024085,65.1797,3.28008,-1.75195,37086098
0.227449,-9.80425,-0.617704,0.0464848,0.0312715,0.0222198,65.1797,3.28008,-1.75195,37143787
0.169988,-9.84016,-0.557849,0.0424878,0.0322041,0.0176899,65.1797,4.37344,-1.05117,37203978
0.208295,-9.80425,-0.636858,0.0459518,0.0358013,0.0212871,65.1797,4.37344,-1.05117,37265348
0.177171,-9.80904,-0.577003,0.0467512,0.0324705,0.0204878,66.266,4.37344,-0.700781,37326040
0.196324,-9.79228,-0.579397,0.0447527,0.0377998,0.0264832,66.266,4.37344,-0.700781,37386494
0.205901,-9.79228,-0.565031,0.0432872,0.0376666,0.0246179,65.9039,4.37344,-1.40156,37459309
0.246603,-9.85214,-0.622492,0.0446195,0.0336696,0.0254173,65.9039,4.37344,-1.40156,37516694
0.201113,-9.7827,-0.624887,0.0436869,0.0336696,0.0247511,64.6365,4.55566,-0.175195,37574837
0.205901,-9.83538,-0.636858,0.0447527,0.0302056,0.0212871,64.6365,4.55566,-0.175195,37636574
0.172382,-9.81144,-0.629675,0.0444863,0.0324705,0.0207542,66.6281,5.46679,-1.05117,37694793
0.198719,-9.84735,-0.622492,0.0476839,0.0374001,0.0230191,67.8955,3.4623,-1.92715,37801050
0.189142,-9.86411,-0.648829,0.0424878,0.0322041,0.0211539,67.8955,3.4623,-1.92715,37862963
0.203507,-9.81862,-0.646434,0.0464848,0.0348687,0.025817,65.9039,4.37344,-1.05117,37921904
0.205901,-9.84256,-0.646434,0.0478171,0.0389989,0.0222198,65.9039,4.37344,-1.05117,37979745
0.179565,-9.79947,-0.560243,0.0454189,0.0328702,0.022353,65.9039,4.37344,-1.05117,38038825
0.208295,-9.83298,-0.629675,0.0428875,0.0340693,0.0214204,65.5418,4.00898,-1.75195,38097553
0.196324,-9.79947,-0.612916,0.043154,0.0388656,0.0172902,65.7228,3.09785,-1.22637,38168082
0.189142,-9.84256,-0.61531,0.0446195,0.0358013,0.0282152,65.7228,3.09785,-1.22637,38230890
0.205901,-9.81622,-0.634463,0.0499488,0.0338029,0.0234188,65.5418,4.37344,-2.45273,38292782
0.201113,-9.77073,-0.653617,0.0484832,0.036201,0.0218201,65.5418,4.37344,-2.45273,38350344
0.215478,-9.81622,-0.6608,0.0463516,0.0346022,0.0228859,65.5418,4.37344,-2.45273,38412556
0.21069,-9.80425,-0.612916,0.0434204,0.0318044,0.0235521,66.266,4.37344,-1.75195,38482091
0.215478,-9.81144,-0.6608,0.0424878,0.0338029,0.0196884,64.6365,3.4623,-0.525586,38546186
0.232238,-9.8258,-0.567425,0.0435537,0.0323373,0.0278155,64.6365,3.4623,-0.525586,38607625
0.201113,-9.85693,-0.636858,0.0455522,0.0328702,0.0195551,65.5418,3.28008,-1.05117,38665382
0.184353,-9.84496,-0.620098,0.0446195,0.0320708,0.0246179,65.5418,3.28008,-1.05117,38725431
0.201113,-9.81622,-0.574608,0.0460851,0.0363342,0.0252841,64.9986,4.55566,-1.22637,38787285
0.191536,-9.82819,-0.675165,0.0468845,0.0377998,0.0250176,64.9986,4.55566,-1.22637,38859840
0.213084,-9.79947,-0.687136,0.0432872,0.0330035,0.0270161,66.6281,4.73789,-1.05117,38920398
0.186748,-9.83777,-0.620098,0.0450192,0.0303388,0.0210207,66.6281,4.73789,-1.05117,38981578
0.217872,-9.80665,-0.620098,0.0447527,0.031005,0.0234188,64.9986,4.55566,-1.92715,39039113
0.174777,-9.83538,-0.636858,0.0484832,0.0355348,0.024085,64.9986,4.55566,-1.92715,39099040
0.225055,-9.80186,-0.653617,0.0420881,0.0288733,0.0243515,65.3607,5.64902,-1.57676,39157626
0.225055,-9.84974,-0.703895,0.0410223,0.0300724,0.0239518,65.3607,5.64902,-1.57676,39266769
0.217872,-9.81144,-0.617704,0.0422214,0.0326038,0.0294142,65.7228,5.28457,-2.27754,39328277
0.205901,-9.86411,-0.627281,0.0434204,0.0336696,0.0242182,65.7228,5.28457,-2.27754,39386066
0.196324,-9.78749,-0.658405,0.0470177,0.0336696,0.0252841,64.4554,4.00898,-1.05117,39443626
0.181959,-9.82819,-0.56982,0.0456854,0.0376666,0.0244847,64.4554,4.00898,-1.05117,39506154
0.213084,-9.80186,-0.663194,0.0475506,0.0358013,0.0288813,65.3607,3.82676,-1.22637,39576640
0.215478,-9.80186,-0.612916,0.0478171,0.0376666,0.0211539,65.3607,3.82676,-1.22637,39634378
0.222661,-9.83059,-0.653617,0.0402229,0.0376666,0.0266164,64.4554,2.55117,-1.05117,39692888
0.186748,-9.81144,-0.706289,0.0463516,0.032737,0.0220865,64.4554,2.55117,-1.05117,39754785
0.215478,-9.8258,-0.634463,0.0408891,0.0331367,0.020621,66.266,5.10234,-1.40156,39815850
0.205901,-9.8258,-0.56982,0.0430208,0.0371336,0.0252841,66.266,5.10234,-1.40156,39878934
0.177171,-9.81383,-0.632069,0.0459518,0.0351352,0.0231524,64.6365,4.55566,-0.525586,39948708
0.213084,-9.81144,-0.627281,0.0464848,0.0350019,0.0236853,64.6365,4.55566,-0.525586,40008876
0.189142,-9.80186,-0.56982,0.0422214,0.0363342,0.0250176,64.0933,3.28008,-1.40156,40070649
0.189142,-9.81622,-0.59855,0.0411555,0.0328702,0.0239518,64.0933,3.28008,-1.40156,40131637
0.229843,-9.83298,-0.634463,0.0464848,0.036201,0.0230191,65.5418,6.56015,-1.75195,40189092
0.229843,-9.81383,-0.667982,0.0447527,0.036201,0.0198216,65.5418,6.56015,-1.75195,40262902
0.169988,-9.82101,-0.677559,0.0446195,0.0343358,0.025817,66.0849,4.92012,-1.22637,40322175
0.19393,-9.85453,-0.629675,0.0458186,0.0367339,0.024085,66.0849,4.92012,-1.22637,40379663
0.201113,-9.81862,-0.574608,0.0430208,0.0318044,0.0207542,64.9986,4.19121,-0.875976,40438347
0.186748,-9.82819,-0.6608,0.0423546,0.0366007,0.0242182,64.9986,4.19121,-0.875976,40499381
0.234632,-9.84735,-0.632069,0.0418217,0.0339361,0.0272825,65.3607,6.74238,-0.875976,40559091
0.181959,-9.84974,-0.574608,0.0411555,0.0350019,0.0232856,66.6281,3.64453,-0.350391,40664599
0.1652,-9.8258,-0.586579,0.0439534,0.0315379,0.0266164,66.6281,3.64453,-0.350391,40729403
0.213084,-9.79467,-0.600945,0.0428875,0.0397982,0.0272825,63.9123,4.55566,-0.875976,40788273
0.177171,-9.82101,-0.629675,0.0394235,0.0364675,0.0226195,63.9123,4.55566,-0.875976,40848795
0.179565,-9.79707,-0.608127,0.0438201,0.0322041,0.0191554,66.266,2.18672,-1.75195,40909944
0.196324,-9.80425,-0.596156,0.0416884,0.0274078,0.0203545,66.266,2.18672,-1.75195,40967971
0.232238,-9.81862,-0.579397,0.0450192,0.0354016,0.0211539,66.266,4.00898,-1.75195,41040009
0.227449,-9.81622,-0.64404,0.0468845,0.0347355,0.0250176,66.266,4.00898,-1.75195,41104528
0.217872,-9.79947,-0.663194,0.0438201,0.0354016,0.0220865,64.8176,4.37344,-0.700781,41162102
0.162806,-9.79947,-0.59855,0.0458186,0.0358013,0.0266164,64.8176,4.37344,-0.700781,41222193
0.172382,-9.84016,-0.593762,0.0447527,0.0340693,0.025817,64.4554,4.73789,-0.700781,41280980
0.162806,-9.83777,-0.557849,0.0463516,0.0374001,0.0224862,64.4554,4.73789,-0.700781,41350390
0.215478,-9.84256,-0.560243,0.044886,0.0350019,0.0246179,65.3607,4.19121,-1.92715,41412038
0.220267,-9.79228,-0.64404,0.0443531,0.0355348,0.0244847,65.3607,4.19121,-1.92715,41473967
0.196324,-9.81383,-0.591368,0.0446195,0.0316712,0.0230191,64.8176,4.37344,-1.75195,41531647
0.227449,-9.81144,-0.651223,0.044886,0.0307385,0.0222198,64.8176,4.37344,-1.75195,41593689
0.177171,-9.79467,-0.624887,0.0452857,0.0346022,0.0220865,65.7228,4.55566,0.175195,41651549
0.227449,-9.78749,-0.620098,0.0428875,0.0354016,0.022353,65.7228,4.55566,0.175195,41726774
0.227449,-9.79707,-0.648829,0.0459518,0.0363342,0.0243515,63.9123,3.82676,-1.22637,41789104
0.189142,-9.80186,-0.61531,0.0439534,0.0331367,0.025817,63.9123,3.82676,-1.22637,41846812
0.21069,-9.7827,-0.632069,0.0451525,0.0330035,0.0212871,66.6281,4.37344,-0.700781,41904796
0.196324,-9.81144,-0.600945,0.0388906,0.0366007,0.0236853,66.6281,4.37344,-0.700781,41964162
0.21069,-9.80904,-0.663194,0.0467512,0.0298059,0.0210207,64.4554,5.10234,-1.05117,42072311
0.21069,-9.81144,-0.646434,0.0444863,0.0339361,0.0272825,64.8176,3.64453,-0.700781,42133756
0.244209,-9.81862,-0.639252,0.0474174,0.0376666,0.0211539,64.8176,3.64453,-0.700781,42192878
0.177171,-9.80186,-0.624887,0.0460851,0.0336696,0.0254173,64.9986,4.19121,-2.27754,42250992
0.19393,-9.82819,-0.629675,0.042621,0.0346022,0.024085,64.9986,4.19121,-2.27754,42313552
0.174777,-9.83777,-0.588974,0.0428875,0.0298059,0.0235521,65.1797,4.37344,-0.700781,42374668
0.213084,-9.8258,-0.684741,0.0440866,0.0342025,0.0252841,65.1797,4.37344,-0.700781,42447398
0.181959,-9.78749,-0.617704,0.0486165,0.031005,0.0220865,65.5418,5.46679,-2.80312,42508944
0.179565,-9.83777,-0.675165,0.0454189,0.034469,0.0192887,65.5418,5.46679,-2.80312,42566357
0.213084,-9.79947,-0.684741,0.0416884,0.0338029,0.0222198,66.266,2.55117,-1.05117,42626376
0.198719,-9.80186,-0.670376,0.0447527,0.0335364,0.0242182,66.266,2.55117,-1.05117,42688051
0.191536,-9.84256,-0.641646,0.0411555,0.0375333,0.025817,65.7228,5.64902,-1.92715,42745463
0.213084,-9.79947,-0.608127,0.0423546,0.0366007,0.0214204,65.7228,5.64902,-1.92715,42816075
0.222661,-9.81862,-0.603339,0.0456854,0.0367339,0.0242182,65.5418,3.64453,-1.40156,42874542
0.155623,-9.81383,-0.612916,0.0444863,0.0308718,0.0204878,65.5418,3.64453,-1.40156,42932093
0.177171,-9.77552,-0.579397,0.0416884,0.0367339,0.0222198,65.1797,5.46679,-1.75195,42991352
0.191536,-9.79947,-0.588974,0.0470177,0.0300724,0.0226195,65.1797,5.46679,-1.75195,43053599
0.205901,-9.82819,-0.715866,0.0454189,0.0348687,0.0255505,65.1797,3.28008,-0.700781,43125122
0.205901,-9.78989,-0.663194,0.0492826,0.0368672,0.0226195,65.1797,3.28008,-0.700781,43183809
0.225055,-9.78031,-0.59855,0.044886,0.0319376,0.0199548,64.8176,4.00898,-0.700781,43242595
0.229843,-9.83298,-0.56982,0.0447527,0.0343358,0.0227527,64.8176,4.00898,-0.700781,43304302
0.184353,-9.78031,-0.646434,0.0454189,0.0331367,0.0202213,65.9039,6.1957,-2.10234,43366029
0.205901,-9.84735,-0.581791,0.0456854,0.0351352,0.0268829,65.9039,6.1957,-2.10234,43423662
0.203507,-9.75637,-0.672771,0.0578094,0.21593,0.0172902,65.1797,5.83125,-0.700781,43531726
-0.26815,-10.0149,-0.907402,0.132152,0.18049,0.05233,64.8176,4.37344,-1.05117,43588998
0.102951,-9.79947,-0.768538,0.0678017,0.0475257,0.0280819,64.8176,4.37344,-1.05117,43652443
0.574608,-9.30147,-0.0574608,0.546768,0.100818,0.0548614,65.9039,4.73789,-0.700781,43711692
0.0694318,-9.87608,-0.105345,-0.56025,0.223524,0.121211,65.9039,4.73789,-0.700781,43770823
-0.715866,-11.1091,-0.596156,-0.844032,0.367147,0.439633,65.9039,4.73789,-0.700781,43844835
-1.39103,-10.7212,-0.399832,-1.86232,1.45351,-0.493918,65.9039,4.73789,-0.700781,43903389
-2.92571,-11.6023,-1.57538,-2.61934,2.28648,-0.460344,64.4554,1.82227,-17.8699,43966679
-1.04148,-10.082,-3.28484,-2.50529,2.37028,0.855048,64.4554,1.82227,-17.8699,44028362
0.234632,-8.85615,-5.01585,-2.07029,2.74146,0.544353,61.3775,1.27559,-31.36,44085799
2.77727,-7.0198,-5.98071,-1.4553,2.29887,1.42355,61.3775,1.27559,-31.36,44145975
3.46441,-6.49068,-5.58806,-1.40094,2.03493,1.70586,55.5838,0.546679,-36.6158,44220146
3.69904,-5.72453,-5.54258,-1.19696,1.50374,1.73291,55.5838,0.546679,-36.6158,44281532
4.40294,-6.32548,-6.01184,-0.649781,1.06954,1.58302,52.5058,2.18672,-39.9445,44339023
3.76847,-5.78678,-6.78517,-0.576504,0.785893,1.30284,52.5058,2.18672,-39.9445,44398219
3.65834,-5.88016,-7.36935,-0.623535,0.499313,1.20118,51.0574,4.73789,-42.7477,44456916
2.54982,-5.60722,-7.57046,-0.39531,0.250836,0.906342,51.0574,4.73789,-42.7477,44514359
2.60968,-5.8227,-7.37414,0.0308967,0.20274,0.539423,50.3332,5.10234,-45.2004,44592188
1.94409,-6.29435,-7.8458,0.00305137,0.0810999,0.373817,50.3332,5.10234,-45.2004,44649997
1.5706,-5.74848,-7.78594,0.164261,0.14665,0.102825,51.4195,8.38242,-44.1492,44709975
1.62327,-5.52821,-7.98945,0.116564,0.0363342,0.189558,51.4195,8.38242,-44.1492,44771597
1.23062,-5.75327,-7.34062,0.189575,0.117339,0.266699,49.79,8.56464,-43.6236,44828926
1.81959,-6.00226,-7.78594,0.130154,0.0308718,0.0601906,49.79,8.56464,-43.6236,44889189
1.67355,-6.45955,-7.78594,0.0458186,0.0632469,0.171972,51.0574,9.11132,-42.7477,44997569
1.69749,-5.66228,-7.70454,0.126956,0.0195471,-0.0821003,51.0574,9.11132,-42.7477,45054872
0.957681,-6.04536,-6.82347,-0.219178,-0.0172247,0.229927,50.5142,10.3869,-42.5725,45119498
1.2402,-5.58088,-7.94396,0.165327,-0.0102967,-0.109946,50.5142,10.3869,-42.5725,45177564
1.37188,-5.6958,-8.41801,-0.241295,-0.0396075,-0.00029631,50.5142,10.0225,-42.5725,45238675
1.31202,-6.07888,-7.91762,0.116031,0.0621811,0.0398063,50.5142,10.0225,-42.5725,45301029
1.07739,-5.2457,-7.88889,0.134018,0.140787,0.0925658,49.9711,9.11132,-43.098,45370980
1.29047,-5.91368,-7.81467,0.234341,0.165835,0.0809747,49.9711,9.11132,-43.098,45431171
1.13725,-6.04057,-7.67581,0.141479,0.126798,0.150255,51.7816,10.2047,-42.7477,45493213
1.47483,-5.51624,-7.57525,0.183446,0.124533,-0.103417,51.7816,10.2047,-42.7477,45550911
1.29526,-6.55532,-7.6782,0.081791,0.0896267,0.0745796,51.4195,8.74687,-42.3972,45611381
1.74058,-6.2752,-7.40047,0.138681,0.00888862,-0.0466608,51.4195,8.74687,-42.3972,45669757
1.46286,-6.10282,-7.65665,0.0598079,-0.00256927,0.0440697,54.3164,9.84023,-43.4484,45741488
1.54426,-5.83227,-7.71172,0.0972458,0.00995446,0.120411,54.3164,9.84023,-43.4484,45798825
1.32399,-6.14112,-7.58962,0.113766,0.0375333,0.0641876,54.3164,9.84023,-43.4484,45857920
1.44849,-6.43322,-7.66384,0.0326287,0.0579177,-0.00562556,54.3164,9.84023,-43.4484,45918960
1.33118,-6.2776,-7.63032,0.0249013,0.0615149,0.0513974,52.868,8.38242,-41.6965,45976979
1.36948,-5.85382,-7.43878,0.102442,0.0773695,-0.00416002,52.868,8.38242,-41.6965,46047903
1.40779,-6.39252,-7.53455,0.0045169,0.0744384,-0.00349386,53.4111,9.29355,-42.5725,46107104
1.64482,-6.01423,-7.58722,0.0801922,0.0688426,0.0820405,53.4111,9.29355,-42.5725,46166536
1.70946,-6.25126,-7.60159,0.120295,0.0356681,0.110152,53.9543,9.47578,-42.7477,46228025
1.53947,-6.41406,-7.39808,0.0781938,0.0244767,0.100027,53.9543,9.47578,-42.7477,46285689
1.33118,-6.29196,-7.49864,0.106838,0.0473924,0.0848384,52.6869,10.0225,-40.8205,46344858
1.38385,-6.29435,-7.5537,0.106705,0.0433955,0.038474,53.4111,10.3869,-40.8205,46451587
1.46765,-6.61278,-7.46512,0.033961,0.0511229,0.0348767,53.4111,10.3869,-40.8205,46514954
1.53708,-6.34463,-7.36935,0.0803255,0.029273,0.0199548,53.049,10.3869,-42.2221,46575990
1.62327,-6.33027,-7.46991,0.112834,0.0127523,-0.0194816,53.049,10.3869,-42.2221,46633578
1.3623,-6.359,-7.50582,0.0486165,0.0493909,0.0368752,53.7732,8.56464,-40.1197,46695234
1.53708,-6.35181,-7.24725,0.0667359,0.032737,0.00556585,53.7732,8.56464,-40.1197,46752946
1.51074,-6.57687,-7.32626,0.0250345,0.00835569,0.0103622,53.9543,9.47578,-41.3461,46828746
1.34315,-6.22253,-7.513,0.023569,0.0196803,-0.00309415,53.9543,9.47578,-41.3461,46890028
1.31442,-6.25126,-7.46512,0.0486165,0.0625808,0.0286149,52.6869,8.9291,-41.1709,46947535
1.54187,-6.42843,-7.3909,0.0771279,0.0493909,0.0585919,52.6869,8.9291,-41.1709,47007996
1.44131,-6.34463,-7.29992,0.0692673,0.0342025,0.0360758,52.868,9.47578,-40.6453,47066413
1.48919,-6.3183,-7.37893,0.0468845,0.00689015,0.0463346,52.868,9.47578,-40.6453,47136229
1.57538,-6.24168,-7.39808,-0.0779531,-0.00603328,-0.000562772,53.9543,9.11132,-40.2949,47201826
1.95846,-6.45716,-7.53934,-0.0491752,-0.0707836,-0.0793024,53.9543,9.11132,-40.2949,47259610
1.43413,-6.25844,-8.30548,-0.285527,-0.0142936,-0.06065,53.5922,9.11132,-40.2949,47317084
0.864306,-6.61039,-7.58962,-0.135909,0.0769697,-0.0457281,53.5922,9.11132,-40.2949,47380630
