4.24731,-0.622492,-7.28555,-0.367198,0.129063,0.524101,21.1834,-24.965,-46.7771,2573566
4.75249,0.316035,-7.95114,-0.61714,-0.591051,0.51331,21.0023,-21.5027,-47.6531,2631449
5.00627,-0.0814028,-7.76439,-0.468987,-0.125808,0.867971,21.0023,-21.5027,-47.6531,2690583
5.06134,0.694318,-8.48265,-0.431282,0.566328,0.909406,21.7266,-21.8672,-48.3539,2755617
5.15471,0.497994,-8.1738,-0.492968,0.448685,0.902744,21.7266,-21.8672,-48.3539,2813318
5.35583,1.08457,-9.11472,-0.751303,0.187285,0.585255,21.7266,-21.8672,-48.3539,2964878
3.7589,-1.63524,-9.56244,-0.618872,-0.470477,1.30417,23.356,-22.0494,-45.726,3025938
3.60806,1.37188,-9.25598,-0.672964,-0.299675,1.18493,23.356,-22.0494,-45.726,3084691
4.86502,-0.648829,-9.01896,-0.209319,0.519164,1.20784,24.6234,-18.5871,-46.6019,3143218
5.23372,-0.308852,-10.8242,-0.713999,0.0565854,0.84279,24.6234,-18.5871,-46.6019,3205794
4.72376,0.694318,-8.38689,-0.178276,-0.208944,0.752193,26.615,-19.4982,-47.8283,3263672
5.01825,1.35033,-7.9679,-0.128981,0.0838978,0.516907,26.615,-19.4982,-47.8283,3418764
5.26245,0.462081,-8.53293,-0.0595673,0.31572,0.234457,26.7961,-18.5871,-47.6531,3481119
5.56891,0.517147,-8.98304,-0.0719578,0.420573,0.207145,27.8824,-18.9516,-45.2004,3540591
6.12676,-0.993593,-9.69651,0.398348,0.395392,0.357563,27.8824,-18.9516,-45.2004,3601899
6.68221,-2.53067,-8.32703,0.428725,0.376074,0.472408,30.2361,-21.3205,-44.6748,3659409
6.12437,-1.34554,-7.32386,0.0547451,0.331974,0.401262,30.2361,-21.3205,-44.6748,3721057
6.82587,-2.5163,-8.2983,-0.185071,-0.197886,0.717287,33.6762,-19.6805,-43.098,3871139
5.94959,-0.979228,-7.35259,-0.489638,0.0476589,0.793895,33.6762,-19.6805,-43.098,3929164
6.18422,-1.37667,-6.96952,-0.551723,0.170898,0.900879,34.9435,-17.3115,-44.3244,3989648
6.50026,-1.57299,-7.48667,-0.611811,0.262694,0.974823,34.9435,-17.3115,-44.3244,4050925
6.21535,-0.940921,-7.21133,-0.688552,0.416709,0.935386,33.133,-19.4982,-44.6748,4109042
6.6894,-1.69509,-7.5968,-0.678426,0.585779,0.949109,33.133,-19.4982,-44.6748,4170657
6.56729,-2.00634,-9.35893,-0.563581,0.00728984,1.09233,34.5814,-18.0404,-45.726,4278013
5.11401,-2.77967,-6.8953,-0.810858,0.252702,1.21197,34.5814,-18.0404,-45.726,4339566
4.62081,-2.30083,-7.5537,-1.00564,-0.0721159,1.13976,34.5814,-16.2182,-46.4267,4397642
6.75883,-3.68468,-8.56406,-0.693348,0.521695,1.0052,34.5814,-16.2182,-46.4267,4455080
5.85143,-2.41096,-6.95515,-0.569576,0.839052,0.855048,33.3141,-14.5781,-49.0547,4517174
5.533,-0.79248,-6.42364,-0.606215,0.501178,0.546085,33.3141,-14.5781,-49.0547,4577460
6.61997,-1.25456,-7.24246,-0.348546,0.071907,0.323855,31.6846,-16.9471,-48.8795,4649797
7.37174,-1.81241,-7.00064,-0.15536,0.365016,-0.00762403,31.6846,-16.9471,-48.8795,4709259
7.37653,-1.05105,-7.19218,0.0640713,-0.0377423,-0.302598,32.0467,-18.0404,-48.8795,4766826
7.23288,-2.53067,-7.09641,0.271112,0.104149,-0.298601,32.0467,-18.0404,-48.8795,4827121
8.08282,-2.82516,-6.53856,0.693588,-0.148724,-0.327112,29.3308,-17.4937,-49.4051,4885677
7.48427,-2.92811,-8.68137,0.517857,-0.667659,-0.46434,29.3308,-17.4937,-49.4051,4946145
5.16908,-1.74058,-6.01663,0.105639,-0.030681,-0.541348,31.8656,-15.307,-50.4562,5017955
6.81629,-1.60651,-5.50427,0.504534,0.984807,-0.495517,31.8656,-15.307,-50.4562,5075328
8.98304,-3.89297,-8.86812,0.98683,0.342499,-0.461409,31.1414,-20.4094,-47.6531,5132854
6.68461,-1.79565,-6.18422,0.458835,-0.257041,-0.54761,31.1414,-20.4094,-47.6531,5197164
7.18739,-1.40779,-5.67904,0.47389,0.0107539,-0.54681,32.5898,-20.7738,-48.0035,5257836
6.99346,-2.44927,-6.09324,0.685062,0.0439284,-0.220794,32.5898,-20.7738,-48.0035,5340387
6.87854,-1.72861,-6.687,0.307618,-0.125009,-0.321783,33.8572,-22.4139,-45.0252,5400280
8.23366,-1.78847,-6.27281,0.383826,0.443489,-0.339103,33.8572,-22.4139,-45.0252,5460902
7.42442,-2.42293,-6.38054,0.549299,0.688501,-0.229854,33.8572,-22.4139,-45.0252,5522977
8.0086,-1.72143,-7.63511,0.642961,0.160639,-0.0570528,33.8572,-22.4139,-45.0252,5580510
8.2576,-3.881,-5.74129,0.79178,0.009688,-0.186687,34.5814,-26.7873,-41.1709,5638515
8.33182,-3.85227,-5.12359,0.990827,0.645867,-0.177494,34.5814,-26.7873,-41.1709,5745170
10.2951,-4.93684,-4.30238,2.18591,0.227787,-0.777833,38.0215,-28.0629,-37.8422,5804182
9.40681,-4.32153,-4.35266,4.44591,0.864233,0.63082,41.4615,-30.7963,-31.7103,5864261
7.45315,-3.86903,-2.86107,4.48482,1.91303,0.418449,41.4615,-30.7963,-31.7103,5925421
8.16662,-5.16669,-1.04387,4.25552,1.694,0.426043,51.2385,-29.7029,-1.92715,5982989
8.42759,-4.88896,1.8579,3.80507,0.553937,0.502784,51.2385,-29.7029,-1.92715,6042897
7.52258,-5.05416,3.43089,3.25549,0.140921,-0.0902274,47.2553,-25.6939,20.1475,6116524
7.99903,-4.31914,4.9967,2.69645,-0.307269,-0.0144188,47.2553,-25.6939,20.1475,6174959
8.30548,-3.7972,5.2433,2.23414,-0.80129,-0.032405,35.1246,-25.8762,29.4328,6233337
7.70933,-3.00472,5.18823,1.70641,-1.36992,-0.248106,35.1246,-25.8762,29.4328,6294423
9.07881,-2.8898,4.80995,1.75278,-1.7475,-0.371212,25.8908,-31.1607,27.856,6351977
9.09078,-2.20027,3.19626,1.75224,-1.46438,-0.744792,25.8908,-31.1607,27.856,6412501
9.58398,-0.490811,2.58334,1.5901,-0.855515,-0.540815,16.2949,-39.7254,21.3738,6485571
9.65342,-0.181959,2.39899,1.18748,-0.65407,-0.625284,16.2949,-39.7254,21.3738,6544996
9.43315,-0.0646434,1.72143,1.13845,-0.64954,-0.55214,9.23379,-42.0943,15.9428,6603901
9.59835,0.447716,1.36709,0.982967,-0.464215,-0.622486,9.23379,-42.0943,15.9428,6662174
9.12669,0.679953,1.05584,0.872651,-0.586921,-0.354425,3.44004,-42.0943,11.7381,6723123
9.54568,0.90022,0.452504,0.579942,-0.994076,-0.250904,3.44004,-42.0943,11.7381,6785883
10.3597,1.89621,-1.38864,0.339194,-0.925328,-0.182024,0.724219,-43.7344,5.60625,6862502
9.14106,1.33357,-0.19393,0.361843,-0.122611,-0.252236,0.724219,-43.7344,5.60625,6922610
9.40921,0.0263362,-0.804451,0.747813,-0.404261,0.186094,-0.724219,-43.3699,2.45273,6980189
10.24,0.873883,-1.07021,0.509063,-0.239055,-0.248373,-0.724219,-43.3699,2.45273,7039719
10.1442,0.215478,-1.86987,0.599661,0.129463,-0.366149,-0.905273,-42.8232,-1.92715,7101886
9.50977,1.35751,-2.99275,-0.0453115,0.41964,0.171705,-0.905273,-42.8232,-1.92715,7159470
9.85453,0.287304,-1.57778,-0.201459,0.426169,0.242451,-2.53477,-43.3699,-0.700781,7267571
10.3142,0.950498,0.112527,-0.168817,0.0503235,-0.013353,-0.181055,-42.0943,2.62793,7324928
10.24,1.48201,0.21069,-0.0338537,-0.342842,-0.100753,-0.181055,-42.0943,2.62793,7392178
10.3669,1.17316,-0.0167594,0.298292,-0.192823,-0.00562556,-2.17266,-43.0055,-0.350391,7450024
9.61511,1.18513,-1.36469,0.20463,-0.100228,0.0256838,-2.17266,-43.0055,-0.350391,7509982
9.55286,1.12767,-1.57778,-0.0289241,0.156509,0.0956301,-2.53477,-41.1832,-1.40156,7571435
9.68933,1.09415,-0.811634,-0.161622,0.537283,0.203281,-2.53477,-41.1832,-1.40156,7641105
10.3286,0.981623,0.40462,-0.0983376,0.0613817,0.0398063,-1.81055,-42.641,2.45273,7701890
10.3214,0.593762,-0.0143652,0.164661,-0.404528,0.0933652,-1.81055,-42.641,2.45273,7761223
10.0796,1.08457,-0.746991,-0.024261,0.28521,0.10509,-0.543164,-41.3654,-0.875976,7819619
10.5321,0.984017,-0.881066,-0.12152,1.15934,0.573131,-0.543164,-41.3654,-0.875976,7877068
10.1107,1.82678,-0.198719,-0.627399,1.33654,0.229661,0.0,-42.2765,7.3582,7936108
8.76756,0.0861912,1.20189,-0.132178,-0.123543,-0.438893,0.0,-42.2765,7.3582,8009649
9.57441,0.260968,2.6408,0.547168,-0.210943,-0.0342703,0.181055,-42.0943,9.28535,8070129
9.66778,1.04148,-0.141258,0.144143,0.155576,0.120944,0.181055,-42.0943,9.28535,8128593
10.6853,0.430956,0.167594,-0.229171,0.93791,0.229394,0.724219,-43.0055,9.46054,8187166
9.69891,1.45328,-0.0023942,-0.786077,1.06848,-0.235449,0.724219,-43.0055,9.46054,8245132
10.5824,0.861912,1.76692,-0.539066,0.392594,-0.344566,1.62949,-39.9076,16.2932,8319387
9.88805,0.31364,3.52905,0.0683347,-0.041606,-0.342301,1.62949,-39.9076,16.2932,8380911
8.85376,1.16837,3.32555,0.392353,-0.561341,-0.0651799,-1.26738,-37.7209,15.9428,8441071
9.09078,0.804451,2.05662,1.09675,-1.70966,0.168774,-1.26738,-37.7209,15.9428,8502387
10.4507,2.50194,-0.282516,0.531313,-1.50249,0.228062,-2.89687,-41.1832,7.00781,8560181
10.6159,1.4844,-0.725443,0.250595,-0.358963,0.022353,-2.89687,-41.1832,7.00781,8617820
10.0437,1.46765,-1.25456,0.384093,-0.223733,0.0194219,-1.81055,-42.2765,0.700781,8726909
9.53371,0.83797,-1.34794,0.1572,-0.530698,0.234324,-0.362109,-43.0055,-1.75195,8786115
9.8689,1.18513,-1.46525,-0.00187817,-0.46315,0.00556585,-0.362109,-43.0055,-1.75195,8846019
9.73243,1.38624,-1.86748,0.0975123,-0.112751,0.0548614,-1.08633,-44.4633,-4.90547,8904696
9.52892,1.14203,-2.6025,-0.0152013,-0.318061,0.0924326,-1.08633,-44.4633,-4.90547,8962283
9.67496,0.962469,-2.32477,-0.0850144,0.123467,0.121477,-1.08633,-44.4633,-4.90547,9024127
9.94551,1.01035,-2.21464,-0.182806,0.33717,0.216871,-0.905273,-43.9166,-4.73027,9094415
10.1634,0.55306,-1.92973,-0.209053,0.418441,0.197286,0.724219,-43.3699,-2.80312,9153713
9.98861,1.1564,-1.45807,-0.287526,0.948169,0.243517,0.724219,-43.3699,-2.80312,9212379
10.3094,0.806846,0.746991,-0.174546,0.46334,-0.244243,0.724219,-43.3699,-2.80312,9271100
10.4794,1.62327,0.493205,0.546102,-0.525635,0.223799,0.543164,-42.4588,2.62793,9336181
10.0485,0.52433,-1.27611,0.800706,-0.728546,0.278823,0.543164,-42.4588,2.62793,9394998
9.28232,0.220267,-2.0231,0.175852,0.140654,0.167309,3.07793,-45.01,-0.175195,9466625
10.5465,-0.225055,-1.33357,0.00504985,0.955096,0.416451,3.9832,-43.3699,-1.05117,9527964
10.568,-0.600945,-1.03908,-0.570509,2.20374,0.149322,3.9832,-43.3699,-1.05117,9585511
10.8625,-0.926556,0.100556,-1.07226,2.91186,0.963498,3.9832,-43.3699,-1.05117,9645766
10.003,1.41976,2.87304,-1.21082,3.46331,-0.332975,3.9832,-43.3699,-1.05117,9709909
9.20091,-1.19949,5.06613,-0.252619,1.58834,-0.459411,8.69062,-30.9785,31.1848,9767470
8.99262,0.521936,8.82742,0.0772612,1.62125,-1.63424,8.69062,-30.9785,31.1848,9840807
7.0605,0.23942,5.21218,1.04425,-0.0493334,-0.356157,2.89687,-25.5117,35.3894,9899308
6.36618,1.92015,6.66785,1.45114,-0.69204,-0.306994,2.89687,-25.5117,35.3894,9956680
5.9041,1.95367,5.64313,0.22688,0.401921,-0.182956,-2.71582,-27.1517,31.36,10018973
8.35097,1.1133,1.98,1.09648,-2.23486,0.814812,-2.71582,-27.1517,31.36,10077531
9.06684,4.59447,2.48279,0.865324,-2.09563,-0.161906,-2.71582,-27.1517,31.36,10135044
10.9678,-0.579397,5.07331,0.890238,-0.851252,1.23462,-2.71582,-27.1517,31.36,10242262
9.85932,-0.560243,-0.0143652,1.16549,-1.50821,0.646408,-3.62109,-37.5387,15.7676,10302851
9.48582,1.13485,0.651223,0.728229,-1.17367,0.270696,-3.62109,-37.5387,15.7676,10362023
9.65821,1.39103,0.134075,0.205563,-1.45506,0.939117,-2.71582,-40.6365,6.48223,10420504
9.81862,0.160411,-3.02388,-1.10636,-1.82597,1.53826,-2.71582,-40.6365,6.48223,10478107
11.2025,-0.0454898,-1.21865,0.117231,-1.07455,0.61803,5.9748,-45.3744,-1.57676,10536462
12.5025,-0.102951,-1.97761,0.49654,-0.52297,-0.555604,5.9748,-45.3744,-1.57676,10613064
10.9295,0.921767,-6.21056,-0.249022,0.339568,0.0116945,5.25058,-43.9166,-7.88379,10671092
9.2895,-0.134075,-2.28167,0.275509,0.559533,0.0583254,5.25058,-43.9166,-7.88379,10735371
11.0899,-4.32632,-3.71101,0.507731,0.348894,-0.6907,2.89687,-45.1922,-4.55508,10793088
8.27915,-0.701501,-0.550666,0.111901,0.545677,0.415252,2.89687,-45.1922,-4.55508,10850847
13.0268,1.26174,-0.586579,0.139613,-0.381212,-0.102884,2.71582,-44.6455,-0.875976,10913244
8.47547,0.265756,-2.82276,-0.0751553,-0.542822,0.181165,2.71582,-44.6455,-0.875976,10986360
11.6693,0.768538,-1.97043,0.416734,-0.181898,-0.693232,1.44844,-43.3699,-3.8543,11046930
9.02614,-0.373495,-0.505176,0.247664,0.362617,-0.432631,1.44844,-43.3699,-3.8543,11108250
10.1083,1.3216,-0.64404,0.475223,0.114807,-0.269157,-1.26738,-42.8232,-4.02949,11166089
9.7851,1.00796,-1.6927,-0.315105,-0.862576,0.632685,-1.26738,-42.8232,-4.02949,11223661
10.0341,0.395043,-1.92254,-0.0197311,-0.813414,0.556876,-1.08633,-43.0055,-5.60625,11300896
9.1674,-0.184353,-3.95043,0.0263669,-0.205081,0.000769541,-1.08633,-43.0055,-5.60625,11360077
10.3358,0.229843,-1.37427,-0.151364,0.405118,-0.360287,-0.905273,-45.01,-11.3877,11417732
10.5297,2.45166,0.117316,-0.575039,2.00656,0.0167573,-0.905273,-45.01,-11.3877,11476621
8.65743,-1.2809,-0.943315,-0.0618322,1.14748,0.207678,-1.81055,-43.3699,-3.8543,11535371
7.86974,0.739808,-0.0191536,-0.3648,1.09659,0.589118,-1.81055,-43.3699,-3.8543,11592772
11.0157,-0.354342,1.76931,0.302688,0.917659,0.213273,0.905273,-42.4588,6.48223,11701273
9.991,0.258574,1.80523,0.348786,-0.460218,0.149189,1.08633,-41.5476,7.3582,11758789
11.473,-0.0215478,2.26491,-0.175745,-0.599978,0.138264,1.08633,-41.5476,7.3582,11819263
10.884,1.09415,-1.22344,0.00171906,-0.0356106,-0.220927,2.89687,-42.2765,3.8543,11880434
11.8968,0.035913,-1.15879,-0.421023,0.231118,-0.202808,2.89687,-42.2765,3.8543,11942342
8.53772,-0.770933,0.612916,-0.836971,0.695962,0.132802,0.362109,-41.9121,6.65742,12000982
8.65025,1.79086,2.39899,0.249396,0.187152,-0.230786,0.362109,-41.9121,6.65742,12074670
11.6645,3.59848,3.50511,0.0619396,0.149181,0.205812,-0.905273,-41.3654,8.23418,12135756
10.2113,-1.09176,-0.229843,-0.112327,0.444155,0.0740467,-0.905273,-41.3654,8.23418,12193449
11.3605,2.1069,-0.162806,-0.0770206,0.616956,-0.448752,0.724219,-40.0898,10.5117,12256518
10.4651,1.78368,2.03268,0.140146,0.891146,-0.817003,0.724219,-40.0898,10.5117,12315072
11.9088,1.0726,4.92248,0.246465,1.78539,-0.601036,-2.35371,-39.5432,15.242,12372310
12.232,-0.0742202,4.35266,-0.768491,3.3867,0.0940314,-2.35371,-39.5432,15.242,12446544
9.08599,1.15401,4.70939,-0.0975381,2.89841,-0.754784,-3.44004,-30.4318,29.2576,12504392
5.34864,1.45807,2.35589,-0.822316,2.40545,-0.324581,-3.44004,-30.4318,29.2576,12567341
7.16824,0.845153,9.27514,-0.39118,1.95353,-1.13836,-3.07793,-17.676,38.7182,12628637
5.75566,2.2697,5.18584,-1.64369,2.25796,-0.396792,-3.07793,-17.676,38.7182,12686338
4.01268,-1.8172,9.28711,-1.72496,0.654127,0.0347435,0.905273,-3.09785,47.4779,12743937
3.35906,0.670376,9.06684,-1.74827,1.36158,0.118946,0.905273,-3.09785,47.4779,12819256
3.92888,1.37188,10.4914,-1.87897,2.76917,-0.200543,15.2086,6.56015,49.0547,12881230
1.4437,-2.33674,4.56813,-3.07739,3.254,-0.663255,15.2086,6.56015,49.0547,12941725
-0.780509,-5.80833,8.37731,-2.60055,3.04416,0.881561,29.693,25.8762,44.1492,13001362
-3.0957,-6.64391,5.60004,-1.54936,2.16483,-0.0257435,29.693,25.8762,44.1492,13059388
-5.67904,-6.25126,5.12598,-0.330426,0.549541,-0.36908,40.7373,37.3564,32.0607,13121774
-2.79403,-8.60955,7.8051,-0.882137,0.415244,0.474806,43.6342,38.0853,29.608,13228118
-3.17471,-5.7796,5.30794,-0.468054,-0.409857,-0.442491,43.6342,38.0853,29.608,13287522
-0.349553,-7.52019,8.84896,-0.514419,-1.03831,0.837994,47.0742,36.0808,29.4328,13345849
-3.10049,-5.99029,6.16507,-0.105399,0.230319,-0.307261,47.0742,36.0808,29.4328,13403930
-0.373495,-5.38456,8.03254,-0.0871461,0.574455,-0.328311,47.7984,37.9031,27.6809,13463373
-2.58813,-8.28154,6.36857,0.0880529,0.732867,0.203681,47.7984,37.9031,27.6809,13539893
-3.30639,-4.44364,4.47716,0.0720651,0.586845,-0.675778,48.1605,37.1742,28.0312,13598399
-6.27041,-5.39174,-2.80361,0.0471509,-0.39307,0.322256,48.1605,37.1742,28.0312,13661578
-0.845153,-8.51138,7.26401,0.498538,-0.0394743,0.139064,46.7121,37.5387,26.6297,13719630
-2.47321,-6.53856,3.62243,-1.12195,-2.28922,0.627489,46.7121,37.5387,26.6297,13777113
-3.69186,-8.13071,7.30471,-1.10583,-2.80735,0.944712,49.9711,34.9875,29.4328,13839791
-0.981623,-7.58722,7.05811,-0.00307727,-0.688443,1.10819,49.9711,34.9875,29.4328,13912525
-1.81241,-7.73566,6.63194,0.0775276,0.435628,0.440299,49.609,31.343,30.484,13970694
-2.96642,-6.79714,4.5394,-0.916643,-0.913604,0.0953637,49.609,31.343,30.484,14029291
-1.78847,-8.97586,7.02459,-0.798468,-0.650472,0.294278,50.6953,30.9785,29.4328,14087850
-2.20985,-6.99825,6.12676,3.60549,2.22186,-0.380005,50.6953,30.9785,29.4328,14145555
-2.11408,-9.06205,7.09162,-0.964074,-0.134202,1.05103,44.5394,35.3519,32.2359,14207842
-2.6432,-7.08684,6.21295,-0.424221,0.448152,-0.249972,44.5394,35.3519,32.2359,14278738
-0.634463,-6.34703,7.01262,0.336929,1.37904,-0.401455,44.3584,37.7209,28.2064,14336849
-1.71425,-6.46195,5.17866,-0.172414,0.664919,-0.268091,44.3584,37.7209,28.2064,14395718
-3.44047,-7.15627,4.94403,-0.0433131,0.77257,-0.124335,45.8068,40.2721,26.4545,14455398
-4.20901,-7.98945,6.11479,0.0254343,0.287741,-0.087696,45.8068,40.2721,26.4545,14520974
-4.42209,-7.82664,5.90649,-0.0589011,-0.00070403,0.0628553,47.0742,40.0898,24.8777,14579869
-3.61524,-8.61912,5.02064,0.00891355,-0.336447,0.00210185,47.0742,40.0898,24.8777,14686325
-3.69425,-7.762,5.85622,0.310549,0.0539208,0.116015,46.8932,40.6365,25.4033,14743893
-2.88262,-7.67341,7.32386,0.20423,1.06568,-0.523762,46.8932,40.6365,25.4033,14804859
-3.62243,-7.91762,4.60644,0.254459,-0.0971634,0.232459,47.2553,41.001,22.6002,14863783
-4.72136,-7.97269,4.69024,0.489745,-1.01659,0.195953,47.2553,41.001,22.6002,14922215
-3.55539,-8.11874,4.60165,0.493076,-2.29774,0.246848,44.9016,40.4543,26.9801,14979963
0.0454898,-4.51307,6.86657,0.262852,0.699959,-0.463541,44.9016,40.4543,26.9801,15054790
-3.40216,-5.73651,6.13873,-0.0926086,-0.923063,-0.00682464,43.6342,35.8986,29.9584,15113163
0.167594,-8.65743,6.41885,0.262452,0.367813,0.885424,43.6342,35.8986,29.9584,15176181
-4.38139,-4.09648,6.75165,-0.280998,-0.825005,0.175169,43.4531,37.1742,31.8855,15237908
-1.84353,-7.27119,8.74602,0.0314296,-0.233326,0.161713,43.4531,37.1742,31.8855,15295627
-3.33273,-5.54497,5.59285,-0.46459,-1.14569,0.237388,42.1857,34.8053,34.1631,15353345
-1.09415,-7.93199,6.94797,-0.260613,0.0363342,-0.150981,42.1857,34.8053,34.1631,15425392
-0.368707,-6.48829,9.82341,-1.11742,1.14109,-1.60347,44.1773,31.343,35.039,15482837
-2.13802,-7.62553,6.45955,-1.43265,0.0376666,-1.62652,44.1773,31.343,35.039,15545594
-1.3623,-9.54568,7.57046,0.729827,-1.99957,-0.594507,53.5922,27.6984,27.6809,15604005
1.86508,-8.80108,7.53695,0.219019,-0.0342783,1.32042,53.5922,27.6984,27.6809,15661855
0.0167594,-12.232,1.76692,0.224082,0.883685,1.45272,51.4195,23.6894,29.0824,15724169
-1.37906,-8.73404,5.39413,0.00225198,-0.221335,-0.0454617,51.4195,23.6894,29.0824,15794191
0.198719,-7.85537,6.23689,0.411005,0.307859,0.545285,53.2301,28.4273,28.3816,15857247
-0.952892,-7.8434,5.26724,0.331866,-0.268232,0.0207542,53.2301,28.4273,28.3816,15919058
-1.34075,-8.35097,5.15232,0.0668691,-0.132603,0.211541,50.6953,29.8851,30.8344,15977084
-4.2928,-5.18344,4.22577,-0.605682,-1.25587,-0.1699,50.6953,29.8851,30.8344,16034516
-1.42694,-8.33661,5.70299,0.141745,-0.184696,0.508247,49.0658,25.6939,31.7103,16093258
-1.84353,-8.88727,6.41646,0.320675,-0.286885,0.154385,50.3332,28.4273,30.8344,16201482
0.280121,-7.23288,4.9967,-0.264876,0.0784353,-0.232252,50.3332,28.4273,30.8344,16261341
-1.46765,-8.71729,5.06613,0.450975,0.143452,0.2214,50.6953,27.6984,31.1848,16322445
-1.5706,-6.83305,5.63595,3.45054,-2.32545,0.300406,50.6953,27.6984,31.1848,16379948
-0.629675,-9.4954,1.41976,-0.08648,-0.206546,0.0861707,51.9627,26.0584,30.3088,16442232
-3.35428,-7.46272,8.916,0.482284,-0.340444,-0.251304,51.9627,26.0584,30.3088,16503469
-0.177171,-8.7963,5.70299,1.07689,-0.683514,0.301206,50.1521,24.2361,32.7615,16575509
0.83797,-6.45477,6.6894,0.569151,0.50251,-0.257033,50.1521,24.2361,32.7615,16637605
3.55299,-11.1259,14.0851,1.15417,1.00892,0.828668,44.5394,25.5117,37.1414,16695243
0.234632,-3.4285,11.2695,-1.20029,-0.248114,-1.15261,44.5394,25.5117,37.1414,16752664
-1.5275,-6.92163,6.87375,0.230477,-0.0693181,0.0172902,45.4447,21.3205,36.2654,16814745
0.804451,-7.50582,7.49864,0.114299,0.460409,0.0287481,45.4447,21.3205,36.2654,16872627
-1.93691,-5.9041,6.22492,-0.227972,0.11081,-0.200676,44.9016,24.4184,37.4918,16942229
0.306458,-7.03416,6.34224,0.513327,-0.0569276,0.495191,44.9016,24.4184,37.4918,17000625
-4.4173,-9.26795,9.23204,0.443647,-0.868972,0.337844,45.0826,26.0584,35.5646,17059210
1.29287,-7.24006,8.38449,-0.0234616,0.196078,0.122543,45.0826,26.0584,35.5646,17120415
0.0143652,-7.04374,6.90727,-0.001212,0.168766,0.0354096,45.4447,22.7783,37.3166,17179070
0.76375,-8.00142,9.15782,0.796443,0.977612,0.6127,45.4447,22.7783,37.3166,17250204
-1.92015,-6.42364,7.57525,-0.730253,-0.357231,-0.344166,43.8152,26.2406,37.1414,17312451
-0.873883,-7.10599,6.34703,-0.1479,-0.0284161,0.57766,43.8152,26.2406,37.1414,17369842
-1.01754,-7.29034,7.25204,-0.197728,0.209934,0.143327,44.9016,24.7828,36.4406,17427495
-0.670376,-8.59758,7.59441,0.12669,0.75072,0.563804,44.9016,24.7828,36.4406,17489710
-1.01275,-5.61679,6.89769,-0.25102,-0.0751803,-0.133128,44.5394,28.0629,34.3383,17548215
-0.505176,-8.65743,2.86825,-0.19986,0.380204,0.217537,44.5394,28.0629,34.3383,17652676
-1.38385,-6.79235,5.43962,0.179716,0.263627,-0.0332044,46.7121,28.0629,32.2359,17711823
-2.28167,-7.1826,6.24647,-0.00933912,0.238313,-0.0671784,44.7205,31.5252,33.1119,17769113
-0.732625,-6.57448,8.16662,-0.331625,0.405651,-0.173497,44.7205,31.5252,33.1119,17831142
-2.94966,-7.87213,5.67904,-0.207454,0.0429958,-0.0984877,46.35,32.0719,30.8344,17889737
-1.62806,-6.99346,5.68623,-0.541065,0.504242,-0.0441294,46.35,32.0719,30.8344,17947098
-2.47082,-8.15944,5.78678,0.0073148,-0.478737,-0.226923,47.7984,30.2496,31.8855,18023058
-1.24259,-8.14268,4.86741,0.384892,-0.233725,0.860377,47.7984,30.2496,31.8855,18080674
-3.03345,-8.20493,7.61356,0.72996,-0.837929,0.604706,44.9016,33.5297,33.6375,18143754
-1.67833,-6.40209,8.2169,-0.04731,-0.546552,0.112284,44.9016,33.5297,33.6375,18205748
-0.399832,-6.57208,13.9821,-0.199194,-0.642745,-0.20827,45.0826,28.6096,35.2143,18263460
0.399832,-6.32787,8.93037,-0.262878,0.16397,-0.247307,45.0826,28.6096,35.2143,18320771
-3.60567,-7.52976,5.74608,0.655351,0.0503235,0.0639211,44.5394,26.6051,35.039,18395557
-1.57299,-7.93917,6.77798,-0.183073,-0.804355,0.459618,44.5394,26.6051,35.039,18453307
-0.198719,-5.57609,7.05571,-0.65591,0.241777,0.0239518,47.0742,26.6051,35.3894,18516631
-1.67833,-8.60955,7.18979,-0.058235,0.0721734,0.884226,47.0742,26.6051,35.3894,18577961
-1.16598,-8.08522,7.63271,-0.0359853,-0.894419,0.618296,46.8932,25.6939,33.1119,18635485
1.53229,-6.08366,7.12993,-0.290457,0.331841,0.267365,46.8932,25.6939,33.1119,18695316
-1.75016,-7.21133,5.89692,0.163062,0.178092,0.526233,46.8932,28.6096,34.5135,18765851
-1.07978,-6.54335,5.66468,-0.0987373,0.0589835,0.468544,46.8932,28.6096,34.5135,18826464
-2.4349,-7.83143,4.51067,-0.15163,-0.466347,0.624824,46.35,30.2496,33.2871,18884897
-7.86016,1.84353,9.07881,-0.277933,-0.323257,-0.444756,46.35,30.2496,33.2871,18943528
-2.64799,-9.13627,5.59525,-0.309642,0.213665,0.302272,48.7037,29.7029,33.4623,19001469
-1.51792,-8.8346,2.56658,0.0707328,0.40765,0.583523,48.7037,29.7029,33.4623,19063789
-1.86748,-7.91523,3.95761,0.142145,0.084031,0.877431,46.35,32.4363,29.0824,19166904
-2.75094,-7.70693,6.37097,0.417001,0.199409,0.86091,46.35,32.4363,29.0824,19229310
-3.33033,-7.87213,6.41646,0.188243,-0.0044345,1.16521,40.9184,37.5387,31.1848,19287296
-3.93367,-5.71017,5.45638,-0.428884,-0.498589,0.536892,40.9184,37.5387,31.1848,19344964
-3.55778,-5.20978,4.53462,-0.217313,-0.548151,0.188226,39.4699,37.1742,31.5351,19405111
-3.31118,-6.40449,6.66067,-0.0338537,-0.565338,0.385408,39.4699,37.1742,31.5351,19466118
-3.35667,-8.11395,5.94241,0.0916501,-0.57533,0.623625,40.0131,35.5342,32.7615,19537625
-4.13718,-7.87932,4.94642,0.249396,-0.670723,0.383143,40.0131,35.5342,32.7615,19596015
-3.62243,-7.19457,7.29274,0.0348937,-0.672989,0.247913,36.9352,32.4363,35.7398,19655341
-3.81636,-5.63116,8.1738,-0.00294402,-0.572532,0.113883,36.9352,32.4363,35.7398,19715100
-4.54659,-6.49786,7.44357,-0.146567,-0.595315,0.227396,36.392,31.5252,37.667,19773781
-4.12521,-5.48512,8.10916,0.00651538,-0.750662,-0.0309395,36.392,31.5252,37.667,19839367
-4.69982,-6.16746,5.92086,-0.0179991,-0.635284,0.279622,37.4783,27.8807,38.3678,19909415
-3.85466,-5.84185,7.16105,-0.223442,-0.871236,-0.0356026,37.4783,27.8807,38.3678,19969922
-2.20745,-7.65665,7.16345,-0.0726239,-0.498722,0.292546,37.8404,22.7783,39.7693,20031579
-2.45645,-5.0781,7.35499,-0.371728,-0.67512,-0.207871,37.8404,22.7783,39.7693,20089250
-1.78847,-5.9855,7.45315,-0.0612993,-0.405061,0.211008,39.832,19.6805,39.9445,20150138
-2.70305,-7.08684,7.31907,-0.360403,-0.77984,0.0808415,39.832,19.6805,39.9445,20224892
0.186748,-5.7796,9.84496,-0.348413,-0.24958,-0.451417,40.0131,14.3959,39.7693,20284140
0.21069,-6.77559,7.07008,-0.300982,-0.234525,-0.541481,40.0131,14.3959,39.7693,20341879
0.907402,-7.5968,5.81791,-0.116057,-0.0218878,-0.486723,42.3668,12.7559,38.543,20401214
-0.184353,-8.13549,4.98473,-0.503227,-2.04434,-1.35379,42.3668,12.7559,38.543,20462784
-0.773327,-9.60793,12.3517,-0.511887,-0.383877,-0.667119,44.3584,4.19121,36.9662,20520673
0.174777,-6.16267,6.06212,-0.258348,0.321982,-0.168434,44.5394,2.91562,34.6887,20626725
0.325611,-7.57286,6.13394,-0.253152,0.112942,-0.291007,44.5394,2.91562,34.6887,20684823
-0.31364,-8.07803,5.48512,-0.108596,0.462141,-0.159774,46.35,2.91562,36.0902,20750987
0.26815,-8.33661,4.19225,-0.0959394,0.451216,0.0103622,46.35,2.91562,36.0902,20809121
1.81002,-9.17697,6.13634,-0.409565,0.862767,0.192756,47.0742,4.73789,34.6887,20867839
1.2378,-8.31746,5.75327,0.0328952,0.417509,-0.269157,47.0742,4.73789,34.6887,20931301
1.58496,-8.42759,6.77559,0.0230361,-0.0286826,0.667725,47.4363,4.37344,33.2871,21001847
-0.0407014,-8.11874,4.72136,0.189442,-0.280889,-0.2132,47.4363,4.37344,33.2871,21062472
1.71185,-9.93114,8.30069,0.359978,-0.562273,-0.0529226,47.4363,7.65351,34.3383,21121727
0.366313,-7.67102,4.72615,-0.317503,-0.860445,-0.91746,47.4363,7.65351,34.3383,21180222
12.481,-19.6133,-19.6133,0.930341,-1.78081,1.965,45.0826,0.182227,32.7615,21237721
0.0742202,-6.71334,6.05972,-0.993918,-2.33598,-0.781164,45.0826,0.182227,32.7615,21299556
3.25851,-9.98382,6.98867,0.509863,-1.40776,-0.358422,46.7121,-9.11132,28.732,21369286
3.55539,-6.66785,6.07169,-0.398507,0.69836,-0.211335,46.7121,-9.11132,28.732,21432436
1.43891,-9.56483,4.20182,-0.132978,-1.12144,-0.344166,48.7037,-13.667,23.6514,21494293
6.58166,-5.9041,5.37977,-0.645118,-0.977288,-0.478463,48.7037,-13.667,23.6514,21551736
4.92487,-8.07564,2.65996,-0.365866,-0.813947,0.0382075,49.0658,-19.4982,18.0451,21611805
7.12754,-7.79552,2.66953,-0.521613,0.366614,-0.0248109,49.0658,-19.4982,18.0451,21673917
5.40371,-8.57603,1.91297,0.183846,0.138922,-0.193615,49.9711,-19.6805,14.7164,21746269
4.78601,-7.81707,0.505176,0.324538,1.3901,0.0779104,49.9711,-19.6805,14.7164,21806713
2.88741,-8.16423,3.57694,-0.615141,-0.738672,-0.493784,49.4279,-18.4049,17.3443,21868808
4.1276,-6.41646,3.64158,-0.580901,-0.909074,-0.13859,49.4279,-18.4049,17.3443,21926734
6.25126,-9.97903,-0.31364,0.419932,0.0808335,0.208077,50.6953,-21.1383,12.9645,21984193
4.46279,-7.05092,2.87304,-0.416494,-0.286751,-0.216131,50.6953,-21.1383,12.9645,22043548
4.44364,-9.42358,3.11725,0.102575,-0.725082,0.039673,50.8764,-22.0494,12.4389,22149158
6.07648,-3.53623,3.41174,-0.440742,-0.797027,-0.686171,48.8847,-24.4184,8.75976,22207749
6.02142,-7.15387,1.81002,0.931806,0.190616,0.667858,48.8847,-24.4184,8.75976,22267410
1.59454,-3.80439,-2.11408,0.0945812,-0.64461,-0.73853,48.1605,-22.5961,9.46054,22328901
6.57448,-10.5177,4.91529,0.729161,0.955629,1.43274,48.1605,-22.5961,9.46054,22389977
5.62398,-4.97276,1.69749,1.18588,0.720609,-0.411448,47.9795,-18.7693,16.2932,22447737
5.42286,-9.18176,3.58173,0.598595,1.14002,0.45149,47.9795,-18.7693,16.2932,22523448
6.34224,-8.26717,5.00867,0.137482,1.76221,0.550215,46.7121,-14.5781,22.0746,22581005
2.69108,-7.5968,6.91206,0.733291,2.08783,1.11951,46.7121,-14.5781,22.0746,22638617
1.98719,-8.63349,5.861,1.36494,2.1623,0.805752,48.7037,-3.82676,30.3088,22700067
11.5855,-4.32871,19.6127,1.38959,1.32241,0.57353,48.7037,-3.82676,30.3088,22758737
0.677559,-7.5561,8.96389,0.561823,0.720343,0.135599,42.5478,2.00449,34.8639,22816229
0.766144,-5.66947,5.45638,-0.504293,0.199276,-0.0770375,42.5478,2.00449,34.8639,22891219
0.411803,-7.10359,6.95994,0.00171906,0.31612,-0.0264096,42.5478,5.64902,36.2654,22948871
-0.229843,-6.8115,6.08127,-0.046777,0.310524,-0.0975551,42.5478,5.64902,36.2654,23009829
0.395043,-7.07486,6.57687,-0.0156009,0.33797,-0.0809012,42.3668,7.28906,37.4918,23069098
0.562637,-7.0605,6.43322,0.089252,0.113209,-0.281547,42.3668,7.28906,37.4918,23127765
0.414197,-11.5353,6.33027,0.613916,-0.151388,0.230194,42.3668,5.83125,36.0902,23197672
-1.0726,-7.06289,8.70053,0.464165,-0.558943,0.38301,42.3668,5.83125,36.0902,23259794
-1.40061,-3.64397,-0.0191536,0.392753,-0.533762,-0.00802372,38.9267,6.37793,38.7182,23317489
-1.56102,-3.00712,4.67827,-0.143636,0.366747,-0.24744,38.9267,6.37793,38.7182,23378039
-2.41096,-4.76207,6.7708,-0.27367,0.183155,-0.13073,35.6678,12.5736,39.7693,23436441
-1.35991,-6.62475,8.55209,-0.338287,-0.109287,0.0885689,35.6678,12.5736,39.7693,23498330
-0.916979,-5.94001,6.36139,-0.500296,0.160106,-0.195746,39.651,11.8447,38.7182,23603805
-1.06542,-5.95917,5.81791,-0.223974,0.509438,-0.324981,39.651,11.8447,38.7182,23667922
-2.57377,-8.0517,10.58,-0.160956,0.936045,0.597112,37.2973,14.9426,38.543,23726709
-8.11155,-5.51385,7.76679,-0.278866,-0.360162,0.241785,37.2973,14.9426,38.543,23788703
0.292093,-12.0021,19.1177,0.624442,0.739928,0.584855,40.1941,14.2137,37.8422,23847073
-1.71664,-4.31914,3.77565,-0.160423,-0.569601,-0.0586516,40.1941,14.2137,37.8422,23904559
-0.584185,-7.33823,8.68856,0.357979,0.201807,0.189158,38.9267,12.9381,36.9662,23982250
-1.72622,-7.61356,7.29034,0.322273,-0.024286,0.0733805,38.9267,12.9381,36.9662,24039948
-0.658405,-6.08606,7.62074,0.0795261,0.146516,0.287217,37.2973,14.2137,38.543,24097290
-0.596156,-6.21056,7.1443,-0.170949,-0.329918,0.120145,37.2973,14.2137,38.543,24155775
-0.823605,-7.43878,6.72292,-0.62953,-0.487398,-0.0370681,40.3752,13.3025,38.7182,24214235
-0.744596,-8.42759,8.10437,-0.140305,-0.641812,0.00396709,40.3752,13.3025,38.7182,24272094
1.69988,-6.94797,7.63989,-0.757032,-0.0538633,-0.169367,40.5562,10.9336,38.543,24347567
0.251391,-7.40526,6.62236,-0.424754,-0.0366765,-0.0170834,40.5562,10.9336,38.543,24405343
-1.31681,-8.77475,6.27281,0.692656,-0.263169,-0.0746393,42.3668,9.84023,36.0902,24462493
0.155623,-8.77953,5.69341,0.615649,1.20904,0.362625,42.3668,9.84023,36.0902,24521653
-1.23062,-7.09402,7.09641,-0.2337,-0.512178,0.188759,42.5478,10.3869,38.0174,24580416
0.486023,-8.6311,8.38689,-0.271138,-0.616765,0.218469,42.5478,10.3869,38.0174,24637987
4.08451,-7.28795,4.98712,-0.847363,-0.30114,-0.307527,43.9963,8.56464,34.8639,24710903
-0.215478,-8.10916,4.90332,-1.15406,-0.627424,-0.322316,43.9963,8.56464,34.8639,24768550
3.69904,-6.51462,9.62708,-0.796602,-0.164578,-0.124867,47.6174,5.28457,31.7103,24828441
1.81002,-7.17303,4.0869,-0.165219,0.174895,0.013693,47.6174,5.28457,31.7103,24887065
0.265756,-8.36294,6.38773,0.0154419,0.257631,-0.0895612,49.0658,4.55566,31.36,24946303
0.414197,-8.02776,4.20661,0.0131769,0.162637,-0.2557,49.0658,4.55566,31.36,25007675
1.17795,-8.1331,5.08768,0.597529,-0.0509322,-0.237448,48.1605,2.91562,28.732,25114113
3.56497,-4.16112,4.88656,-0.448069,-0.762387,-0.528291,48.1605,1.09336,33.2871,25173564
3.00712,-11.4563,8.03973,0.391687,-0.481935,-0.32538,48.1605,1.09336,33.2871,25232112
4.3766,-4.70461,4.61123,-1.31354,0.0475257,0.248713,47.9795,-0.911133,31.7103,25289652
1.6089,-9.43315,4.34787,-1.11023,0.358887,0.651204,47.9795,-0.911133,31.7103,25355951
0.378284,-7.89129,4.15633,-0.205455,0.282412,-0.170566,52.1437,0.0,26.6297,25413704
1.98719,-8.36773,4.08211,-0.742777,0.319051,-0.229587,52.1437,0.0,26.6297,25485697
3.27766,-12.2008,4.44364,-0.531739,0.592441,0.193821,54.3164,0.0,23.8266,25548045
5.18823,-16.2662,6.39012,2.31994,-0.670457,-0.946771,54.3164,0.0,23.8266,25605980
3.70622,-4.68066,1.47483,0.719835,0.0860295,-0.526026,48.1605,-6.56015,28.0312,25666521
3.14359,-6.03339,3.45244,0.946861,0.444022,0.591916,48.1605,-6.56015,28.0312,25725952
3.72538,-4.32632,4.43167,-0.663371,1.35985,1.19705,46.8932,-3.82676,30.6592,25784545
1.84832,-8.3797,5.95677,-0.811258,1.31442,1.24875,46.8932,-3.82676,30.6592,25854278
0.323217,-8.76517,5.85861,0.0831233,1.7734,1.16548,51.0574,8.38242,26.9801,25912991
-1.00556,-7.16345,4.76925,-0.135642,1.68973,1.17294,51.0574,8.38242,26.9801,25974378
-2.84431,-8.73165,4.86023,-0.26461,1.22822,1.25541,51.7816,17.8582,27.3305,26031889
-2.82995,-9.60075,4.88656,-0.323232,1.62498,1.23329,51.7816,17.8582,27.3305,26094667
-4.5825,-9.79228,3.87382,0.0404893,0.798683,1.04943,51.4195,29.1562,23.4762,26152585
-3.10767,-8.588,3.27527,-0.37386,1.09019,0.552613,51.4195,29.1562,23.4762,26221787
-4.25689,-9.7037,3.60567,0.152137,0.992401,0.281621,49.9711,34.9875,18.5707,26280415
-4.64235,-8.99022,3.39258,0.119629,0.713149,-0.000429526,49.9711,34.9875,18.5707,26344719
-5.06134,-8.84896,2.49715,0.297892,0.372343,-0.119139,49.79,37.7209,16.6435,26402163
-4.95121,-8.31985,1.95127,0.264318,0.258297,-0.220794,49.79,37.7209,16.6435,26464436
-4.61362,-7.95354,1.95846,0.234474,0.305728,-0.288209,49.609,37.1742,16.4684,26522460
-4.80995,-7.79791,2.48757,0.285235,0.32438,-0.217596,50.3332,38.2676,16.8187,26629852
-4.66151,-8.14268,2.60489,0.255524,0.126532,-0.206139,50.3332,38.2676,16.8187,26688335
-4.03423,-8.10437,2.32716,0.181981,0.0154169,-0.206671,50.3332,38.2676,16.8187,26745696
-3.28484,-7.91762,2.14281,0.201033,0.422438,-0.30433,50.6953,37.5387,16.8187,26804879
-4.57292,-8.5473,2.86107,0.211425,0.654394,-0.160307,50.6953,37.5387,16.8187,26866258
-5.17387,-8.48744,2.94247,0.16626,0.123334,-0.0238782,50.6953,36.0808,15.7676,26927106
-4.14676,-9.03332,2.82995,0.019572,0.170898,-0.10888,52.3248,36.6275,17.3443,26999752
-4.2521,-9.83059,2.94247,0.362376,-0.0686519,-0.352693,52.3248,36.6275,17.3443,27057143
-3.88339,-9.73482,2.57377,0.58687,-0.146459,-0.463674,52.3248,36.6275,17.3443,27114305
-2.90656,-9.58878,1.7334,0.600327,0.0256757,-0.369613,50.8764,34.8053,18.7459,27173389
-3.15556,-8.28394,2.08295,0.293495,0.277349,-0.437161,50.8764,34.8053,18.7459,27235666
-3.01909,-8.37492,2.56658,0.272178,0.463607,-0.752653,49.79,32.6185,20.1475,27296290
-3.17232,-9.33499,2.77727,0.761403,0.830126,-0.9521,52.6869,30.4318,20.8482,27370084
-2.87783,-9.85932,2.70066,0.903295,1.00093,-1.39363,52.6869,30.4318,20.8482,27427650
-3.04782,-10.6374,3.2633,1.99872,1.09552,-1.1229,52.6869,30.4318,20.8482,27486568
-2.81797,-9.27992,4.59687,2.56695,0.902337,-1.41921,51.6006,28.2451,25.0529,27544832
-3.40934,-7.98227,4.13478,2.03896,0.485057,-1.38137,51.6006,28.2451,25.0529,27606736
-2.30322,-7.91283,4.7884,2.57042,-0.518707,-0.980078,44.9016,26.9695,34.3383,27666957
-1.72622,-4.7884,5.97114,1.2048,-1.46931,-1.17979,36.2109,17.1293,41.6965,27736501
0.351948,-6.20337,11.0708,-0.235965,-0.81408,-1.14102,36.2109,17.1293,41.6965,27794776
2.67672,-6.57448,9.91439,0.328802,-0.29781,-0.879489,36.2109,17.1293,41.6965,27853422
2.92571,-3.88579,9.84256,0.116165,-0.480603,-1.10358,35.4867,9.47578,41.3461,27910924
3.72777,-3.59609,9.79707,-0.209319,-0.359895,-1.086,35.4867,9.47578,41.3461,27972707
4.05338,-2.63841,8.09,-1.58733,-1.62173,-1.32302,34.7625,4.00898,43.098,28034091
5.48033,-4.26647,6.62954,-4.24649,-2.52877,-2.38727,44.1773,-10.9336,33.6375,28136219
8.06128,-6.90727,1.53947,-2.95948,-2.75033,-2.07084,44.1773,-10.9336,33.6375,28194577
9.55286,-2.32238,1.47004,-2.87528,-1.55658,-2.46534,49.0658,-29.3385,6.48223,28255154
9.64145,-5.59046,-0.411803,-1.43931,-1.12851,-1.46864,49.0658,-29.3385,6.48223,28318133
9.72285,0.677559,-3.77565,-1.64542,-2.51011,-2.88049,38.3836,-36.8098,-7.70859,28376314
9.24162,-1.9824,-5.88734,-0.775685,-4.05053,-1.44905,38.3836,-36.8098,-7.70859,28433914
8.67179,-2.82516,-7.34541,-0.737314,-3.88239,-0.705489,25.1666,-33.3474,-33.8127,28509469
8.42519,0.584185,-5.60482,-0.627798,-1.28532,0.0143591,25.1666,-33.3474,-33.8127,28569893
6.63194,-1.05345,-9.32781,-0.678026,-1.20232,-0.306595,19.0107,-26.4228,-46.4267,28627435
6.22253,-0.579397,-5.98311,0.033961,0.697827,0.0383407,19.0107,-26.4228,-46.4267,28686111
4.48194,1.31442,-7.25204,0.0761953,0.637207,-0.115008,18.4676,-26.6051,-46.2516,28747522
7.47709,-0.452504,-4.45561,0.618446,2.0809,0.383143,18.4676,-26.6051,-46.2516,28818565
7.57286,1.39821,-7.16824,0.636033,2.09595,-0.321916,20.0971,-34.0764,-38.3678,28880838
7.98705,-0.732625,-5.93044,1.43342,1.21183,0.357962,20.0971,-34.0764,-38.3678,28941476
9.165,0.205901,-5.26724,1.97221,1.40342,0.156517,24.9855,-38.632,-27.3305,29001854
11.8321,-5.98311,4.12042,3.67091,4.37034,0.914336,24.9855,-38.632,-27.3305,29063382
11.6526,-2.88262,-5.62637,4.48482,2.34323,1.89718,33.3141,-40.4543,0.0,29121150
12.3421,-1.98,4.68545,2.17579,2.02548,0.677184,33.3141,-40.4543,0.0,29193783
12.4115,-4.12042,-1.26653,0.234341,-1.84143,1.28299,34.9435,-34.8053,16.2932,29256440
14.0683,-6.57448,2.13563,1.81753,-0.880296,-1.06375,34.9435,-34.8053,16.2932,29314077
14.303,-3.62721,0.866701,0.856397,-0.817677,-2.57685,30.4172,-39.3609,13.6652,29373263
8.6287,-0.871489,2.29843,1.02587,-0.377215,-4.27289,30.4172,-39.3609,13.6652,29431699
8.48744,-1.19231,2.67193,0.43965,-0.24052,-2.9575,7.9664,-43.3699,10.5117,29489040
6.08606,0.979228,1.6496,0.477621,0.471334,-2.55847,7.9664,-43.3699,10.5117,29599622
-15.7012,3.70144,4.08211,1.77023,2.95943,0.0211539,-9.59589,-37.3564,10.3365,29658255
-15.7203,1.36709,-5.67186,-0.713066,0.861302,4.40672,-7.42324,-36.6275,18.0451,29720327
19.6127,-12.129,8.69095,0.284569,0.474798,4.40672,-7.42324,-36.6275,18.0451,29778157
19.6127,-5.72214,7.24725,1.05211,0.507706,-0.972085,14.3033,-35.8986,23.301,29835663
15.2582,-3.21302,3.66792,0.131886,-0.613301,-2.87982,14.3033,-35.8986,23.301,29897142
1.35512,-0.967257,2.80361,-0.0289241,-1.77015,-2.18222,1.44844,-37.5387,18.5707,29967618
-8.20253,1.21625,0.814028,0.148273,-0.111019,0.431106,1.44844,-37.5387,18.5707,30025881
-1.00317,1.48201,-0.335188,-0.321766,0.969485,3.0491,2.89687,-39.3609,18.5707,30086094
19.6127,-3.27527,3.20584,-0.100203,-0.597446,0.989212,2.89687,-39.3609,18.5707,30144962
19.6127,-1.44849,1.80523,-0.174146,-0.445163,-2.55554,7.06113,-39.9076,16.2932,30209029
2.28407,-1.35991,2.70545,-0.378656,-0.41492,-2.01089,7.06113,-39.9076,16.2932,30267889
-11.7603,1.15161,3.7996,0.705712,0.31612,1.27939,0.724219,-38.2676,15.0668,30339685
14.4634,-2.8084,-1.08457,-0.00187817,-0.534295,3.27533,0.724219,-38.2676,15.0668,30402998
19.6127,-2.15957,0.61531,0.35718,-0.419583,-1.70845,11.4064,-41.7299,12.4389,30460626
11.6286,-2.01113,0.488417,-0.241561,0.0660448,-2.83426,11.4064,-41.7299,12.4389,30518406
-2.04225,-0.272939,2.69348,-0.379455,0.937377,-1.72671,-3.9832,-39.7254,14.0156,30580463
-14.5065,2.6025,-1.57778,0.183979,0.6468,2.89189,-3.9832,-39.7254,14.0156,30639170
19.6127,-2.1045,0.976834,0.0242352,-0.0149598,2.96343,9.05273,-38.9965,14.366,30708510
19.6127,-1.08457,2.42293,0.184512,-0.239987,-2.19688,9.05273,-38.9965,14.366,30768183
10.161,-1.33836,1.88663,0.400214,-0.221468,-3.33694,-0.362109,-38.2676,15.0668,30827850
-3.20105,-0.59855,6.01423,0.62684,1.67481,-1.84701,-0.362109,-38.2676,15.0668,30888540
-18.6436,-1.08218,-4.23774,0.579809,-0.783704,3.43933,-9.77695,-35.7164,16.8187,30951193
11.1522,-3.37343,3.32794,-0.198128,1.43673,4.40672,-9.77695,-35.7164,16.8187,31009579
19.6127,-3.02866,3.72538,0.575945,-0.546286,0.843324,13.5791,-39.5432,16.6435,31113729
11.8082,0.205901,1.27132,0.0101126,0.331042,-1.93894,13.5791,-39.5432,16.6435,31175144
7.84101,1.54426,4.42688,0.470027,-0.42771,-1.67621,3.80215,-38.0853,17.3443,31235244
5.56173,1.75495,4.57292,1.5965,0.323847,-0.929584,3.80215,-38.0853,17.3443,31297321
4.91529,-0.217872,2.83952,2.21336,0.199009,0.0668522,-6.51797,-34.623,16.8187,31355133
4.34787,2.86825,-3.13161,0.5477,-1.17434,0.756457,-6.51797,-34.623,16.8187,31412447
7.24006,-0.632069,1.10612,0.469494,-1.33461,1.54918,-8.87168,-37.7209,11.3877,31488285
10.6255,0.85473,-0.0430956,0.92621,-3.12284,0.25604,-8.87168,-37.7209,11.3877,31548932
12.4642,1.74537,-2.34632,-0.125916,-0.898949,0.0537955,0.181055,-42.8232,-1.92715,31606267
12.1793,0.715866,-1.45089,0.146142,0.518231,-0.0653131,0.181055,-42.8232,-1.92715,31665500
9.39484,-0.533907,-0.332794,0.212091,0.54621,0.683979,-1.44844,-43.3699,-4.90547,31723956
9.27274,1.23062,0.011971,0.257123,0.828393,0.489595,-1.44844,-43.3699,-4.90547,31781473
9.77073,0.215478,-0.385466,0.488413,-0.752394,0.640546,1.9916,-42.8232,-0.175195,31858771
10.6805,2.08295,-1.25696,-0.474716,-0.139664,0.477604,1.9916,-42.8232,-0.175195,31916683
10.3813,-2.33195,-1.79086,0.327736,-0.311133,0.281354,5.43164,-45.5566,-5.25586,31974005
8.79869,-1.93451,-2.77727,-0.326563,-0.194955,0.0928323,5.43164,-45.5566,-5.25586,32033335
10.2663,1.34075,-2.7653,-0.0144019,0.574721,-0.355224,5.61269,-44.6455,-7.18301,32091753
10.3046,-1.20428,-1.63284,-0.146834,0.390329,-0.224924,5.61269,-44.6455,-7.18301,32165029
10.8649,1.00078,-0.107739,-0.025993,-0.0885034,-0.510039,5.25058,-43.5521,-4.02949,32227739
9.69173,-0.1652,-1.61609,0.0736639,-0.421448,-0.145119,5.25058,-43.5521,-4.02949,32285291
9.62947,-1.5682,-1.49638,-0.0118705,-0.568535,0.489062,5.06953,-43.7344,-4.55508,32342837
9.89284,-0.991199,6.95276,-0.319634,0.558201,0.33438,5.06953,-43.7344,-4.55508,32402894
12.2822,1.20428,-0.248997,-0.635525,1.12683,-0.824731,6.88008,-44.8277,-3.50391,32462428
10.2568,4.15154,1.38385,-0.209452,0.447086,-1.47064,0.362109,-43.3699,1.75195,32569006
8.06367,-0.258574,0.411803,0.369038,0.275484,1.39157,0.362109,-43.3699,1.75195,32626988
9.57441,2.81558,2.23858,-0.732518,-0.799824,0.639347,5.43164,-43.3699,0.0,32684848
12.2416,-5.43962,-4.04141,-0.420357,-1.16927,0.618296,5.43164,-43.3699,0.0,32743442
8.4204,-2.15718,-3.11007,-0.160024,0.569659,-0.272621,4.70742,-44.0988,-1.75195,32802132
9.01177,-2.16196,-1.49877,1.37413,-1.33981,1.16494,4.70742,-44.0988,-1.75195,32862932
8.26239,-2.3128,2.17393,1.02374,-0.0300149,2.28115,11.4064,-44.281,-7.5334,32951858
11.0564,-1.13964,-3.2633,-0.066895,-0.752394,0.245515,11.4064,-44.281,-7.5334,33016691
11.8058,-2.6001,-3.31597,0.117897,-0.556278,-0.6474,17.2002,-44.281,-10.3365,33077981
12.6773,-0.083797,-1.28329,-0.338287,1.62818,-1.87326,17.2002,-44.281,-10.3365,33135771
10.6542,-0.205901,0.126893,-0.198128,1.32082,-2.04313,9.23379,-43.9166,-10.6869,33196112
5.14274,-1.03429,0.335188,-0.0177327,-0.34937,0.319458,9.23379,-43.9166,-10.6869,33254585
8.16662,-2.50433,-2.3942,0.0908507,-0.434505,0.959767,5.43164,-43.0055,-5.95664,33326667
4.55138,-2.98078,-5.58088,-0.710801,0.423504,1.46445,5.43164,-43.0055,-5.95664,33388857
10.0987,-4.59687,-1.35033,0.363841,1.16747,0.449226,9.59589,-43.5521,-5.78144,33446765
10.0916,-2.96642,-1.24498,0.485615,-1.17474,0.567935,9.59589,-43.5521,-5.78144,33504230
15.7467,-2.46603,0.804451,0.582607,-0.417185,0.687843,13.0359,-43.7344,-6.30703,33566674
10.6183,-3.88579,-1.51553,0.55303,-1.12504,0.322656,13.0359,-43.7344,-6.30703,33624402
9.60553,-2.04465,-2.4373,-0.46872,0.936311,-1.03164,14.8465,-42.641,-12.6141,33697955
8.69095,-4.95839,-2.57377,0.276575,2.09356,0.964963,14.8465,-42.641,-12.6141,33759921
8.7915,-1.08697,-2.3535,-0.45513,-0.091168,0.838394,12.6738,-43.7344,-1.75195,33817433
10.8888,-4.06056,-0.497994,0.805369,1.23462,0.320791,12.6738,-43.7344,-1.75195,33874706
6.91206,-2.97599,-1.42934,-0.408633,-0.756924,0.0226195,15.9328,-43.3699,0.350391,33933288
11.6382,-0.596156,-0.134075,0.172122,0.877556,-0.0585184,15.9328,-43.3699,0.350391,33991854
10.2855,-1.075,-0.672771,0.0455522,0.0264751,-0.362685,17.7434,-44.0988,2.45273,34097482
8.16662,-2.39181,-2.90656,0.695321,-0.746266,0.735672,14.8465,-43.7344,2.10234,34156114
12.299,-1.06542,-2.03507,0.260454,-2.18476,0.512111,14.8465,-43.7344,2.10234,34213716
8.7101,-2.21703,-0.679953,0.364108,-1.71685,-0.742927,18.1055,-43.7344,-10.1613,34271896
9.88087,-2.81079,-1.43652,0.935536,-0.461284,-1.078,18.1055,-43.7344,-10.1613,34333555
7.96551,-1.33118,-0.907402,-0.241161,1.21037,-0.726939,12.1307,-43.5521,-11.3877,34403637
9.48104,-1.72861,0.407014,-0.952749,2.1194,0.502118,12.1307,-43.5521,-11.3877,34466460
12.2918,-2.42533,-1.7765,0.13495,0.454014,0.542487,13.398,-44.4633,1.40156,34524040
12.0692,-0.418985,-1.45567,0.12669,-0.241986,-0.22972,13.398,-44.4633,1.40156,34584455
5.81312,-3.33991,0.402226,2.49661,-0.357897,2.14006,17.3812,-44.0988,0.0,34646333
11.212,-2.88262,0.0670376,0.00291815,0.564196,-0.0417312,17.3812,-44.0988,0.0,34707074
9.34935,-3.12922,0.0742202,-0.0779531,1.83389,-0.305795,17.7434,-44.4633,1.40156,34779848
9.10754,-2.94726,-0.684741,0.326537,-0.519506,0.0286149,17.7434,-44.4633,1.40156,34839255
9.89523,-3.28724,0.47884,0.0586088,0.468669,-0.111278,19.1918,-42.641,1.40156,34896748
9.84735,-2.39181,0.0,0.0334281,0.217262,-0.202808,19.1918,-42.641,1.40156,34959971
8.95671,-3.56497,0.950498,0.194638,0.100818,0.0248844,16.657,-42.641,2.45273,35020548
10.4124,-2.61926,1.16119,0.115099,0.173562,-0.0301401,16.657,-42.641,2.45273,35078029
9.85693,-2.78685,0.608127,0.117231,-0.205614,-0.0569196,15.0275,-43.1877,4.37988,35150025
9.09557,-2.98557,0.457292,-0.0754218,0.0631137,-0.0236118,15.0275,-43.1877,4.37988,35207533
9.9096,-2.65038,0.270545,-0.0840818,0.217529,0.014892,16.476,-43.5521,4.73027,35267637
9.62947,-2.16915,0.56982,0.155601,0.102817,0.00982927,16.476,-43.5521,4.73027,35329183
10.1921,-2.229,0.612916,0.0716655,-0.00496743,0.0887021,16.8381,-43.1877,4.37988,35388110
9.33978,-3.12922,0.665588,0.0763285,0.00995446,0.0332779,16.8381,-43.1877,4.37988,35449854
9.88087,-2.07098,0.629675,0.0636716,-0.064655,-0.0198813,16.1139,-42.8232,2.97832,35553210
9.86171,-2.15957,0.167594,0.173454,0.127731,0.0828399,14.6654,-42.8232,4.73027,35615647
9.79228,-2.83713,0.270545,0.188509,0.000228588,0.109753,14.6654,-42.8232,4.73027,35676979
9.10514,-2.38462,0.957681,-0.0792855,0.410181,-0.32618,14.6654,-42.8232,4.73027,35734616
8.86333,-1.64242,1.47962,0.472025,1.15334,-0.514036,14.3033,-42.8232,6.83261,35796692
11.4515,-2.53546,1.01275,0.282437,0.340235,-0.0137527,14.3033,-42.8232,6.83261,35854605
10.8002,-1.80283,2.04704,0.291497,-0.0978296,0.207011,12.3117,-42.641,10.1613,35929793
9.40442,-2.39899,1.4868,0.548633,-0.390405,0.546085,13.398,-42.641,9.11015,35990235
7.52497,-1.63045,1.59933,0.100577,-0.142196,0.0160911,13.398,-42.641,9.11015,36047752
9.73243,-2.97839,1.52271,0.0516808,0.114008,-0.000429526,15.0275,-42.8232,8.93496,36107967
9.67257,-2.9305,1.10133,-0.130846,-0.00789851,-0.0170834,15.0275,-42.8232,8.93496,36166696
9.47625,-2.47321,1.29526,-0.158425,0.129729,0.00436679,15.0275,-42.8232,8.93496,36224100
9.7037,-2.32716,1.43413,-0.19493,0.0945562,-0.0114877,15.3896,-43.5521,7.5334,36301300
9.83298,-2.0231,1.29526,-0.108063,-0.00430127,0.0234188,14.6654,-43.1877,8.93496,36359094
9.80904,-1.91297,1.403,-0.0406484,-0.108088,0.0571263,14.6654,-43.1877,8.93496,36416657
9.6606,-2.29125,1.22344,0.0444863,-0.103159,0.103624,14.6654,-43.1877,8.93496,36475285
9.51934,-2.62644,1.13725,0.0536792,-0.0830409,0.0933652,16.1139,-42.8232,7.88379,36536718
9.62469,-2.45166,1.05584,0.0877864,-0.0527974,0.0796424,16.1139,-42.8232,7.88379,36606380
9.95988,-2.52109,1.17555,0.0434204,-0.148724,-0.0240115,15.3896,-42.4588,6.13183,36671682
9.59117,-2.51152,0.83797,0.090451,-0.0140272,0.00556585,15.9328,-43.3699,6.30703,36729299
9.742,-2.73418,1.04866,0.0968461,0.0464598,0.0300804,15.9328,-43.3699,6.30703,36789433
9.62229,-2.58813,0.960075,0.0864541,-0.0301481,0.055794,16.1139,-43.9166,5.78144,36851689
9.7827,-2.54743,0.893037,0.0375583,-0.125009,0.0203545,16.1139,-43.9166,5.78144,36909347
9.52892,-2.51152,0.785298,0.0219702,-0.154986,-0.002428,16.8381,-42.4588,4.02949,37018203
9.50019,-2.17393,0.509965,-0.400772,-0.232526,-0.209869,16.8381,-42.4588,4.02949,37075547
10.0054,-2.15239,0.483629,-0.489371,-0.324323,0.0715153,17.0191,-44.4633,4.55508,37135751
9.9096,-4.89853,4.59447,0.58687,1.01185,0.83946,17.0191,-44.4633,4.55508,37197582
9.54568,-2.59771,-1.21386,0.395417,-0.0657209,0.90008,17.7434,-42.2765,3.8543,37255150
9.64384,-3.46441,1.56581,0.0868538,0.140521,0.00649849,17.7434,-42.2765,3.8543,37318365
9.4547,-2.57616,0.189142,-0.362402,-0.224932,-0.471668,17.3812,-43.0055,7.3582,37391704
10.1634,-1.83635,0.414197,-0.0427801,0.215797,-0.0541217,17.3812,-43.0055,7.3582,37449387
9.46188,-2.6839,-0.0263362,0.124425,-0.721085,-0.00695787,17.3812,-43.7344,6.30703,37509208
9.73482,-2.70545,0.756567,-0.269806,-0.418117,-0.981677,17.3812,-43.7344,6.30703,37571262
9.55047,-1.87705,0.514753,-0.0876791,-0.396934,-1.25307,14.3033,-43.9166,2.62793,37631952
11.066,-1.43891,-0.1652,0.0751295,-0.469145,-1.56257,14.3033,-43.9166,2.62793,37690120
9.57441,-0.213084,0.105345,0.0223699,-0.193889,-1.02245,4.16426,-43.5521,0.175195,37764671
10.0509,-0.656011,0.0167594,-0.0164004,0.00355937,0.158116,4.16426,-43.5521,0.175195,37822427
9.96945,0.189142,-0.114922,0.150272,0.114141,0.619495,1.26738,-42.4588,-1.22637,37881217
9.84016,-0.0526724,-0.177171,0.0825904,0.124533,0.501053,1.26738,-42.4588,-1.22637,37940137
9.96945,-0.490811,0.11971,0.00385076,0.510904,0.311065,4.88848,-43.1877,1.22637,38001525
9.27035,-1.19949,0.292093,0.124025,1.16813,1.01692,4.88848,-43.1877,1.22637,38072624
10.2041,-0.799663,0.196324,0.0259671,-0.176836,-0.061183,8.69062,-43.7344,3.8543,38131246
10.0365,-1.53229,1.01754,-0.0394494,0.316653,0.113616,8.69062,-43.7344,3.8543,38189603
9.69651,-1.59454,0.691924,-0.0843482,0.0573848,0.0150253,9.958,-43.5521,6.48223,38248114
9.50737,-0.955286,0.833182,-0.0643636,0.226988,0.0749793,9.958,-43.5521,6.48223,38308921
9.84974,-1.35751,1.0726,-0.105132,0.23698,0.0920329,9.958,-43.5521,6.13183,38371883
10.1059,-1.52511,0.998382,-0.102201,0.221126,0.0900344,10.6822,-44.281,8.23418,38473810
10.2256,-2.03268,1.4844,-0.175345,0.214598,0.0318124,10.6822,-44.281,8.23418,38533136
9.71088,-1.32878,1.44849,-0.019065,0.103882,0.0087634,10.8633,-41.5476,8.40937,38598131
10.0772,-0.955286,1.55623,0.142411,0.0581842,-0.034137,10.8633,-41.5476,8.40937,38655550
9.75876,-2.12605,1.29047,-0.032921,0.0228779,0.00503294,10.3201,-42.8232,9.98613,38717935
9.56723,-1.98,1.42934,-0.167085,0.246307,-0.0172167,10.3201,-42.8232,9.98613,38775629
9.96945,-1.09176,1.72143,-0.106864,0.0616482,-0.01282,11.7686,-42.0943,10.3365,38846517
9.68215,-1.49877,1.57778,-0.126849,0.113209,-0.0161508,11.7686,-42.0943,10.3365,38910839
9.80665,-1.54665,1.67594,-0.0656959,0.105748,-0.00429325,10.6822,-42.8232,9.98613,38968402
9.84496,-1.17795,1.53708,0.0135767,-0.0200225,0.0541952,10.6822,-42.8232,9.98613,39032289
9.98382,-1.59693,1.652,0.0981784,0.0036926,0.0749793,10.5012,-41.5476,10.5117,39090001
9.66299,-1.58017,1.36948,0.124159,-0.0601251,0.0780436,10.5012,-41.5476,10.5117,39147459
9.81144,-1.57299,1.39582,0.145076,-0.0158924,0.0573928,11.4064,-42.8232,8.23418,39219582
9.84496,-1.6113,1.45807,0.164128,-0.0313472,0.0468675,11.4064,-42.8232,8.23418,39280209
9.90242,-1.65439,1.19949,0.181714,-0.0630562,0.0731141,9.77695,-43.0055,9.11015,39340564
9.90481,-1.49638,1.10851,0.185312,-0.0893028,0.084572,9.77695,-43.0055,9.11015,39399034
9.64145,-1.7741,1.10373,0.146142,-0.0278832,0.0613897,11.2254,-43.7344,8.75976,39457104
9.73721,-1.79326,1.37188,0.0813913,0.0504568,0.0356761,11.2254,-43.7344,8.75976,39530912
9.99579,-1.65439,1.11809,0.053546,0.0332699,0.0210207,11.2254,-42.641,7.70859,39592306
9.77073,-1.63045,1.14443,0.00491661,0.0282071,0.00636524,11.2254,-42.641,7.70859,39652357
9.84974,-1.74537,1.25217,-0.00867292,0.0877615,0.00130247,11.5875,-43.3699,10.1613,39713995
9.88326,-1.59933,1.30723,-0.0161339,0.0711076,-0.00455971,11.5875,-43.3699,10.1613,39771658
9.85693,-1.60651,1.28329,-0.0142687,0.0624476,-0.00589202,12.1307,-43.9166,9.63574,39832086
9.87129,-1.56581,1.37427,-0.0165336,0.0885608,0.00130247,9.59589,-41.3654,8.58457,39940618
9.76116,-1.57538,1.13246,0.0364924,0.0075563,0.034477,9.59589,-41.3654,8.58457,40002033
9.89045,-1.53229,1.32399,0.0315629,0.0403312,0.016624,9.958,-41.7299,8.58457,40060722
9.84496,-1.56102,1.38385,0.062206,0.0199468,0.0172902,9.958,-41.7299,8.58457,40118441
9.81622,-1.52271,1.29287,0.0523469,0.00555784,0.0138262,9.41484,-41.9121,8.05898,40178413
9.84256,-1.61848,1.23062,0.0602076,0.0300724,0.0259502,9.41484,-41.9121,8.05898,40239875
9.80186,-1.50595,1.30723,0.0639381,0.0115532,0.0346103,10.5012,-41.5476,9.81094,40311202
9.82101,-1.53708,1.30245,0.0599411,0.0372669,0.0355429,10.5012,-41.5476,9.81094,40369978
9.86171,-1.60172,1.16358,0.0683347,0.0392653,0.0382075,10.8633,-41.5476,9.46054,40428528
9.84974,-1.44131,1.0726,0.0624725,-0.00283573,0.0324786,10.8633,-41.5476,9.46054,40488079
9.64145,-1.55862,1.28329,0.0348937,0.0243434,0.022353,11.2254,-44.4633,8.05898,40548817
9.88326,-1.64003,1.35751,0.0407558,0.0667109,0.0122274,11.2254,-44.4633,8.05898,40611208
9.82819,-1.58496,1.34315,0.058742,0.0331367,0.0287481,9.77695,-42.641,8.40937,40681083
9.81383,-1.5706,1.21865,0.0464848,0.0264751,0.0271493,9.77695,-42.641,8.40937,40741813
9.86171,-1.64721,1.26653,0.0526134,0.0449943,0.0295475,9.23379,-42.8232,8.58457,40803121
9.83298,-1.58257,1.31442,0.0470177,0.0306053,0.0216868,9.23379,-42.8232,8.58457,40860864
9.84256,-1.6089,1.30723,0.04835,0.0388656,0.0195551,10.8633,-41.1832,8.40937,40923834
9.81622,-1.59214,1.28808,0.0412887,0.0412638,0.0267496,10.8633,-41.1832,8.40937,40982470
9.75637,-1.58496,1.51313,0.0210376,0.0524552,0.0179564,10.8633,-43.0055,7.3582,41052028
9.78749,-1.69988,1.53708,0.0119779,0.0833648,0.0102289,10.8633,-43.0055,7.3582,41110400
9.92157,-1.70228,1.26653,0.0310299,0.0356681,0.031013,11.4064,-42.4588,11.0373,41169132
9.80186,-1.62087,1.23062,0.0454189,-0.0086979,0.0525965,11.4064,-42.4588,11.0373,41229798
10.1658,-1.87466,1.33836,0.0288982,9.53581e-05,0.064987,11.0443,-41.3654,9.28535,41288582
9.55526,-1.4437,1.26893,0.0350269,-0.048534,0.0315459,11.0443,-41.3654,9.28535,41393722
9.98382,-1.66636,1.1971,0.0530131,0.0211459,0.0296807,11.2254,-41.5476,8.05898,41457550
9.81622,-1.68312,1.26893,0.0584756,0.0521888,0.0332779,11.2254,-41.5476,8.05898,41516183
9.87129,-1.50116,1.14682,0.0608737,0.00169413,0.0056991,13.0359,-42.641,8.40937,41573409
9.88087,-1.88184,1.26414,0.0620728,0.0302056,0.0274158,13.0359,-42.641,8.40937,41631717
9.88087,-1.65918,1.03908,0.0226364,-3.78732e-05,0.0220865,10.1391,-41.5476,8.05898,41693789
9.60314,-1.50116,1.25696,0.00598249,0.0411306,0.0078308,10.1391,-41.5476,8.05898,41763329
10.0269,-1.68791,1.30484,0.0360928,0.0608488,0.0219533,10.6822,-43.5521,8.58457,41828923
9.79947,-1.60172,1.20907,0.0388906,-0.00723236,0.0087634,10.6822,-43.5521,8.58457,41886846
9.88565,-1.69988,1.12767,0.0430208,0.0295394,0.0163576,12.4928,-42.8232,8.58457,41944371
9.79947,-1.69509,1.1133,0.0514143,0.0171489,0.0298139,12.4928,-42.8232,8.58457,42003457
9.78031,-1.53468,1.23301,0.0546119,0.0417967,0.0202213,11.5875,-42.2765,8.05898,42062025
10.0125,-1.63524,1.1133,0.0540789,0.0487247,-0.00482617,11.5875,-42.2765,8.05898,42134473
9.7851,-1.59454,1.14443,0.071399,0.0464598,0.0108951,10.8633,-44.0988,8.75976,42193279
9.8689,-1.652,1.16837,0.080059,0.0580509,0.0170237,10.8633,-44.0988,8.75976,42251777
9.73243,-1.63763,1.41018,0.0372918,0.0760371,0.00396709,10.6822,-42.4588,7.18301,42309413
9.83059,-1.59693,1.3623,0.00584921,0.0918916,-0.0282749,10.6822,-42.4588,7.18301,42372303
9.93114,-1.54905,1.29047,0.037958,0.0584506,0.0118277,10.3201,-42.4588,8.93496,42430096
9.84496,-1.62566,1.23301,0.0392903,0.0287401,0.0235521,10.3201,-42.4588,8.93496,42500972
9.79228,-1.5682,1.25217,0.0276992,0.0385992,0.0318124,10.8633,-43.3699,9.81094,42565343
9.81144,-1.53708,1.23062,0.01784,0.0552531,0.0268829,10.8633,-43.3699,9.81094,42623197
9.84016,-1.47004,1.26653,0.0179733,0.0356681,0.0270161,12.1307,-43.5521,9.28535,42680670
9.94312,-1.61369,1.27372,0.032762,0.0507232,0.0311463,12.1307,-43.5521,9.28535,42740222
9.73721,-1.58496,1.24738,0.035693,0.0743051,0.0452688,11.4064,-42.0943,8.23418,42847062
9.84016,-1.47722,1.26414,0.0823239,0.0645792,0.0334112,10.8633,-43.0055,9.11015,42906361
9.97424,-1.29287,1.23541,0.0873867,0.0751045,0.0342106,10.8633,-43.0055,9.11015,42964921
10.1035,-1.24498,1.00796,0.103907,0.0162163,0.0427374,11.7686,-41.7299,8.93496,43026747
9.76116,-1.13964,0.945709,0.108837,-0.0322798,0.114016,11.7686,-41.7299,8.93496,43088444
9.91439,-1.3623,1.06781,0.0676685,0.0283404,0.128139,10.6822,-42.4588,8.93496,43146983
9.80186,-1.30005,1.16358,0.0620728,0.0611153,0.118679,10.6822,-42.4588,8.93496,43221285
9.80425,-1.35033,1.18992,0.0261004,0.108812,0.0915,11.5875,-41.9121,9.11015,43279135
10.0245,-1.6089,1.06063,0.0450192,0.0740387,0.124675,11.5875,-41.9121,9.11015,43336509
9.76355,-1.70946,1.26653,0.0462183,0.118005,0.0936317,12.4928,-42.8232,8.93496,43398683
9.82101,-1.73101,1.43652,0.0342275,0.188085,-0.00216155,12.4928,-42.8232,8.93496,43457481
9.7827,-1.90339,1.26893,0.0752627,0.094423,-0.0326715,11.4064,-40.2721,9.63574,43515023
9.25359,-2.25055,1.29526,0.0454189,0.156376,-0.100886,11.4064,-40.2721,9.63574,43589877
9.76595,-2.97599,1.81002,-0.0515734,0.283478,-0.11754,11.4064,-42.4588,10.3365,43647156
10.6255,-2.58095,1.06542,-0.0165336,0.119604,-0.103018,11.4064,-42.4588,10.3365,43707387
9.28232,-2.33195,0.986411,0.00504985,0.145584,-0.136459,12.8549,-41.3654,11.3877,43772191
9.2464,-2.40378,1.07978,0.0399564,0.203673,-0.09982,12.8549,-41.3654,11.3877,43829828
9.67018,-2.15239,1.11091,0.138414,0.218328,-0.126999,10.8633,-40.4543,13.6652,43889782
9.67018,-1.99198,1.07739,0.258189,0.182089,-0.168967,10.8633,-40.4543,13.6652,43963519
9.59117,-2.08774,1.33836,0.372501,0.189017,-0.245175,9.41484,-39.7254,13.6652,44021547
10.1682,-2.29604,1.49877,0.367305,0.155976,-0.228122,9.41484,-39.7254,13.6652,44084705
9.75637,-2.28167,1.58257,0.372235,0.0740387,-0.177094,7.42324,-40.6365,14.8916,44145941
12.0955,-2.27689,1.92733,0.378763,-0.196287,0.0577925,7.42324,-40.6365,14.8916,44203376
10.6422,-0.948104,2.82995,0.321207,-0.0841067,-0.110612,4.34531,-40.4543,12.9645,44263602
10.4674,0.45011,2.40617,0.100044,-0.114483,0.111884,4.88848,-40.2721,10.3365,44369469
9.12909,1.21147,2.15239,0.116964,-0.0603916,0.129338,4.88848,-40.2721,10.3365,44430309
10.3621,-0.289698,1.84353,0.175186,-0.0944988,0.26057,5.25058,-39.1787,9.63574,44491594
8.97346,-0.0215478,1.07021,0.0965797,0.0617814,0.25271,5.25058,-39.1787,9.63574,44549243
8.78911,-0.409408,1.35512,0.135883,0.174628,0.238188,5.79375,-40.0898,10.1613,44609230
9.44273,-0.462081,0.538695,0.12709,0.0298059,0.298941,5.79375,-40.0898,10.1613,44681008
9.41879,-1.03429,0.737414,-0.0291905,0.183022,0.213939,8.50957,-39.1787,9.63574,44739304
9.30865,-1.23541,0.502782,-0.115391,0.0912255,0.298808,8.50957,-39.1787,9.63574,44798756
9.86171,-1.12049,0.938527,-0.151763,0.127331,0.31373,10.1391,-40.8187,11.2125,44860874
11.564,-2.06141,0.332794,-0.15656,-0.237722,0.617363,10.1391,-40.8187,11.2125,44918381
12.9407,-2.74854,3.44526,-0.143903,0.356888,0.523169,14.3033,-41.001,10.6869,44980669
10.2256,-2.79882,2.78206,-0.25182,0.477596,0.3084,14.3033,-41.001,10.6869,45053334
8.41801,-2.12844,3.6344,-0.406235,-0.0798434,-0.193348,15.5707,-39.7254,11.9133,45114127
8.47068,-2.86346,4.25689,-0.353342,0.532221,-0.190817,15.5707,-39.7254,11.9133,45175975
9.45949,-2.01831,2.30801,-0.215448,-0.0721159,-0.297801,14.6654,-38.8142,13.1396,45233665
8.0493,-2.55222,2.36308,-0.198128,0.130262,-0.30393,14.6654,-38.8142,13.1396,45290888
8.54012,-2.65038,2.34153,-0.124984,0.0370004,-0.200943,14.8465,-38.2676,13.6652,45350140
8.57842,-2.68869,1.83156,0.133751,-0.0488005,-0.0486592,14.8465,-38.2676,13.6652,45423094
9.55047,-2.70545,1.49877,0.195171,0.0576512,-0.154312,13.5791,-38.4498,13.49,45481151
9.2057,-2.60968,1.20428,0.262719,0.0680433,-0.15218,13.5791,-38.4498,13.49,45540055
9.84735,-3.27048,1.33118,0.374633,-0.135001,-0.0129533,12.6738,-37.9031,12.9645,45598631
10.6973,-3.45723,1.63045,0.309883,-0.0891696,-0.156843,12.6738,-37.9031,12.9645,45657357
13.963,-1.79805,3.87142,0.402079,-0.124609,-0.261163,11.7686,-40.2721,13.1396,45722522
9.85453,0.857124,2.95923,0.454705,0.0302056,-0.324714,11.7686,-40.2721,13.1396,45828088
9.51455,-0.440533,2.72221,0.469627,-0.155918,0.16491,8.69062,-38.632,13.3148,45886745
8.69813,-0.742202,2.19548,0.242201,0.145051,0.0881692,8.69062,-38.632,13.3148,45945246
8.53532,-0.390255,1.12527,0.229145,-0.0278832,0.154518,6.15586,-39.7254,11.9133,46010978
9.16021,-0.512359,1.10612,0.128289,0.0439284,0.100826,6.15586,-39.7254,11.9133,46068940
9.03332,-1.04866,0.713472,0.0370254,0.0332699,0.193955,8.69062,-40.0898,10.5117,46126671
9.50977,-1.41976,0.80924,-0.154028,0.289473,0.231526,8.69062,-40.0898,10.5117,46198155
9.63905,-1.72382,0.55306,-0.259014,0.188218,0.375815,8.50957,-38.8142,13.49,46255708
11.7412,-1.52271,0.452504,-0.321633,0.130529,0.346771,8.50957,-38.8142,13.49,46316063
12.2942,-3.24893,3.72298,-0.394644,0.453614,0.467745,12.3117,-38.9965,14.0156,46374427
9.38048,-2.8491,3.95043,-0.753036,1.0806,0.0444694,12.3117,-38.9965,14.0156,46435804
8.89685,-2.35111,4.9943,-0.645251,0.0202133,-0.100353,15.5707,-37.5387,17.1691,46493582
9.80904,-2.33674,4.95839,-0.445005,0.313855,-0.385068,15.5707,-37.5387,17.1691,46565700
8.55687,-2.45645,2.29843,-0.357739,-0.404128,-0.401988,13.398,-37.9031,19.9723,46623113
7.28795,-1.97761,3.08373,-0.158158,0.0687094,-0.255834,13.398,-37.9031,19.9723,46683804
8.19296,-2.85389,2.44209,-0.00747386,-0.154719,-0.0803683,13.0359,-36.4453,18.5707,46743234
8.94234,-2.59771,1.91536,0.112434,0.201408,-0.193348,13.0359,-36.4453,18.5707,46804529
9.04529,-2.24097,1.65439,0.227679,0.0605823,-0.14805,13.7602,-37.5387,16.118,46862376
9.47146,-2.77248,1.83396,0.408873,0.0339361,-0.088895,13.7602,-37.5387,16.118,46936068
10.2424,-3.04303,1.82678,0.442315,0.0256757,-0.16004,12.4928,-36.6275,17.3443,46993526
15.038,-2.24576,4.1276,0.482018,0.00329291,-0.204007,12.4928,-36.6275,17.3443,47056624
9.99579,0.481234,4.26886,0.347721,0.140254,-0.57812,7.78535,-36.2631,16.2932,47116214
7.05571,0.311246,4.06056,0.498005,0.0739054,0.250578,7.78535,-36.2631,16.2932,47174167
9.33738,-0.378284,2.85628,0.347454,-0.415852,0.380878,5.9748,-36.992,18.3955,47236672
8.0517,-0.225055,1.94409,0.167325,-0.122744,0.289082,7.24219,-37.1742,16.4684,47340887
9.38766,-0.543483,1.76931,0.128555,-0.0452032,0.283486,7.24219,-37.1742,16.4684,47399317
9.12191,-0.730231,0.945709,0.0732642,-0.0469353,0.212474,7.9664,-36.4453,17.1691,47460537
9.28711,-1.36709,1.21386,0.0438201,0.0844307,0.203814,7.9664,-36.4453,17.1691,47518312
9.37809,-2.03747,0.799663,-0.0539716,0.141587,0.268697,8.69062,-38.9965,16.4684,47581455
10.8002,-2.24097,1.24498,-0.139106,0.145051,0.318526,8.69062,-38.9965,16.4684,47654121
12.0979,-2.73897,0.100556,-0.470052,-0.225065,0.455887,12.8549,-40.2721,18.0451,47715399
11.3222,-2.90656,4.06535,-0.59902,0.334905,0.350235,12.8549,-40.2721,18.0451,47776761
7.08684,-3.69904,5.24091,-0.372394,0.67691,-0.0205474,16.476,-39.5432,18.0451,47834606
11.1713,-1.72622,3.84509,-0.46459,0.0621811,-0.435296,16.476,-39.5432,18.0451,47894478
8.05648,-2.44448,3.50511,-0.315638,0.401254,-0.182557,15.3896,-37.7209,20.8482,47952821
8.11395,-2.16436,2.1069,-0.201991,-0.0253518,-0.458745,15.3896,-37.7209,20.8482,48027377
8.18577,-1.82438,2.3104,-0.00587508,0.105215,-0.293005,15.2086,-38.2676,21.0234,48086073
8.16423,-2.76051,2.09014,0.15227,0.0308718,-0.148982,15.2086,-38.2676,21.0234,48144238
9.64624,-2.29843,1.79805,0.300423,0.0769697,-0.17363,13.398,-37.1742,18.9211,48202806
9.39245,-2.57377,2.11168,0.424062,-0.0529307,-0.11261,13.398,-37.1742,18.9211,48261497
10.5393,-3.37822,1.92015,0.544103,-0.200284,0.0492657,10.8633,-37.5387,21.7242,48322828
14.3293,-1.90818,4.3742,0.631503,-0.0662538,-0.117273,10.8633,-37.5387,21.7242,48397827
8.18098,1.44849,4.23295,0.626973,0.147049,-0.13033,9.05273,-37.9031,19.9723,48455352
8.42519,0.667982,3.76608,0.880912,-0.49246,0.613233,9.05273,-37.9031,19.9723,48515196
10.2975,-1.01754,3.28006,0.731027,-0.198686,0.29148,9.05273,-38.632,19.6219,48577021
7.83383,-0.998382,1.71185,0.514792,-0.116215,0.311331,9.05273,-38.632,19.6219,48637692
8.23605,-0.557849,1.85072,0.432322,0.0576512,0.240719,7.78535,-39.1787,19.4467,48697846
8.9998,-0.780509,1.47483,0.231143,0.141187,0.19622,8.32851,-39.3609,18.2203,48803714
9.78989,-1.88663,1.12527,-0.0183989,0.0270081,0.24365,8.32851,-39.3609,18.2203,48861758
9.52174,-1.15879,1.64721,-0.123785,0.196478,0.274693,7.9664,-39.3609,19.6219,48927095
13.3261,-5.0374,2.07338,-0.423422,-0.230928,0.635216,7.9664,-39.3609,19.6219,48985286
10.9223,-1.80044,4.91051,-0.866948,0.653594,-0.0196148,13.217,-38.8142,20.4978,49042790
7.65187,-3.20823,4.57292,-0.882803,0.661855,-0.215198,13.217,-38.8142,20.4978,49105193
10.2352,-2.41335,4.51307,-0.90865,0.266558,-0.431566,14.1223,-38.632,23.8266,49174987
8.25042,-1.70467,2.61686,-0.891996,0.186885,-0.617023,14.1223,-38.632,23.8266,49235504
7.34541,-2.26731,3.1795,-0.487373,0.151446,-0.37854,15.5707,-37.1742,23.4762,49294096
8.05888,-2.29364,2.68151,-0.180008,0.195146,-0.202675,15.5707,-37.1742,23.4762,49352778
8.43238,-2.53306,2.60968,0.0306302,0.225656,-0.137258,13.7602,-37.9031,24.8777,49410231
10.1083,-2.07577,2.4373,0.410872,0.0884276,-0.105815,13.7602,-37.9031,24.8777,49468805
9.59117,-2.21224,2.37984,0.602325,0.0171489,-0.204939,10.5012,-38.2676,24.8777,49542257
10.7404,-2.99275,2.20266,0.815095,-0.364025,0.00503294,10.5012,-38.2676,24.8777,49603126
13.0077,-1.61848,5.10204,0.848936,-0.0277499,-0.279149,9.958,-40.2721,24.3521,49666957
9.22486,1.17316,3.77087,0.564621,0.00715661,-0.274886,9.958,-40.2721,24.3521,49724773
7.97748,0.0909796,3.52905,0.761536,-0.4838,0.635083,6.33691,-40.6365,21.8994,49782533
9.78031,-0.430956,3.94325,0.466829,-0.131004,0.257373,6.33691,-40.6365,21.8994,49844995
8.27436,-0.557849,2.05183,0.390355,-0.24958,0.378746,6.51797,-42.641,21.0234,49917883
8.74602,-0.73502,1.95367,0.247264,-0.0717163,0.32652,6.51797,-42.641,21.0234,49979488
8.82502,-0.392649,1.95846,0.067935,0.104815,0.159714,7.24219,-42.641,17.8699,50041293
9.88087,-1.08697,1.58496,0.0111785,0.0541872,0.207411,7.24219,-42.641,17.8699,50099780
9.25598,-1.63524,0.995988,-0.142171,0.0688426,0.210475,7.78535,-44.6455,18.0451,50157248
9.39245,-1.50595,1.18752,-0.277,0.114541,0.250178,7.78535,-44.6455,18.0451,50215786
11.3389,-4.40772,2.61686,-0.414628,-0.0458694,0.693838,9.23379,-43.1877,18.3955,50323723
11.9519,-3.90015,5.99508,-0.712533,0.981076,0.134667,9.23379,-43.1877,18.3955,50383851
7.24485,-2.91614,5.63116,-0.431016,1.08753,-0.298068,13.5791,-45.01,19.0963,50442359
10.2376,-1.64242,4.50349,-0.537068,0.0861627,-0.170965,13.5791,-45.01,19.0963,50499855
7.43399,-2.60968,5.23372,-0.443273,0.71155,-0.203474,11.5875,-41.9121,23.1258,50562251
8.28633,-1.98,4.41012,-0.259148,-0.0337454,-0.146984,11.5875,-41.9121,23.1258,50632316
8.35815,-2.16196,4.92008,-0.0640971,0.255366,-0.125001,11.9496,-40.0898,23.8266,50692589
8.37492,-2.62165,4.84826,0.129221,-0.000837261,0.0307466,11.9496,-40.0898,23.8266,50752438
8.64546,-2.54504,4.96078,0.303621,-0.0256183,0.0849716,12.8549,-40.6365,24.3521,50810440
8.95671,-2.65517,4.35984,0.427526,-0.156851,0.184096,12.8549,-40.6365,24.3521,50875423
8.98304,-2.63601,4.13239,0.506265,-0.277825,0.177834,12.8549,-41.7299,24.7025,50934032
9.08839,-2.28167,3.55539,0.417267,-0.242918,0.101492,10.6822,-41.7299,20.8482,51022996
9.39006,-2.08295,3.32555,0.325604,-0.173505,0.0537955,10.6822,-41.7299,20.8482,51081769
9.03332,-1.73819,2.93529,0.311615,-0.165777,0.0278155,9.77695,-43.7344,21.0234,51139232
9.63187,-1.65439,3.13401,0.352117,-0.162047,0.0859043,9.77695,-43.7344,21.0234,51197456
9.44512,-1.74058,2.79164,0.349719,-0.180566,0.032745,9.77695,-43.3699,19.6219,51260140
9.40681,-1.72143,2.66953,0.309083,-0.108222,0.0708492,9.77695,-43.3699,19.6219,51317890
9.6606,-1.95127,2.61207,0.243001,-0.107156,0.0628553,8.69062,-42.641,16.8187,51395362
9.55526,-1.95127,2.64799,0.146008,-0.039874,0.0207542,8.69062,-42.641,16.8187,51452521
9.53371,-1.7741,2.57137,0.125624,-0.0249521,0.0422044,8.32851,-44.4633,17.5195,51512917
9.64145,-1.76931,2.68629,0.085255,0.0112868,0.0052994,8.32851,-44.4633,17.5195,51574298
9.47385,-2.04704,2.45645,0.0181065,0.0377998,-0.0249441,8.50957,-44.6455,15.242,51631898
9.48104,-1.84832,2.6432,0.0173071,0.0593832,-0.0145521,8.50957,-44.6455,15.242,51691873
9.67257,-1.86269,2.54264,-0.0245275,0.0270081,-0.0126868,8.69062,-45.9211,17.5195,51800895
9.36612,-1.85072,2.53067,-0.036918,0.0731061,0.01316,8.69062,-45.9211,17.5195,51860902
9.58398,-2.04704,2.65756,-0.0457112,0.0423297,0.0195551,9.59589,-44.6455,18.0451,51922160
9.60793,-1.93212,2.4349,-0.032921,-0.00749882,0.0571263,9.59589,-44.6455,18.0451,51982748
9.62947,-2.38941,2.53067,-0.0852809,0.0156834,0.0222198,10.1391,-47.3789,17.5195,52040795
9.26556,-2.1045,2.55461,-0.0575688,0.00449199,0.0744464,10.1391,-47.3789,17.5195,52099080
9.50258,-2.00155,2.6839,-0.0113375,0.0533878,0.0406057,10.6822,-43.5521,18.3955,52172117
9.58159,-2.08774,2.69108,0.00131938,0.0210126,0.0571263,10.6822,-43.5521,18.3955,52230538
9.48822,-2.25534,2.54743,-0.0310558,0.0075563,0.0749793,11.5875,-42.2765,16.118,52288863
9.39245,-2.00873,2.43011,-0.010405,-0.0290823,0.0799088,11.5875,-42.2765,16.118,52350299
9.59596,-2.04704,2.56658,-0.0299899,0.0235441,0.0268829,11.4064,-43.9166,16.6435,52407835
9.54089,-1.68073,1.6927,0.927676,-1.23482,0.920864,11.4064,-43.9166,16.6435,52481124
10.0389,-2.71502,1.86748,-0.140705,0.543679,-0.322316,13.398,-47.0144,14.0156,52540413
9.3326,-2.47321,1.95127,0.0785935,-0.105557,0.125341,13.398,-47.0144,14.0156,52598255
9.57681,-2.72939,2.34632,0.130554,0.141054,0.210875,11.9496,-45.5566,15.4172,52660741
9.65342,-2.50912,2.19788,0.0692673,-0.0374758,0.0474004,11.9496,-45.5566,15.4172,52722678
9.46188,-2.81079,2.30562,-0.027725,0.118804,-0.123935,13.398,-46.2855,12.9645,52780134
9.27992,-2.53306,2.26252,0.0318293,0.0303388,0.0422044,12.8549,-46.4678,16.2932,52854136
9.4547,-2.48518,2.07577,0.0650039,0.100152,0.0889686,12.8549,-46.4678,16.2932,52911929
9.51695,-2.47082,2.00873,-0.0265259,-0.112618,-0.0718415,12.8549,-46.4678,16.2932,52974922
9.67257,-2.22182,1.84353,0.0680682,-0.0517316,0.00823048,11.5875,-45.1922,15.0668,53036622
9.59356,-2.478,1.96085,0.0701999,0.107613,-0.0535888,11.5875,-45.1922,15.0668,53094471
9.39006,-2.50433,2.05901,0.0749962,0.0175486,0.0176899,11.7686,-45.7389,14.1908,53152234
9.43555,-2.37984,1.88424,0.0976455,-0.103958,0.0659196,11.4064,-46.1033,14.5412,53258991
9.50019,-2.40617,1.95127,0.0534128,0.0535211,-0.0160176,11.4064,-46.1033,14.5412,53316226
9.40921,-2.40617,2.12844,0.0194388,0.0283404,-0.0245444,12.4928,-46.8322,14.1908,53375077
9.53371,-2.40857,2.13563,0.0268998,0.0503235,0.0388737,12.4928,-46.8322,14.1908,53433732
9.48343,-2.44448,2.14281,0.0376915,0.0299391,0.020621,11.9496,-46.2855,14.366,53491689
9.65342,-2.37026,2.03028,0.0315629,0.00275998,0.0182228,11.9496,-46.2855,14.366,53553615
9.45709,-2.43969,2.0662,0.0390238,-0.00936406,0.025817,11.7686,-46.8322,14.5412,53624239
9.58398,-2.41575,2.06141,0.0374251,0.0127523,-0.00149539,11.7686,-46.8322,14.5412,53683801
9.48582,-2.46842,2.05183,0.0548783,0.0276742,0.0183561,12.1307,-46.4678,14.5412,53745448
9.61511,-2.36786,2.07338,0.074863,0.0685762,0.036742,12.1307,-46.4678,14.5412,53803052
9.54807,-2.41575,2.03268,0.00918001,0.0497906,0.0215536,11.9496,-46.65,15.0668,53864543
9.71567,-2.46363,1.93451,0.0185062,0.00329291,0.0356761,11.9496,-46.65,15.0668,53936035
9.5385,-2.45884,2.08774,-0.00414309,0.0689759,0.0263499,11.9496,-44.8277,16.118,53997017
9.65821,-2.42772,1.99676,0.0198385,0.0577845,0.0147588,11.9496,-44.8277,16.118,54058208
9.42836,-2.40138,2.18112,-0.013336,0.139055,0.00863019,12.6738,-45.9211,13.6652,54115795
9.64145,-2.32716,2.03747,-0.00440958,0.0555195,-0.000562772,12.6738,-45.9211,13.6652,54176836
9.6199,-2.4373,2.02549,-0.0712917,0.0367339,-0.00416002,12.3117,-47.3789,14.0156,54235451
