3.33512,-0.339977,-9.44991,0.0438201,0.0444613,0.0224862,11.4064,6.37793,-58.6904,2561733
3.38301,-0.342371,-9.414,0.0113117,-0.0480011,-0.00402679,11.7686,6.37793,-58.34,2619276
3.33512,-0.347159,-9.4523,0.0251678,0.0672439,0.0395398,11.7686,6.37793,-58.34,2679249
3.4692,-0.23942,-9.51455,0.0623393,0.0412638,0.0134265,11.7686,6.37793,-58.34,2740938
3.36146,-0.215478,-9.42118,-0.0168001,-0.0349444,-0.0184157,11.7686,6.37793,-58.34,2798388
3.30879,-0.237026,-9.36612,0.0655368,-0.0122951,-0.0049594,11.7686,6.37793,-58.34,2950917
3.37582,-0.177171,-9.27035,0.050082,0.046593,0.000503078,10.3201,4.92012,-59.3912,3013086
3.31357,-0.28491,-9.08599,0.0562106,0.0962883,-0.00775725,10.3201,4.92012,-59.3912,3074755
3.51708,-0.0670376,-8.81066,0.356114,0.326512,0.017157,10.6822,6.01348,-57.2889,3132248
2.84431,0.215478,-7.07965,1.15444,0.712749,0.183563,10.6822,6.01348,-57.2889,3194589
3.60567,-1.37188,-8.73165,2.35658,0.0593832,0.36156,19.3728,3.4623,-57.6392,3252204
3.40934,-1.75734,-8.07325,2.08972,0.513568,0.309333,19.3728,3.4623,-57.6392,3406634
4.13,-5.34625,-7.41484,1.03826,0.295336,0.0108951,31.6846,1.27559,-53.4346,3465871
3.43089,-5.2002,-7.46272,0.0326287,-0.10116,-0.0987542,39.1078,1.82227,-49.0547,3528471
4.91529,-5.39892,-6.56011,0.113367,-0.178434,0.651737,39.1078,1.82227,-49.0547,3587121
3.48117,-2.70066,-8.07803,-0.732918,-0.282088,1.01106,39.1078,3.64453,-49.0547,3644425
2.3966,-2.68869,-9.91439,-1.41546,-1.74124,1.00666,39.1078,3.64453,-49.0547,3707427
1.76692,-2.08056,-4.60884,-1.23,0.707686,1.12737,31.6846,12.9381,-53.4346,3857636
1.30245,-2.31759,-9.63905,-1.77812,-0.149656,0.499854,19.5539,19.6805,-53.9601,3916929
0.756567,-3.56018,-12.6534,-1.45077,-0.0362768,0.33065,1.26738,29.3385,-46.7771,3974915
0.723049,-3.34949,-11.0397,-0.609679,-0.140064,1.0513,1.26738,29.3385,-46.7771,4036927
0.991199,-0.378284,-10.6255,-0.659774,-0.30647,0.192756,1.26738,29.3385,-46.7771,4097231
0.964863,-0.782904,-11.0085,-0.543862,-0.139531,0.084039,1.26738,29.3385,-46.7771,4158322
0.866701,-1.65679,-11.0971,-0.226506,0.0489912,0.347304,-7.42324,66.8771,-18.7459,4263288
0.675165,0.167594,-9.89762,-0.0265259,-0.0619904,0.115348,-7.42324,66.8771,-18.7459,4331280
1.52032,0.339977,-9.09796,0.367838,-0.14486,0.00756432,-3.80215,79.9974,-14.5412,4388999
0.670376,0.725443,-9.70609,0.0411555,0.0102209,0.162779,-3.80215,79.9974,-14.5412,4448933
0.622492,0.299275,-8.97586,0.0651371,0.00595753,-0.00655818,-3.07793,82.9131,-16.6435,4510959
0.639252,0.31364,-10.0102,0.0439534,0.0311382,0.0212871,-3.07793,82.9131,-16.6435,4568752
0.634463,0.301669,-9.89523,0.0414219,0.0352684,0.0228859,-4.16426,84.7353,-16.6435,4643431
0.653617,0.31364,-9.91917,0.0476839,0.0343358,0.0268829,-4.16426,84.7353,-16.6435,4705442
0.629675,0.256179,-9.97424,0.0418217,0.0347355,0.0244847,-3.80215,84.0064,-16.6435,4763144
0.64404,0.241814,-10.0317,0.0406226,0.0352684,0.0255505,-3.80215,84.0064,-16.6435,4821026
0.627281,0.258574,-9.88805,0.0422214,0.0352684,0.0230191,-2.71582,85.0998,-17.3443,4879420
0.632069,0.251391,-9.96945,0.042621,0.036201,0.0262167,-2.71582,85.0998,-17.3443,4951417
0.646434,0.294487,-9.87368,0.0486165,0.0358013,0.0286149,-4.52637,84.3709,-16.2932,5009773
0.648829,0.256179,-9.92875,0.0418217,0.0326038,0.0244847,-4.52637,84.3709,-16.2932,5068426
0.605733,0.260968,-9.89284,0.0422214,0.0319376,0.0210207,-3.9832,83.4597,-17.5195,5127121
0.634463,0.234632,-9.85932,0.0444863,0.0342025,0.0259502,-3.9832,83.4597,-17.5195,5184564
0.656011,0.28491,-9.88326,0.0410223,0.0302056,0.024085,-3.07793,82.9131,-16.6435,5246846
0.634463,0.270545,-9.92875,0.0424878,0.0352684,0.0264832,-3.07793,82.9131,-16.6435,5327347
0.612916,0.277727,-9.9096,0.0484832,0.0303388,0.0263499,-2.89687,83.0953,-16.8187,5387523
0.656011,0.28491,-9.94551,0.0427543,0.034469,0.0246179,-2.89687,83.0953,-16.8187,5448671
0.634463,0.260968,-9.9096,0.0384909,0.0339361,0.0260835,-4.52637,84.0064,-16.9939,5506382
0.646434,0.26815,-9.98142,0.0458186,0.0363342,0.0238185,-4.52637,84.0064,-16.9939,5569353
0.639252,0.289698,-9.8689,0.050082,0.0338029,0.0216868,-3.62109,83.8242,-15.7676,5627942
0.632069,0.275333,-9.90481,0.0443531,0.0358013,0.0250176,-3.44004,81.0908,-18.0451,5732064
0.59855,0.294487,-9.94551,0.0459518,0.034469,0.0184893,-3.44004,81.0908,-18.0451,5790739
0.665588,0.287304,-9.91678,0.0468845,0.034469,0.0242182,-3.62109,83.8242,-18.2203,5851451
0.651223,0.26815,-9.8689,0.0455522,0.0376666,0.0239518,-3.62109,83.8242,-18.2203,5909834
0.632069,0.308852,-9.93833,0.0475506,0.0354016,0.0239518,-3.25898,83.8242,-18.5707,5968452
0.677559,0.301669,-9.96945,0.0447527,0.0342025,0.0263499,-3.25898,83.8242,-18.5707,6038270
0.653617,0.289698,-9.96227,0.0427543,0.0372669,0.0251508,-3.80215,84.3709,-16.2932,6100805
0.651223,0.272939,-9.87368,0.0476839,0.0334031,0.0259502,-3.80215,84.3709,-16.2932,6161713
0.634463,0.325611,-9.92636,0.042621,0.0332699,0.0220865,-3.25898,83.4597,-18.5707,6221800
0.629675,0.292093,-9.92875,0.0455522,0.0316712,0.0263499,-3.25898,83.4597,-18.5707,6283465
0.665588,0.296881,-9.9096,0.0459518,0.0299391,0.0212871,-3.44004,84.3709,-16.9939,6341197
0.629675,0.265756,-9.92157,0.0458186,0.0375333,0.0222198,-3.44004,84.3709,-16.9939,6413241
0.627281,0.287304,-9.8689,0.0446195,0.0347355,0.0264832,-2.17266,83.8242,-17.1691,6471522
0.627281,0.270545,-9.95509,0.0482168,0.0339361,0.0259502,-2.17266,83.8242,-17.1691,6532262
0.641646,0.258574,-9.90242,0.0406226,0.0347355,0.0236853,-2.71582,83.2775,-17.3443,6591226
0.634463,0.294487,-9.92636,0.0450192,0.0368672,0.0254173,-2.71582,83.2775,-17.3443,6649860
0.648829,0.270545,-9.93593,0.0472842,0.0331367,0.0215536,-3.25898,82.3664,-16.4684,6707781
0.64404,0.316035,-9.96227,0.0463516,0.0368672,0.0214204,-3.25898,82.3664,-16.4684,6781403
0.632069,0.299275,-9.96466,0.0458186,0.0354016,0.0248844,-3.62109,83.8242,-16.8187,6842272
0.624887,0.289698,-9.88087,0.03969,0.0347355,0.0214204,-3.62109,83.8242,-16.8187,6901647
0.622492,0.277727,-9.90002,0.0460851,0.0350019,0.0235521,-3.44004,85.4642,-17.3443,6963156
0.634463,0.26815,-9.88326,0.0462183,0.0331367,0.0264832,-3.44004,85.4642,-17.3443,7020856
0.639252,0.275333,-9.93593,0.0447527,0.0294062,0.0218201,-3.25898,83.4597,-17.1691,7130010
0.636858,0.282516,-9.93593,0.0418217,0.032737,0.0216868,-2.53477,83.4597,-17.8699,7188803
0.610521,0.318429,-9.95509,0.0419549,0.0294062,0.0262167,-2.53477,83.4597,-17.8699,7251149
0.651223,0.258574,-9.85214,0.044886,0.0320708,0.0264832,-4.34531,83.8242,-17.1691,7309170
0.634463,0.294487,-9.93114,0.043154,0.0363342,0.0244847,-4.34531,83.8242,-17.1691,7366561
0.610521,0.294487,-9.92875,0.0472842,0.0335364,0.022353,-3.62109,84.5531,-16.118,7425240
0.653617,0.260968,-9.92396,0.0440866,0.0347355,0.0226195,-3.62109,84.5531,-16.118,7499076
0.624887,0.270545,-9.95509,0.0462183,0.0339361,0.0256838,-4.16426,83.642,-17.3443,7556780
0.622492,0.26815,-9.87129,0.0423546,0.0323373,0.0226195,-4.16426,83.642,-17.3443,7616047
0.632069,0.301669,-9.91199,0.0444863,0.0342025,0.0232856,-3.80215,83.642,-17.6947,7674339
0.68953,0.258574,-9.94312,0.0487497,0.0324705,0.0228859,-3.80215,83.642,-17.6947,7732219
0.629675,0.26815,-9.91678,0.044886,0.0355348,0.0238185,-3.80215,83.642,-17.6947,7798235
0.61531,0.306458,-9.92875,0.0450192,0.0294062,0.0216868,-3.80215,83.642,-17.6947,7867804
0.6608,0.280121,-9.96706,0.0451525,0.0383327,0.0231524,-4.88848,85.8287,-16.6435,7928026
0.639252,0.251391,-9.89762,0.0440866,0.0346022,0.0238185,-4.88848,85.8287,-16.6435,7990062
0.653617,0.251391,-9.90481,0.0415552,0.0316712,0.0215536,-2.53477,82.7308,-16.118,8047628
0.620098,0.306458,-9.81383,0.0478171,0.0352684,0.0210207,-2.53477,82.7308,-16.118,8110849
0.653617,0.304064,-9.94551,0.0400896,0.0358013,0.022353,-3.44004,82.5486,-17.3443,8184184
0.653617,0.299275,-9.9096,0.0472842,0.0364675,0.0263499,-3.44004,82.5486,-17.3443,8242475
0.617704,0.275333,-9.87368,0.0451525,0.0278074,0.0227527,-2.71582,82.9131,-16.6435,8302286
0.634463,0.304064,-9.89762,0.0420881,0.034469,0.0279487,-2.71582,82.9131,-16.6435,8360898
0.636858,0.294487,-9.91917,0.0419549,0.0354016,0.0224862,-2.71582,83.2775,-17.6947,8421276
0.61531,0.237026,-9.90002,0.0459518,0.032737,0.0208874,-2.71582,83.2775,-17.6947,8479959
0.634463,0.241814,-10.0006,0.0444863,0.0304721,0.0256838,-3.62109,84.5531,-15.7676,8582844
0.663194,0.253785,-10.0006,0.0459518,0.0296727,0.0210207,-3.62109,84.5531,-15.7676,8643056
0.656011,0.246603,-9.90242,0.039157,0.0385992,0.0183561,-3.25898,84.5531,-16.8187,8707736
0.600945,0.28491,-9.90002,0.0480835,0.029273,0.0263499,-3.25898,84.5531,-16.8187,8765473
0.61531,0.292093,-9.89284,0.0471509,0.0336696,0.0192887,-3.9832,83.8242,-16.8187,8827718
0.641646,0.325611,-9.85453,0.0464848,0.0336696,0.0243515,-3.9832,83.8242,-16.8187,8885655
0.636858,0.304064,-9.95269,0.0411555,0.0383327,0.0282152,-4.16426,83.2775,-17.3443,8957847
0.656011,0.282516,-9.90002,0.046618,0.0354016,0.020621,-4.16426,83.2775,-17.3443,9020698
0.608127,0.28491,-9.91917,0.0472842,0.0342025,0.0228859,-4.16426,82.5486,-17.3443,9078378
0.663194,0.256179,-9.98142,0.0460851,0.0300724,0.0244847,-4.16426,82.5486,-17.3443,9137352
0.620098,0.280121,-9.88326,0.0422214,0.0350019,0.0234188,-3.62109,82.0019,-18.2203,9194994
0.636858,0.296881,-10.0197,0.042621,0.0348687,0.0280819,-3.62109,82.0019,-18.2203,9253747
0.651223,0.280121,-9.9072,0.0439534,0.0354016,0.0247511,-3.80215,83.642,-17.3443,9326881
0.632069,0.275333,-9.87129,0.0462183,0.0342025,0.020621,-3.80215,83.642,-17.3443,9387980
0.617704,0.263362,-9.9072,0.0468845,0.0346022,0.0238185,-2.89687,84.1887,-17.8699,9445481
0.61531,0.320823,-9.94312,0.0450192,0.034469,0.0236853,-2.89687,84.1887,-17.8699,9509766
0.627281,0.280121,-9.91199,0.0407558,0.0346022,0.0220865,-1.81055,83.8242,-18.5707,9567680
0.622492,0.280121,-9.93833,0.0410223,0.0358013,0.0202213,-1.81055,83.8242,-18.5707,9639444
0.639252,0.241814,-9.90481,0.0472842,0.0328702,0.0295475,-2.89687,83.4597,-16.4684,9705983
0.636858,0.272939,-10.0245,0.0428875,0.0328702,0.0224862,-2.89687,83.4597,-16.4684,9763624
0.646434,0.270545,-9.89284,0.0432872,0.0356681,0.0232856,-3.44004,83.2775,-16.9939,9821275
0.639252,0.234632,-9.91199,0.0435537,0.0348687,0.024085,-3.44004,83.2775,-16.9939,9880443
0.663194,0.304064,-9.84735,0.0455522,0.0298059,0.0251508,-4.16426,82.9131,-16.6435,9939208
0.627281,0.301669,-9.991,0.0495491,0.0377998,0.0236853,-1.81055,83.0953,-16.8187,10042801
0.627281,0.270545,-9.95509,0.0423546,0.0367339,0.0220865,-1.81055,83.0953,-16.8187,10101420
0.639252,0.304064,-9.95748,0.0443531,0.0340693,0.0267496,-2.17266,83.0953,-17.1691,10158976
0.658405,0.265756,-9.92396,0.0502152,0.0304721,0.0234188,-2.17266,83.0953,-17.1691,10221341
0.639252,0.280121,-10.0078,0.0479503,0.0347355,0.0234188,-1.9916,83.2775,-17.6947,10279158
0.620098,0.244209,-9.94791,0.0432872,0.034469,0.0246179,-1.9916,83.2775,-17.6947,10354084
0.641646,0.304064,-9.92875,0.0467512,0.0338029,0.0262167,-3.25898,83.8242,-17.1691,10417340
0.622492,0.270545,-9.88326,0.0450192,0.0339361,0.0266164,-3.25898,83.8242,-17.1691,10474794
0.679953,0.277727,-9.93354,0.0486165,0.0324705,0.0239518,-1.9916,83.2775,-15.9428,10534811
0.61531,0.260968,-9.88565,0.0412887,0.0328702,0.0242182,-1.9916,83.2775,-15.9428,10593283
0.658405,0.258574,-9.89045,0.0428875,0.0328702,0.0231524,-4.88848,84.7353,-16.9939,10650661
0.593762,0.294487,-9.88087,0.0479503,0.0324705,0.0254173,-4.88848,84.7353,-16.9939,10728658
0.622492,0.26815,-9.83777,0.0434204,0.0347355,0.0219533,-4.16426,84.3709,-16.6435,10786689
0.617704,0.311246,-9.86411,0.0435537,0.0328702,0.0228859,-4.16426,84.3709,-16.6435,10847506
0.651223,0.246603,-9.9503,0.0454189,0.0320708,0.0291478,-3.07793,82.9131,-17.3443,10909037
0.600945,0.265756,-9.92157,0.0451525,0.0338029,0.0268829,-3.07793,82.9131,-17.3443,10966758
0.64404,0.258574,-9.90242,0.0486165,0.034469,0.0215536,-3.9832,83.0953,-16.4684,11029893
0.627281,0.251391,-9.9503,0.0402229,0.0322041,0.0220865,-3.9832,83.0953,-16.4684,11100386
0.61531,0.246603,-9.90242,0.0420881,0.0339361,0.0283484,-3.62109,85.282,-16.4684,11157993
0.64404,0.289698,-9.94791,0.0442199,0.0376666,0.0220865,-3.62109,85.282,-16.4684,11216388
0.59855,0.308852,-9.90481,0.0428875,0.0323373,0.0222198,-3.44004,85.0998,-18.3955,11275074
0.656011,0.299275,-9.88326,0.0440866,0.0351352,0.0234188,-3.44004,85.0998,-18.3955,11332551
0.59855,0.263362,-9.90481,0.0436869,0.0320708,0.0227527,-2.35371,83.2775,-16.6435,11442945
0.617704,0.289698,-9.88087,0.0451525,0.032737,0.0227527,-4.34531,83.4597,-17.1691,11501485
0.653617,0.248997,-9.93354,0.0416884,0.0366007,0.0267496,-4.34531,83.4597,-17.1691,11561066
0.622492,0.270545,-9.86411,0.044886,0.0338029,0.0235521,-2.53477,84.5531,-17.5195,11623748
0.651223,0.253785,-9.95988,0.044886,0.036201,0.0236853,-2.53477,84.5531,-17.5195,11682108
0.6608,0.275333,-9.91199,0.0438201,0.0358013,0.0232856,-4.52637,82.5486,-18.0451,11740248
0.639252,0.270545,-9.9503,0.0438201,0.0336696,0.0227527,-4.52637,82.5486,-18.0451,11812766
0.632069,0.304064,-9.92157,0.0443531,0.0311382,0.0236853,-2.71582,84.7353,-17.6947,11874964
0.636858,0.318429,-9.95748,0.046618,0.0338029,0.0228859,-2.71582,84.7353,-17.6947,11933128
0.612916,0.31364,-9.98382,0.044886,0.0383327,0.0236853,-3.62109,85.282,-17.1691,11994998
0.622492,0.275333,-9.90242,0.0408891,0.0354016,0.0230191,-3.62109,85.282,-17.1691,12057488
0.620098,0.248997,-9.94791,0.0455522,0.0360678,0.0219533,-3.25898,82.3664,-18.9211,12115293
0.629675,0.292093,-9.97663,0.0458186,0.0355348,0.0270161,-3.25898,82.3664,-18.9211,12187513
0.629675,0.280121,-9.87608,0.0428875,0.0363342,0.0247511,-3.07793,84.0064,-15.9428,12248765
0.617704,0.270545,-9.94791,0.0430208,0.0306053,0.0267496,-3.07793,84.0064,-15.9428,12309654
0.629675,0.289698,-9.97185,0.0427543,0.0358013,0.0239518,-3.25898,83.4597,-17.1691,12367300
0.610521,0.301669,-9.95748,0.0454189,0.0375333,0.0202213,-3.25898,83.4597,-17.1691,12426472
0.677559,0.270545,-9.91439,0.0463516,0.0363342,0.0238185,-2.53477,84.1887,-16.4684,12497262
0.624887,0.280121,-9.92636,0.046618,0.0332699,0.0220865,-2.53477,84.1887,-16.4684,12554823
0.687136,0.323217,-9.96466,0.0434204,0.0348687,0.0266164,-2.17266,83.8242,-16.8187,12617573
0.646434,0.280121,-9.95269,0.0458186,0.0358013,0.0212871,-2.17266,83.8242,-16.8187,12678797
0.620098,0.272939,-9.93833,0.0467512,0.0311382,0.027549,-3.44004,83.642,-17.6947,12736417
0.64404,0.296881,-9.99818,0.0462183,0.0322041,0.0247511,-3.44004,83.642,-17.6947,12798708
0.648829,0.282516,-9.95988,0.0446195,0.0367339,0.0199548,-4.34531,84.1887,-16.8187,12903349
0.651223,0.308852,-9.94312,0.0415552,0.0339361,0.0243515,-4.34531,84.1887,-16.8187,12965220
0.64404,0.292093,-9.94551,0.0455522,0.0306053,0.0252841,-3.62109,84.5531,-16.4684,13023317
0.617704,0.318429,-10.0054,0.0462183,0.0319376,0.0252841,-3.62109,84.5531,-16.4684,13080841
0.620098,0.272939,-9.91199,0.0475506,0.0355348,0.0216868,-3.44004,83.642,-18.0451,13140385
0.641646,0.306458,-9.95748,0.0434204,0.0375333,0.0228859,-3.44004,83.642,-18.0451,13212205
0.651223,0.246603,-9.89284,0.0456854,0.0339361,0.0252841,-3.25898,83.4597,-17.5195,13270594
0.632069,0.304064,-9.94312,0.0407558,0.0347355,0.0252841,-3.25898,83.4597,-17.5195,13330188
0.620098,0.28491,-9.90002,0.0442199,0.0403312,0.0244847,-3.07793,82.1841,-16.6435,13391515
0.641646,0.304064,-9.93114,0.0446195,0.0326038,0.0280819,-3.07793,82.1841,-16.6435,13450579
0.624887,0.256179,-9.90481,0.0480835,0.034469,0.0234188,-3.9832,84.5531,-17.1691,13512945
0.632069,0.275333,-9.9072,0.0430208,0.0311382,0.0250176,-3.9832,84.5531,-17.1691,13583586
0.61531,0.311246,-9.97424,0.0482168,0.0308718,0.0239518,-4.34531,83.4597,-16.8187,13641179
0.627281,0.299275,-9.96466,0.0446195,0.0347355,0.0208874,-4.34531,83.4597,-16.8187,13705368
0.600945,0.270545,-9.93114,0.0415552,0.0303388,0.0248844,-4.52637,82.5486,-17.6947,13763262
0.646434,0.258574,-9.87608,0.0467512,0.0307385,0.0224862,-4.52637,82.5486,-17.6947,13820960
0.632069,0.234632,-9.95269,0.0452857,0.0371336,0.0232856,-3.07793,83.2775,-17.3443,13883712
0.646434,0.241814,-9.96706,0.0435537,0.0355348,0.0203545,-3.07793,83.2775,-17.3443,13956168
0.620098,0.270545,-9.98142,0.043154,0.0339361,0.0248844,-4.16426,83.2775,-17.3443,14013727
0.627281,0.287304,-9.91439,0.0434204,0.0288733,0.0219533,-4.16426,83.2775,-17.3443,14078942
0.667982,0.289698,-9.89284,0.0450192,0.0335364,0.0215536,-3.07793,82.1841,-18.3955,14137021
0.622492,0.287304,-9.89523,0.0468845,0.0322041,0.0207542,-3.07793,82.1841,-18.3955,14194549
0.64404,0.272939,-9.89762,0.0452857,0.0391321,0.0246179,-4.52637,84.3709,-16.2932,14301005
0.629675,0.265756,-9.93354,0.0439534,0.0363342,0.0226195,-3.62109,84.5531,-16.118,14358596
0.61531,0.253785,-9.94072,0.044886,0.0322041,0.0234188,-3.62109,84.5531,-16.118,14418802
0.624887,0.234632,-9.89045,0.0475506,0.0320708,0.0199548,-2.89687,83.0953,-17.1691,14477584
0.605733,0.244209,-9.97424,0.0496823,0.0359345,0.0184893,-2.89687,83.0953,-17.1691,14539320
0.641646,0.304064,-9.89762,0.0415552,0.0328702,0.0243515,-2.89687,83.0953,-17.1691,14600353
0.656011,0.253785,-9.87368,0.0422214,0.0336696,0.0262167,-2.89687,83.0953,-17.1691,14673068
0.629675,0.28491,-9.88326,0.0454189,0.034469,0.0224862,-3.80215,83.2775,-16.6435,14734582
0.61531,0.265756,-9.89045,0.0460851,0.0295394,0.0280819,-3.80215,83.2775,-16.6435,14792061
0.617704,0.270545,-9.90242,0.044886,0.0395318,0.0218201,-2.89687,84.1887,-17.5195,14849772
0.667982,0.299275,-9.89523,0.0470177,0.0314047,0.0235521,-2.89687,84.1887,-17.5195,14911321
0.620098,0.26815,-9.94072,0.0480835,0.0290065,0.0212871,-4.34531,83.8242,-17.5195,14981773
0.624887,0.265756,-9.99339,0.0451525,0.0334031,0.0215536,-4.34531,83.8242,-17.5195,15039921
0.627281,0.251391,-9.92875,0.0446195,0.031005,0.0226195,-2.35371,85.0998,-16.2932,15098413
0.624887,0.265756,-9.90242,0.0464848,0.036201,0.0236853,-2.35371,85.0998,-16.2932,15156994
0.61531,0.316035,-9.92396,0.0418217,0.0377998,0.0215536,-4.52637,83.2775,-15.5924,15218364
0.624887,0.304064,-9.88087,0.0454189,0.0319376,0.0228859,-4.52637,83.2775,-15.5924,15280376
0.639252,0.272939,-9.8689,0.0480835,0.0338029,0.0243515,-4.16426,83.2775,-15.5924,15350577
0.675165,0.287304,-9.92875,0.0447527,0.0359345,0.0243515,-4.16426,83.2775,-15.5924,15410571
0.639252,0.275333,-9.94312,0.0472842,0.0323373,0.0282152,-3.80215,83.642,-17.3443,15471776
0.605733,0.265756,-9.85693,0.044886,0.0360678,0.0216868,-3.80215,83.642,-17.3443,15529733
0.636858,0.26815,-9.91917,0.0455522,0.0350019,0.0207542,-2.35371,84.0064,-17.6947,15590281
0.641646,0.277727,-9.96466,0.0470177,0.0319376,0.0248844,-2.35371,84.0064,-17.6947,15649617
0.636858,0.263362,-9.95269,0.042621,0.0358013,0.0254173,-3.9832,82.7308,-16.8187,15752349
0.634463,0.265756,-9.96466,0.0408891,0.0330035,0.0190222,-4.16426,85.4642,-16.6435,15815659
0.603339,0.260968,-9.93114,0.0438201,0.0299391,0.0230191,-4.16426,85.4642,-16.6435,15877832
0.648829,0.248997,-9.93354,0.0454189,0.0319376,0.0264832,-3.25898,84.5531,-17.5195,15935448
0.656011,0.301669,-9.91199,0.0499488,0.034469,0.0235521,-3.25898,84.5531,-17.5195,15992813
0.665588,0.241814,-9.9503,0.0406226,0.0348687,0.0214204,-3.25898,84.5531,-17.5195,16067003
0.59855,0.282516,-9.92875,0.0471509,0.0339361,0.0286149,-3.25898,84.5531,-17.1691,16129002
0.648829,0.28491,-9.84735,0.0436869,0.0364675,0.0255505,-3.07793,84.3709,-15.9428,16186916
0.627281,0.311246,-9.92875,0.0446195,0.0339361,0.0238185,-3.07793,84.3709,-15.9428,16245339
0.639252,0.301669,-9.93114,0.044886,0.031005,0.0211539,-4.16426,82.5486,-17.3443,16303996
0.636858,0.28491,-9.93354,0.0430208,0.0282071,0.0220865,-4.16426,82.5486,-17.3443,16361659
0.620098,0.244209,-9.91199,0.0475506,0.0377998,0.0248844,-2.53477,83.4597,-16.4684,16436658
0.675165,0.26815,-9.90002,0.0470177,0.0338029,0.0214204,-2.53477,83.4597,-16.4684,16497466
0.641646,0.251391,-9.94312,0.0476839,0.0324705,0.0236853,-1.9916,84.0064,-14.8916,16557263
0.629675,0.308852,-9.92636,0.042621,0.0374001,0.0236853,-1.9916,84.0064,-14.8916,16615890
0.665588,0.282516,-9.94312,0.0467512,0.0259422,0.0248844,-3.25898,83.4597,-17.5195,16673557
0.641646,0.294487,-9.991,0.0423546,0.0360678,0.0204878,-3.25898,83.4597,-17.5195,16748338
0.64404,0.28491,-9.98861,0.0454189,0.0315379,0.0268829,-4.16426,82.9131,-17.3443,16810382
0.648829,0.270545,-9.9503,0.0474174,0.0331367,0.0219533,-4.16426,82.9131,-17.3443,16870328
0.617704,0.251391,-9.90002,0.0455522,0.029273,0.0215536,-2.89687,84.5531,-16.4684,16929828
0.629675,0.296881,-9.90481,0.0446195,0.034469,0.0252841,-2.89687,84.5531,-16.4684,16988046
0.608127,0.308852,-9.89284,0.0446195,0.0411306,0.0243515,-3.80215,83.642,-18.0451,17047102
0.648829,0.299275,-9.91678,0.0482168,0.0328702,0.0228859,-3.80215,83.642,-18.0451,17154361
0.6608,0.306458,-9.88087,0.0472842,0.0314047,0.0268829,-2.71582,82.9131,-18.3955,17216959
0.682347,0.299275,-9.89762,0.0435537,0.0314047,0.0224862,-2.71582,82.9131,-18.3955,17274724
0.658405,0.260968,-9.86411,0.0484832,0.0331367,0.0252841,-3.80215,82.5486,-18.3955,17332547
0.665588,0.294487,-9.91439,0.0459518,0.0322041,0.0248844,-3.80215,82.5486,-18.3955,17394798
0.658405,0.311246,-9.91678,0.0444863,0.0355348,0.0247511,-2.53477,83.0953,-16.8187,17455898
0.641646,0.260968,-9.91439,0.0442199,0.0330035,0.0268829,-2.53477,83.0953,-16.8187,17528318
0.586579,0.272939,-9.89284,0.0446195,0.0339361,0.0255505,-3.25898,82.3664,-16.8187,17589577
0.629675,0.275333,-9.92636,0.0447527,0.0291398,0.0276822,-3.25898,82.3664,-16.8187,17647016
0.646434,0.287304,-9.93354,0.0432872,0.0348687,0.0215536,-2.53477,83.4597,-17.5195,17707046
0.622492,0.272939,-9.91199,0.0447527,0.039665,0.0222198,-2.53477,83.4597,-17.5195,17768740
0.603339,0.282516,-9.95988,0.0455522,0.032737,0.025817,-3.9832,83.8242,-17.1691,17838517
0.646434,0.232238,-9.93114,0.0414219,0.0350019,0.018889,-3.9832,83.8242,-17.1691,17900558
0.632069,0.323217,-9.88565,0.0419549,0.0324705,0.0227527,-2.17266,83.8242,-16.8187,17958095
0.682347,0.275333,-9.93593,0.0468845,0.0311382,0.0264832,-2.17266,83.8242,-16.8187,18016120
0.622492,0.280121,-9.91678,0.0438201,0.0343358,0.0284816,-3.25898,82.3664,-17.1691,18074526
0.61531,0.28491,-9.9096,0.0462183,0.0332699,0.0224862,-3.25898,82.3664,-17.1691,18139020
0.636858,0.275333,-9.91199,0.0447527,0.0322041,0.0243515,-3.62109,83.8242,-18.2203,18208469
0.634463,0.28491,-9.9096,0.0408891,0.0331367,0.0236853,-3.62109,83.8242,-18.2203,18273287
0.634463,0.277727,-9.85453,0.044886,0.0354016,0.0251508,-3.80215,84.0064,-16.2932,18331226
0.658405,0.256179,-9.92396,0.0475506,0.0340693,0.0268829,-3.80215,84.0064,-16.2932,18388783
0.600945,0.253785,-9.89523,0.0395567,0.0312715,0.0231524,-3.25898,83.4597,-16.8187,18454527
0.663194,0.260968,-9.86171,0.0432872,0.0383327,0.0218201,-3.25898,83.4597,-16.8187,18512602
0.634463,0.296881,-9.9096,0.0444863,0.029273,0.025817,-4.16426,82.9131,-16.9939,18618689
0.687136,0.287304,-9.94551,0.0468845,0.0304721,0.0251508,-3.62109,84.5531,-16.4684,18677345
0.684741,0.3304,-9.93354,0.0474174,0.0328702,0.0242182,-3.62109,84.5531,-16.4684,18737891
0.694318,0.265756,-9.91439,0.0462183,0.0363342,0.0267496,-3.07793,83.642,-16.9939,18796152
0.632069,0.287304,-9.95269,0.0467512,0.0352684,0.0246179,-3.07793,83.642,-16.9939,18854834
0.634463,0.292093,-9.94312,0.0438201,0.0319376,0.0262167,-3.62109,83.0953,-17.8699,18924643
0.658405,0.282516,-9.8689,0.0440866,0.0370004,0.0222198,-3.62109,83.0953,-17.8699,18987435
0.651223,0.308852,-9.9503,0.0419549,0.034469,0.0262167,-3.62109,83.4597,-16.4684,19048581
0.653617,0.299275,-9.91917,0.0444863,0.0346022,0.0254173,-3.62109,83.4597,-16.4684,19106276
0.653617,0.263362,-9.85214,0.043154,0.0347355,0.0226195,-3.25898,84.1887,-16.8187,19168938
0.629675,0.270545,-9.94312,0.044886,0.0296727,0.0230191,-3.25898,84.1887,-16.8187,19226815
0.608127,0.294487,-10.0245,0.0438201,0.0308718,0.0264832,-5.61269,83.2775,-16.2932,19296227
0.634463,0.26815,-9.88805,0.0472842,0.0298059,0.0243515,-5.61269,83.2775,-16.2932,19357719
0.634463,0.282516,-9.92636,0.044886,0.0319376,0.0211539,-3.25898,84.5531,-18.2203,19416434
0.641646,0.282516,-9.93114,0.0474174,0.031005,0.022353,-3.25898,84.5531,-18.2203,19474092
0.667982,0.325611,-9.92396,0.0458186,0.0332699,0.0215536,-4.16426,83.642,-15.9428,19533370
0.603339,0.292093,-9.93593,0.0490162,0.0348687,0.0256838,-4.16426,83.642,-15.9428,19603132
0.593762,0.311246,-9.89523,0.0427543,0.0318044,0.0242182,-2.53477,83.0953,-16.4684,19663452
0.636858,0.296881,-9.92636,0.0442199,0.0340693,0.0239518,-2.53477,83.0953,-16.4684,19724578
0.629675,0.28491,-9.84735,0.0458186,0.0346022,0.0191554,-3.44004,82.9131,-16.6435,19782924
0.658405,0.311246,-9.88326,0.0423546,0.039665,0.0203545,-3.44004,82.9131,-16.6435,19844780
0.581791,0.277727,-9.90002,0.0418217,0.0343358,0.0238185,-2.71582,84.3709,-16.6435,19904095
0.646434,0.256179,-9.9503,0.046618,0.032737,0.0274158,-3.25898,83.8242,-16.8187,20013244
0.622492,0.26815,-9.8689,0.0423546,0.0351352,0.0268829,-3.25898,83.8242,-16.8187,20070947
0.610521,0.265756,-9.92396,0.0463516,0.0294062,0.0235521,-3.44004,84.3709,-16.2932,20130873
0.646434,0.308852,-9.88087,0.0443531,0.0296727,0.0254173,-3.44004,84.3709,-16.2932,20192866
0.600945,0.258574,-9.93593,0.0412887,0.0328702,0.0232856,-3.62109,83.8242,-16.8187,20250199
0.586579,0.272939,-9.89523,0.0444863,0.0315379,0.0264832,-3.62109,83.8242,-16.8187,20307940
0.639252,0.275333,-9.89762,0.0439534,0.0354016,0.0251508,-3.07793,84.3709,-16.9939,20383076
0.636858,0.246603,-9.96466,0.0455522,0.0377998,0.0244847,-3.07793,84.3709,-16.9939,20440511
0.651223,0.289698,-9.84016,0.0460851,0.0351352,0.0198216,-3.44004,84.0064,-15.9428,20500519
0.670376,0.265756,-9.85693,0.0476839,0.0343358,0.0216868,-3.44004,84.0064,-15.9428,20558980
0.617704,0.253785,-9.97663,0.0424878,0.0338029,0.0242182,-3.07793,82.9131,-18.7459,20616391
0.682347,0.299275,-9.93593,0.0454189,0.0381995,0.0224862,-3.07793,82.9131,-18.7459,20694018
0.653617,0.272939,-9.86171,0.0458186,0.0311382,0.0516638,-3.62109,83.0953,-18.2203,20751710
0.658405,0.23942,-9.95509,0.0444863,0.0311382,0.0226195,-3.62109,83.0953,-18.2203,20809085
0.538695,0.311246,-9.93354,0.042621,0.0264751,-0.023745,-3.62109,83.0953,-16.118,20867398
0.622492,0.332794,-9.92157,0.0451525,0.0371336,0.0242182,-3.62109,83.0953,-16.118,20926015
0.746991,0.162806,-10.0269,0.0472842,0.0336696,0.0860375,-3.25898,83.4597,-17.5195,20983690
0.816422,0.143652,-9.93833,0.059275,0.286942,0.285218,-3.25898,83.4597,-17.5195,21059281
0.986411,0.349553,-10.0102,0.148007,0.469202,0.169707,-5.06953,83.8242,-19.2715,21116606
1.68073,-0.471658,-9.94312,-0.0379838,0.603499,0.257906,-5.06953,83.8242,-19.2715,21173867
1.66158,-1.35272,-11.0995,0.20916,0.772969,0.29148,-7.06113,75.9885,-28.2064,21233071
1.81959,-3.13401,-12.038,0.395417,0.0711076,0.942847,-7.06113,75.9885,-28.2064,21294466
3.2202,-3.39737,-10.0269,0.64789,0.0688426,1.33814,-7.06113,75.9885,-28.2064,21351868
3.72777,-3.82354,-7.24964,0.698518,2.28328,1.76981,-7.06113,75.9885,-28.2064,21459311
6.44758,-5.67665,-5.89692,-0.526809,3.78293,3.27719,0.905273,5.28457,-57.9896,21517057
8.47308,-3.35667,-5.95438,-0.805262,4.37034,2.41878,0.905273,5.28457,-57.9896,21575609
10.6231,-2.806,-7.66623,-1.89456,4.37034,1.96433,13.0359,-25.8762,-48.0035,21634324
9.23443,-4.23534,-8.10437,-1.8446,2.01855,1.37532,13.0359,-25.8762,-48.0035,21694738
9.38527,-4.06535,-6.11479,-2.0202,-0.103159,1.48004,15.5707,-37.5387,-34.6887,21754109
8.92797,-4.08929,-3.80439,-2.74751,-0.0893028,1.31283,15.5707,-37.5387,-34.6887,21827173
8.11634,-4.14436,-3.37103,-1.07865,0.0920249,1.71279,15.2086,-34.623,-35.7398,21884530
9.26077,-0.0550666,-3.54821,-0.610345,0.601767,1.03731,15.2086,-34.623,-35.7398,21943063
8.60715,-1.76931,-4.27365,-0.434746,0.803213,0.992009,21.9076,-35.5342,-31.7103,22008093
7.92241,-1.09894,-4.39815,0.124159,0.74659,0.699167,21.9076,-35.5342,-31.7103,22066061
7.99903,-1.37427,-2.98796,0.0737971,1.15361,0.43124,23.5371,-37.5387,-30.1336,22138095
7.93917,-4.48913,-9.31823,-0.482443,-0.242785,0.136665,23.5371,-37.5387,-30.1336,22196532
7.87932,-4.05817,-2.25294,-1.0608,0.228454,0.509579,24.9855,-38.2676,-26.2793,22256166
8.12352,-2.24576,-6.33027,-0.75157,0.608829,-0.350961,24.9855,-38.2676,-26.2793,22314894
9.51934,-5.3678,-5.8227,-0.0982043,1.04596,-0.174563,22.0887,-40.0898,-25.5785,22375965
9.35893,-1.76453,-4.9129,-0.737714,1.44779,-0.195214,22.0887,-40.0898,-25.5785,22437913
9.8665,-2.43969,-3.68468,-0.49883,0.827061,-0.0538552,19.3728,-42.8232,-16.2932,22508139
10.9774,-1.60411,-2.67672,-0.442873,1.00479,-0.14272,19.3728,-42.8232,-16.2932,22569117
11.0492,-1.09894,-2.16915,-0.337088,0.750986,-0.538417,18.1055,-42.641,-12.2637,22631700
10.6997,-0.579397,-1.78368,-0.182806,0.732334,-0.755584,18.1055,-42.641,-12.2637,22692539
10.8577,-0.538695,-1.0319,-0.0486423,0.774435,-0.944772,15.3896,-43.1877,-7.5334,22750496
11.461,-0.0167594,-1.08936,0.124025,0.613758,-1.2143,15.3896,-43.1877,-7.5334,22808797
10.6686,0.0047884,0.114922,0.349186,0.869163,-1.26373,6.69902,-42.4588,-1.57676,22914760
10.1083,1.7741,0.0191536,0.820425,0.571124,-1.33487,-1.62949,-40.2721,2.97832,22975074
10.3597,2.78206,0.37589,0.807101,0.759779,-1.73204,-1.62949,-40.2721,2.97832,23036791
8.4204,3.53863,0.825999,0.95632,1.57182,-1.71085,-13.0359,-36.8098,4.90547,23094308
6.63672,2.35111,-0.634463,1.30738,1.00173,-0.979413,-13.0359,-36.8098,4.90547,23152210
6.45955,3.5075,-0.502782,0.616314,1.18892,-0.735333,-21.3644,-30.9785,5.25586,23211729
6.3159,2.9329,-0.0335188,0.241535,0.889547,-0.134727,-21.3644,-30.9785,5.25586,23285438
7.12754,2.05662,3.28724,0.355315,1.02251,0.598045,-23.7182,-28.2451,9.28535,23343084
8.03015,2.48757,0.354342,0.106572,-0.0112293,1.11112,-23.7182,-28.2451,9.28535,23401723
8.66222,2.26013,0.280121,-0.0754218,-1.33342,1.51761,-17.9244,-32.2541,9.28535,23461249
13.1513,3.91212,2.37505,0.153469,-0.262637,0.570333,-17.9244,-32.2541,9.28535,23518773
9.42836,1.84593,0.775721,0.55223,-0.317794,1.10352,-12.6738,-35.7164,4.90547,23579095
9.88087,3.05261,1.12767,0.121361,-0.496724,1.31323,-12.6738,-35.7164,4.90547,23656216
10.4483,1.84593,0.794875,0.205962,-1.16528,1.09327,-5.25058,-39.1787,5.43105,23714392
10.094,0.347159,1.10851,0.624308,-0.916135,0.611768,-5.25058,-39.1787,5.43105,23777089
10.9559,0.40462,-0.991199,0.393152,-0.977022,0.367688,0.905273,-43.5521,-4.37988,23835038
9.75876,-0.399832,-0.682347,0.212491,-0.43637,0.205812,0.905273,-43.5521,-4.37988,23892726
9.92396,-0.0694318,-1.21625,0.0410223,0.307859,0.221267,3.9832,-43.0055,-7.70859,23958596
15.7921,4.44364,3.3423,-0.288725,1.84202,-1.31515,3.9832,-43.0055,-7.70859,24029709
8.40364,-1.10133,-0.639252,-0.140971,1.67628,-0.786227,1.08633,-42.2765,1.40156,24089696
8.33661,-0.555454,-0.177171,-0.128315,0.509571,0.103358,1.08633,-42.2765,1.40156,24151471
9.44033,-0.102951,-0.107739,-0.228904,-1.31023,0.569933,-0.905273,-40.2721,6.83261,24209205
10.75,0.696712,0.600945,0.133218,-1.47184,0.572065,-0.905273,-40.2721,6.83261,24266543
10.8433,-0.208295,0.92895,1.07796,-1.43387,0.328518,2.71582,-42.8232,-4.37988,24376333
9.15782,-0.90022,-2.57616,0.10031,0.659456,-0.458212,5.79375,-41.1832,-13.3148,24435401
9.39724,-0.746991,-1.69031,-0.469919,-0.872569,0.123609,5.79375,-41.1832,-13.3148,24495287
11.4658,0.713472,-4.12521,-0.138707,-0.269431,-0.104217,3.07793,-41.3654,-16.9939,24557041
10.3884,-0.555454,-2.70545,-0.173746,-0.076779,-0.0770375,3.07793,-41.3654,-16.9939,24614615
9.60314,-0.246603,-2.89219,-0.0831492,1.0778,0.128538,3.07793,-41.3654,-16.9939,24673686
8.77475,0.246603,-1.63045,-0.609545,1.03543,0.124541,2.89687,-42.641,-14.0156,24747447
10.4028,0.670376,-0.871489,-0.688152,1.02171,-0.118339,3.44004,-42.8232,-7.18301,24805383
9.33738,0.222661,-0.905008,0.986297,-0.477672,0.556343,3.44004,-42.8232,-7.18301,24868331
13.0628,-0.665588,-3.60567,0.471092,-0.254243,-0.158175,4.88848,-42.8232,-7.5334,24926566
10.1801,-0.11971,-1.34794,0.164261,1.15668,-0.427169,4.88848,-42.8232,-7.5334,24985464
9.39245,0.035913,1.6927,-0.190933,1.29417,-0.406785,4.88848,-42.8232,-7.5334,25043389
10.4411,0.110133,-0.37589,-0.502295,-0.0683855,0.189825,1.62949,-42.0943,0.875976,25115204
10.3238,1.50356,1.01754,-0.173213,-0.85738,0.341308,3.9832,-43.3699,-0.350391,25177135
12.0213,-0.64404,-1.92973,0.253393,-0.364159,0.677584,3.9832,-43.3699,-0.350391,25238699
11.2623,-1.86269,2.19788,0.152404,-0.597846,0.164244,8.50957,-44.281,-5.43105,25299048
11.3365,-1.82199,-1.41497,0.134817,0.0617814,-0.215065,8.50957,-44.281,-5.43105,25360197
9.97424,0.474052,1.21386,-0.173613,0.478928,-0.146851,8.50957,-44.281,-5.43105,25417570
9.6606,-0.976834,-0.622492,0.166126,0.26376,0.188625,8.50957,-44.281,-5.43105,25487052
11.315,-0.636858,-1.36469,0.176252,0.301597,-0.0106884,5.43164,-44.4633,-2.80312,25549524
8.72207,-0.110133,-0.775721,0.31761,-0.338845,0.288149,5.43164,-44.4633,-2.80312,25608170
10.2568,-1.17076,-0.347159,-0.0558368,-0.302606,0.378613,7.78535,-42.8232,-5.08066,25665603
9.81622,-1.1564,-1.07739,0.176119,0.0144843,0.0475337,7.78535,-42.8232,-5.08066,25723868
9.99818,-1.09654,-1.20189,-0.135243,-0.187361,0.0208874,7.78535,-42.8232,-5.08066,25832123
9.0405,-1.403,-1.84593,0.132419,0.167833,0.10429,8.50957,-43.5521,-7.18301,25892955
9.36612,-0.203507,-0.677559,-0.343883,0.550473,-0.234384,8.87168,-41.7299,-4.37988,25954928
10.3286,-1.36469,-1.59454,0.123626,-0.00590005,-0.0887618,8.87168,-41.7299,-4.37988,26012981
10.8864,-2.05183,-5.01825,-0.0419808,-0.452624,-0.0954234,6.51797,-43.7344,-3.8543,26074374
10.5201,-0.356736,-1.37427,0.0548783,0.214198,-0.142454,6.51797,-43.7344,-3.8543,26132622
9.98382,-0.919373,-0.608127,0.68293,0.922588,-0.211335,6.51797,-43.0055,-2.80312,26206556
9.84496,-0.857124,-0.871489,-0.00587508,-0.804355,0.400197,6.51797,-43.0055,-2.80312,26267467
9.39006,-0.972046,0.938527,0.135616,0.451882,0.360094,5.79375,-42.641,-2.10234,26325067
10.9415,-1.84593,-0.519542,0.384892,0.90247,0.263501,5.79375,-42.641,-2.10234,26385166
10.2184,-2.67672,0.196324,0.707578,0.329176,0.542221,9.59589,-42.8232,-0.875976,26447934
9.83298,-1.72622,1.06063,0.549033,0.831858,0.229261,9.59589,-42.8232,-0.875976,26508571
9.35654,-2.78924,-0.328006,0.167992,-0.223733,0.476005,9.41484,-41.5476,3.50391,26578501
10.647,-1.64482,1.18513,0.0135767,0.230186,-0.17776,9.41484,-41.5476,3.50391,26638216
10.0317,-1.80523,0.423774,0.159731,-0.224666,0.0723147,10.6822,-42.8232,3.6791,26696731
9.18655,-1.29526,1.44849,0.164794,0.0259422,-0.104083,10.6822,-42.8232,3.6791,26754105
9.51695,-1.31442,0.608127,0.220085,0.0330035,-0.1258,10.1391,-43.0055,2.80312,26817037
9.82101,-1.74058,0.825999,0.155868,0.164503,-0.138191,10.1391,-43.0055,2.80312,26878199
10.5584,-0.967257,0.555454,0.193705,0.206204,-0.16537,10.1391,-42.641,3.8543,26950057
9.68933,-1.73101,0.682347,0.196503,0.199409,-0.0430635,10.1391,-42.641,3.8543,27011405
10.1418,-1.20428,0.998382,0.0999105,0.191948,-0.0529226,7.9664,-42.641,5.25586,27068943
10.4028,-0.656011,1.08218,0.227812,-0.0932997,-0.0266761,7.9664,-42.641,5.25586,27129384
9.88326,-1.43891,1.17795,0.156667,-0.0461359,0.0231524,7.9664,-44.0988,5.25586,27194068
9.88565,-0.895431,0.895431,0.153203,-0.0488005,0.0572596,7.9664,-44.0988,5.25586,27299059
9.96466,-1.08936,0.859518,0.146275,-0.059459,0.0545949,7.78535,-44.6455,5.08066,27359201
9.90242,-1.50116,1.12527,0.0284985,0.107346,0.0183561,7.24219,-43.3699,2.45273,27416692
9.49061,-1.54426,0.840364,-0.0136025,0.149581,0.0990942,7.24219,-43.3699,2.45273,27479435
10.3789,-1.06781,0.902614,0.0278324,0.0432623,0.130403,8.50957,-44.281,4.02949,27537207
9.92396,-1.17316,0.897825,0.0323623,-0.0124284,0.108021,8.50957,-44.281,4.02949,27596328
10.0413,-1.16119,1.18752,0.0170407,-0.0647883,0.0737802,9.77695,-43.3699,2.45273,27668326
9.95748,-1.10851,1.0726,0.0150422,-0.212275,0.0392734,9.77695,-43.3699,2.45273,27728881
9.54329,-1.91057,0.648829,0.00118616,-0.0238862,0.118812,9.958,-42.4588,2.62793,27793942
9.80186,-1.66397,0.557849,0.0442199,0.0820325,0.0672519,9.958,-42.4588,2.62793,27853094
9.85932,-1.74537,0.699107,0.0295644,0.138789,0.0656531,8.32851,-43.0055,1.75195,27910678
9.94312,-1.50835,0.605733,0.0849886,0.0556528,0.109353,8.32851,-43.0055,1.75195,27973355
9.76834,-1.50835,0.720654,0.0997772,0.0403312,0.084572,10.1391,-44.4633,2.10234,28042887
10.0604,-1.62087,0.852335,0.0964465,0.0480586,0.041938,10.1391,-44.4633,2.10234,28106107
9.89762,-1.75016,1.01993,0.115898,0.0515226,0.0267496,10.5012,-44.0988,2.45273,28166492
9.64384,-1.84832,1.0726,0.107371,0.0604491,0.0287481,10.5012,-44.0988,2.45273,28223875
9.84496,-1.70228,1.01275,0.0943148,0.106547,-0.00682464,10.1391,-44.4633,4.55508,28283957
9.91678,-1.7358,0.97444,0.0347604,0.0870953,-0.0402657,10.1391,-44.4633,4.55508,28342527
9.80904,-1.68791,0.938527,0.014909,0.108412,-0.0394663,10.1391,-44.0988,2.80312,28411746
9.98621,-1.54665,1.00317,0.0127773,0.0872285,-0.0329379,10.1391,-44.0988,2.80312,28473405
9.8258,-1.47722,1.18274,0.0103791,0.0928243,-0.0483928,9.41484,-44.4633,2.45273,28532088
9.89284,-1.57778,1.13246,0.035693,0.0776359,-0.0157511,9.41484,-44.4633,2.45273,28589887
9.9096,-1.41737,1.17076,0.0666027,0.0480586,0.00623201,9.59589,-45.01,2.97832,28652219
9.83777,-1.4437,1.1971,0.0737971,0.0515226,0.0052994,9.59589,-45.01,2.97832,28709966
9.83298,-1.35751,1.32639,0.0420881,0.0675103,0.00130247,9.41484,-42.2765,4.90547,28814030
9.85932,-1.38145,1.403,0.0375583,0.0777691,-0.0189487,7.78535,-44.281,4.02949,28875816
9.98382,-1.38864,1.22104,0.0434204,0.0640463,0.00596556,7.78535,-44.281,4.02949,28933220
9.78749,-1.36709,1.2378,0.0330284,0.0274078,0.0283484,8.14746,-43.5521,6.13183,28996320
9.89284,-1.36709,1.1971,0.0414219,0.037933,0.0219533,8.14746,-43.5521,6.13183,29054127
9.90481,-1.29766,1.24498,0.0435537,0.0306053,0.031013,7.6043,-44.0988,3.15351,29129255
9.90481,-1.36469,1.29526,0.0520805,0.0312715,0.0347435,7.6043,-44.0988,3.15351,29192099
9.8665,-1.40779,1.26653,0.0576762,0.0175486,0.029281,8.50957,-42.8232,6.13183,29249629
9.85453,-1.39342,1.17076,0.0571432,0.01142,0.0295475,8.50957,-42.8232,6.13183,29307318
9.91917,-1.41018,0.998382,0.0612734,0.00928831,0.0358093,8.14746,-42.8232,4.73027,29365545
9.8689,-1.34794,0.950498,0.0546119,-0.000570798,0.0422044,8.14746,-42.8232,4.73027,29427096
9.69651,-1.36469,0.979228,0.0436869,-0.00843144,0.0430038,9.05273,-43.0055,4.20469,29498634
9.82819,-1.41018,1.03429,0.0411555,0.0231444,0.0371417,9.05273,-43.0055,4.20469,29562607
9.87847,-1.41737,1.1971,0.0314296,0.0691091,0.0191554,9.05273,-42.641,4.20469,29620549
9.93114,-1.35991,1.22344,0.0215705,0.0636466,0.0179564,9.05273,-42.641,4.20469,29678037
9.90002,-1.39582,1.14682,0.0296976,0.0387324,0.0312795,8.14746,-42.8232,4.02949,29743744
9.83059,-1.38864,1.15161,0.0347604,0.0399315,0.036742,8.14746,-42.8232,4.02949,29801877
9.82101,-1.37906,1.20907,0.0375583,0.0366007,0.0239518,8.69062,-43.0055,4.90547,29873893
9.94791,-1.47962,1.1157,0.0474174,0.044861,0.0331447,8.69062,-43.0055,4.90547,29936435
9.89523,-1.54905,1.0319,0.058742,0.0267416,0.036742,8.87168,-41.7299,5.78144,29993869
9.77073,-1.39582,1.01035,0.03969,0.0184813,0.0204878,8.87168,-41.7299,5.78144,30054467
9.65581,-1.35033,1.21147,0.0257007,0.00622399,0.0211539,8.69062,-43.0055,4.55508,30114289
10.0006,-1.4844,1.32639,0.042621,0.0803005,0.014892,8.69062,-43.0055,4.55508,30172266
9.85693,-1.5275,1.22823,0.0355598,0.0274078,0.0138262,7.6043,-43.3699,3.8543,30275904
9.79707,-1.39821,1.13964,0.0443531,0.0492577,0.013693,7.6043,-43.3699,3.8543,30337326
10.0149,-1.47243,1.20189,0.0574097,0.0440616,0.0156914,8.87168,-42.8232,4.02949,30394940
9.75637,-1.42216,1.14443,0.0454189,0.0227447,0.0162244,8.87168,-42.8232,4.02949,30457767
9.80665,-1.39582,1.15879,0.0439534,0.0363342,0.0151585,8.69062,-42.641,2.80312,30516481
9.84496,-1.33357,1.1564,0.0499488,0.0491244,0.0190222,8.69062,-42.641,2.80312,30577903
9.94312,-1.39342,1.1564,0.06567,0.0272745,0.0356761,8.87168,-43.1877,4.73027,30651043
9.81144,-1.3623,1.03429,0.0471509,0.0192806,0.037941,8.87168,-43.1877,4.73027,30711483
9.69651,-1.33596,1.14922,0.0370254,0.00715661,0.0308798,8.87168,-43.9166,4.02949,30773137
9.91439,-1.39821,1.25696,0.0515476,0.0605823,0.0231524,8.87168,-43.9166,4.02949,30831027
9.87129,-1.34794,1.2402,0.0603408,0.0491244,0.0254173,8.50957,-43.1877,4.73027,30888537
9.84735,-1.39103,1.16119,0.0522137,0.0332699,0.0268829,8.50957,-43.1877,4.73027,30963391
9.88805,-1.38385,1.20907,0.0490162,0.0359345,0.0196884,7.9664,-43.0055,4.55508,31025741
9.84496,-1.43891,1.22583,0.0467512,0.0567186,0.0100957,7.9664,-43.0055,4.55508,31083079
9.81862,-1.41497,1.26414,0.0486165,0.0517891,0.0140927,7.9664,-43.0055,4.55508,31142837
9.87368,-1.42934,1.25217,0.0522137,0.0620479,0.0070314,7.9664,-43.0055,4.55508,31201559
9.87847,-1.38385,1.26653,0.0544786,0.0559192,0.00956279,8.14746,-42.4588,5.08066,31259359
9.94072,-1.44131,1.24977,0.0588753,0.0528549,0.0195551,8.14746,-43.5521,5.78144,31336424
10.0006,-1.48201,1.16358,0.0612734,0.0519223,0.0266164,8.14746,-43.5521,5.78144,31393708
9.85693,-1.46046,1.07021,0.0554112,-0.00510066,0.0492657,8.14746,-43.5521,5.78144,31451498
9.8689,-1.36469,1.29766,0.0487497,0.0340693,0.0284816,8.32851,-43.7344,5.60625,31509764
9.91678,-1.37427,1.34554,0.0422214,0.0411306,0.0235521,8.32851,-43.7344,5.60625,31568462
9.84016,-1.37667,1.38145,0.0422214,0.0384659,0.0186225,7.42324,-42.4588,4.73027,31625992
9.82101,-1.27132,1.29766,0.0460851,0.0170157,0.0296807,7.06113,-43.1877,4.37988,31736243
9.84974,-1.37906,1.33118,0.0554112,0.0268748,0.0407389,7.06113,-43.1877,4.37988,31793613
9.84016,-1.39582,1.35033,0.0551448,0.0306053,0.0415383,9.05273,-43.7344,4.90547,31853405
9.83777,-1.41976,1.25696,0.0584756,0.0377998,0.0414051,9.05273,-43.7344,4.90547,31912051
9.87368,-1.34554,1.24977,0.0611402,0.0274078,0.0391401,10.1391,-43.0055,4.90547,31973417
9.71327,-1.36948,1.43891,0.0415552,0.0399315,0.0224862,10.1391,-43.0055,4.90547,32035652
9.7827,-1.32878,1.49159,0.0562106,-0.016825,0.0555276,8.69062,-42.2765,4.90547,32123268
9.84974,-1.47483,1.28329,0.0496823,0.0198136,0.0354096,8.69062,-42.2765,4.90547,32183640
9.91439,-1.46525,1.29047,0.046618,0.0441949,0.0139594,9.05273,-42.2765,4.90547,32242726
9.83059,-1.37188,1.33596,0.0336946,0.0332699,0.00156891,9.05273,-42.2765,4.90547,32300087
9.87608,-1.43891,1.30484,0.0427543,0.0102209,0.0226195,8.50957,-43.1877,4.73027,32358426
9.87847,-1.42934,1.25935,0.0376915,0.0236773,0.0170237,8.50957,-43.1877,4.73027,32434162
9.79228,-1.40061,1.2402,0.0392903,0.0194139,0.0139594,8.69062,-41.5476,4.55508,32492499
9.89284,-1.37906,1.26893,0.0438201,0.0242102,0.0200881,8.69062,-41.5476,4.55508,32552083
9.87608,-1.38624,1.25935,0.0504817,0.018881,0.0207542,8.87168,-43.1877,4.73027,32610716
9.88087,-1.44131,1.09894,0.0568768,0.0144843,0.0339441,8.87168,-43.1877,4.73027,32668371
9.90242,-1.35272,1.08936,0.053546,0.000761515,0.0338109,9.05273,-43.3699,3.8543,32726721
9.68694,-1.32878,1.14922,0.0354266,-0.00123695,0.0312795,9.05273,-43.3699,3.8543,32799779
9.93354,-1.46046,1.22583,0.0550115,0.0440616,0.0222198,9.41484,-43.3699,5.25586,32857259
9.8689,-1.47004,1.25935,0.0492826,0.0370004,0.025817,9.41484,-43.3699,5.25586,32916255
9.84256,-1.46525,1.18274,0.0402229,0.0417967,0.0216868,7.9664,-44.4633,4.55508,32973895
9.93114,-1.40061,1.18034,0.0502152,0.016616,0.0306133,7.9664,-44.4633,4.55508,33031955
9.83538,-1.45089,1.19949,0.0491494,0.0227447,0.0290146,7.6043,-43.3699,4.20469,33095493
9.89762,-1.37906,1.17316,0.0488829,0.0332699,0.0227527,7.6043,-43.3699,4.20469,33205176
9.8665,-1.42694,1.15401,0.0468845,0.0124859,0.0295475,7.6043,-43.3699,4.20469,33263818
9.94312,-1.46765,1.16119,0.0663362,0.0663112,0.0282152,8.69062,-41.9121,3.8543,33321470
9.89762,-1.40061,0.931344,0.0520805,-0.0221543,0.0331447,8.69062,-41.9121,3.8543,33384856
9.6606,-1.41018,0.969651,0.0400896,-0.0425386,0.045402,8.14746,-43.1877,5.08066,33445875
9.95988,-1.40061,1.19949,0.0488829,0.0519223,0.0256838,8.14746,-43.1877,5.08066,33503490
9.85932,-1.4437,1.16358,0.0444863,0.0477921,0.0174234,9.23379,-42.4588,3.32871,33575463
9.85932,-1.38385,1.23062,0.042621,0.0443281,0.00902987,9.23379,-42.4588,3.32871,33633157
9.86171,-1.46525,1.13964,0.03969,0.0291398,0.0192887,8.50957,-43.5521,4.02949,33690546
9.88087,-1.42694,1.075,0.0439534,0.0338029,0.0274158,8.50957,-43.5521,4.02949,33748831
9.86171,-1.38624,1.14203,0.042621,0.0252761,0.0248844,9.23379,-42.8232,4.73027,33813963
9.83777,-1.43652,1.13246,0.0524802,0.0338029,0.0252841,9.23379,-42.8232,4.73027,33871782
9.85214,-1.43891,1.16119,0.0590085,0.02008,0.0255505,9.41484,-43.7344,3.50391,33944034
9.75397,-1.40779,1.1564,0.032762,0.0212791,0.0130268,9.41484,-43.7344,3.50391,34002155
9.77313,-1.33357,1.21625,0.0298308,0.0577845,-0.0162841,9.05273,-43.3699,3.8543,34059576
9.94072,-1.43413,1.25935,0.0494158,0.0751045,-0.00629172,9.05273,-43.3699,3.8543,34122393
9.88805,-1.41018,1.21625,0.0564771,0.0408641,0.00809725,10.1391,-42.641,3.50391,34184160
9.87847,-1.44849,1.12049,0.0551448,0.0366007,0.0134265,10.1391,-42.641,3.50391,34254059
9.89523,-1.47722,1.19471,0.0407558,0.0424629,-0.00868988,8.32851,-43.0055,4.20469,34317047
9.88087,-1.46525,1.18752,0.0434204,0.0600494,-0.011088,8.32851,-43.0055,4.20469,34374781
9.88805,-1.51553,1.29047,0.037958,0.0733725,-0.0316056,7.6043,-43.0055,4.20469,34432297
9.85693,-1.43652,1.18274,0.0511478,0.071907,-0.0509242,7.6043,-43.0055,4.20469,34493817
9.70609,-1.34554,1.35512,0.0547451,0.0810999,-0.0729073,8.50957,-41.3654,4.02949,34552465
9.81144,-1.2378,1.52032,0.0303638,0.15078,-0.124201,8.50957,-41.3654,4.02949,34655448
9.92875,-1.23062,1.22344,0.059275,0.0472592,-0.101419,5.25058,-43.9166,5.08066,34713992
9.93593,-0.888249,1.39821,0.094448,0.134126,-0.154978,5.25058,-43.9166,5.08066,34775193
9.96227,-0.802057,1.14682,0.109503,0.0356681,-0.126333,6.15586,-43.3699,5.60625,34838172
9.7851,-0.998382,0.92895,0.089252,0.0749713,-0.120737,6.15586,-43.3699,5.60625,34896435
10.2783,-0.799663,0.806846,0.0626057,0.045394,-0.0541217,4.34531,-44.0988,4.55508,34953881
9.86411,-0.919373,0.80924,-0.00467601,0.0651122,-0.0553208,3.07793,-43.1877,6.83261,35028516
9.80186,-0.634463,0.749385,0.0123776,0.102284,-0.041065,3.07793,-43.1877,6.83261,35088866
9.75637,-0.711078,0.600945,0.0733975,0.145983,-0.0124203,3.07793,-43.1877,6.83261,35148983
9.73482,-0.768538,0.679953,0.133751,0.184487,0.0263499,3.07793,-43.1877,6.83261,35209492
9.80665,-1.02711,0.624887,0.144543,0.266025,0.0521968,3.07793,-43.1877,6.83261,35266928
9.57441,-0.950498,0.342371,0.0719319,0.238846,0.0744464,2.89687,-41.5476,8.05898,35324135
9.80904,-0.945709,0.624887,0.0125108,0.386599,0.094964,2.89687,-41.5476,8.05898,35394972
10.0221,-0.943315,0.653617,0.0255675,0.391262,0.146391,2.89687,-41.5476,8.05898,35456154
10.6111,-1.24738,1.01035,0.0478171,0.384867,0.206079,2.89687,-41.5476,8.05898,35514984
11.461,-1.06542,2.82037,0.0720651,0.522761,0.205146,3.44004,-39.5432,11.0373,35574027
10.6973,-0.818817,3.16753,0.062206,0.630412,0.00330094,3.44004,-39.5432,11.0373,35635935
10.3094,-1.1157,3.28963,0.0335613,-0.00110372,0.307867,5.25058,-39.5432,13.1396,35706534
8.03015,-1.19231,4.54898,-0.177477,0.0604491,0.0549946,7.06113,-37.7209,13.1396,35768087
9.05726,-1.10373,4.39575,-0.363468,-0.173638,0.0299472,7.06113,-37.7209,13.1396,35827572
9.39245,-1.21625,4.30956,-0.332025,0.0599162,-0.107814,7.06113,-37.7209,13.1396,35886275
9.16979,-1.13485,3.03106,-0.250221,-0.178035,-0.0490589,8.50957,-38.8142,12.7893,35943638
8.50181,-1.76931,2.76051,-0.0534386,-0.113018,0.0688507,8.50957,-38.8142,12.7893,36001988
8.87291,-1.71185,2.89459,0.00385076,-0.0426719,0.0110283,7.42324,-37.3564,12.7893,36111020
9.27514,-1.8148,2.48997,0.288033,9.53581e-05,-0.00655818,6.51797,-38.632,11.2125,36171166
8.81545,-2.35111,2.22182,0.394618,0.0360678,-0.0477266,6.51797,-38.632,11.2125,36232972
9.80425,-2.09971,2.5594,0.490011,-0.00243603,-0.0631814,4.88848,-38.8142,11.3877,36290525
10.1993,-2.52349,2.54264,0.542505,-0.0328128,-0.115941,4.88848,-38.8142,11.3877,36353619
10.9798,-2.46363,2.34153,0.620445,-0.275826,-0.094624,4.34531,-37.9031,10.8621,36414506
12.6366,-0.955286,3.84269,0.330667,0.0472592,-0.448353,4.34531,-37.9031,10.8621,36486827
9.42358,0.909797,2.77248,0.180249,-0.157251,-0.157109,2.71582,-38.0853,8.93496,36548929
8.9184,1.75974,3.22499,0.166793,-0.147125,0.0749793,2.71582,-38.0853,8.93496,36606447
9.83059,0.47884,2.44927,0.108704,-0.281555,0.200083,2.89687,-39.3609,8.05898,36664054
8.92079,0.155623,2.08774,-0.0060083,-0.191491,0.232059,2.89687,-39.3609,8.05898,36725374
9.48582,0.691924,1.57778,-0.00827327,-0.214274,0.197152,2.89687,-38.2676,5.60625,36784115
8.84657,-0.227449,1.44131,-0.0735565,-0.0233533,0.0705827,2.89687,-38.2676,5.60625,36853440
9.32541,-0.335188,0.969651,-0.0768873,0.0366007,0.107221,3.44004,-39.1787,8.23418,36912748
8.86333,-0.730231,0.802057,-0.156959,0.118538,0.103224,3.44004,-39.1787,8.23418,36971325
9.77792,-0.52433,0.972046,-0.176944,0.252435,0.017157,3.9832,-39.7254,6.30703,37032417
9.44752,-0.988805,0.739808,-0.197595,0.263627,0.110819,3.9832,-39.7254,6.30703,37095857
10.9463,-1.38145,0.55306,-0.183472,0.075371,0.328119,4.52637,-39.1787,8.58457,37165815
11.6622,-2.82516,0.658405,-0.336821,-0.129405,0.650937,4.52637,-39.1787,8.58457,37226492
12.5001,-0.318429,4.11802,-0.186004,0.221392,0.127073,10.3201,-42.4588,7.88379,37288965
8.61673,-2.45166,3.33273,-0.2349,0.287475,-0.0838323,10.3201,-42.4588,7.88379,37349786
9.01177,-1.05105,3.9241,-0.660573,0.00462522,0.00423354,10.6822,-39.5432,10.6869,37407457
9.19373,-1.61848,3.62003,-0.405569,0.301064,-0.147517,10.6822,-39.5432,10.6869,37466783
9.95988,-0.907402,2.79882,-0.147233,0.0509897,-0.0694433,10.1391,-37.9031,12.9645,37571228
8.52575,-1.58257,2.73178,0.0675353,0.169565,-0.0538552,9.23379,-39.5432,12.7893,37635923
8.8753,-1.74537,2.83952,0.193439,0.212199,-0.111011,9.23379,-39.5432,12.7893,37698476
9.50258,-1.69031,2.28167,0.412871,0.223791,-0.142987,8.32851,-38.2676,13.6652,37756012
9.30626,-2.17154,2.3104,0.547301,0.119337,-0.0603836,8.32851,-38.2676,13.6652,37813710
9.56244,-2.24097,2.35589,0.546635,0.0616482,-0.111278,6.69902,-37.7209,14.5412,37871909
9.90481,-2.29125,2.40617,0.533445,-0.0815754,-0.190018,6.69902,-37.7209,14.5412,37945658
13.0652,-0.706289,4.0869,0.618979,-0.170307,-0.291806,3.62109,-37.1742,12.2637,38003304
10.1251,1.0319,3.34709,0.340259,0.18955,-0.441691,3.62109,-37.1742,12.2637,38061518
8.68856,1.71425,3.53863,0.484949,-0.384277,0.352233,1.44844,-37.9031,12.2637,38119582
10.6973,0.361524,2.71981,0.256191,-0.373218,0.208077,1.44844,-37.9031,12.2637,38178719
8.79869,0.0909796,2.46603,-0.0201308,-0.234392,0.266166,2.17266,-38.2676,9.46054,38238181
8.77953,0.213084,1.81002,-0.0848812,-0.21494,0.232592,2.17266,-38.2676,9.46054,38312783
8.98544,0.0814028,1.55862,-0.204123,-0.109421,0.0787098,4.52637,-39.9076,6.13183,38373051
9.38766,-0.146046,1.45567,-0.224108,0.0294062,0.0323453,4.52637,-39.9076,6.13183,38430730
9.35414,-0.258574,0.945709,-0.206521,0.047126,0.0517971,5.43164,-39.3609,8.75976,38492501
8.98544,-0.481234,0.945709,-0.247157,0.146383,0.0320789,5.43164,-39.3609,8.75976,38551291
9.68933,-0.754173,1.02472,-0.238097,0.251103,0.071915,4.16426,-38.8142,8.93496,38609027
9.85453,-1.05345,0.842759,-0.212383,0.288674,0.144926,4.16426,-38.8142,8.93496,38683850
10.6398,-1.6113,0.754173,-0.145768,0.253901,0.270163,6.15586,-39.7254,11.2125,38741362
11.4754,-2.19309,2.05901,-0.138573,0.153844,0.440832,6.15586,-39.7254,11.2125,38798647
10.9152,-0.462081,3.65116,-0.0602334,0.742459,-0.237048,6.88008,-37.9031,15.0668,38857973
8.93037,-1.53229,3.70383,-0.0345198,0.205138,0.0318124,6.88008,-37.9031,15.0668,38919307
9.33978,-1.17555,5.16669,-0.328694,0.345963,-0.0570528,6.51797,-36.4453,14.7164,39027648
10.082,-0.488417,3.62243,-0.0597005,0.0116865,0.0395398,6.51797,-36.4453,14.7164,39087155
7.78115,-1.68791,3.25851,-0.0261262,-0.0783778,0.0775107,7.42324,-37.3564,16.9939,39144912
8.83221,-1.61369,3.63679,0.0476839,0.0342025,0.120544,7.42324,-37.3564,16.9939,39203050
9.01417,-1.80283,3.00951,0.12216,-0.0675861,0.131869,7.24219,-37.1742,16.4684,39265534
9.38766,-1.69988,3.0119,0.21822,0.0130188,0.0180896,7.24219,-37.1742,16.4684,39326481
9.01656,-2.10929,2.62404,0.310416,-0.0798434,0.0431371,7.42324,-36.992,17.6947,39400177
9.12909,-2.1883,2.59771,0.381961,-0.0229536,-0.0256102,7.42324,-36.992,17.6947,39458728
10.0006,-2.50194,2.30801,0.411405,-0.162047,-0.023745,5.79375,-36.4453,15.7676,39519160
10.1035,-2.74854,2.15239,0.397682,-0.228663,-0.0960895,5.79375,-36.4453,15.7676,39580686
11.6334,-2.51152,2.36068,0.470826,-0.603042,0.0921661,5.25058,-37.7209,15.242,39641800
10.8984,-0.292093,3.64637,0.216354,0.0371336,-0.434497,5.25058,-37.7209,15.242,39699434
8.94952,1.10612,3.32555,0.217154,-0.0809092,-0.301132,3.62109,-38.632,12.6141,39774706
8.90164,0.866701,2.53785,0.233408,-0.413054,0.0836393,3.62109,-38.632,12.6141,39832194
9.7827,-0.344765,2.49955,0.0703332,-0.146992,0.0232856,3.62109,-38.632,12.6141,39892179
9.2464,0.0574608,1.42934,-0.134843,-0.0978296,0.041938,3.62109,-38.632,12.6141,39953587
8.96389,-0.0646434,1.14682,-0.172681,-0.0338786,0.0491325,2.17266,-40.4543,9.46054,40014376
9.26556,-0.263362,1.21386,-0.240096,0.0733725,-0.00122893,2.17266,-40.4543,9.46054,40074338
9.67257,-0.514753,1.06302,-0.196662,0.224856,0.105889,3.62109,-41.9121,11.2125,40144739
9.33738,-0.842759,1.01035,-0.201592,0.324646,0.175835,3.62109,-41.9121,11.2125,40202112
9.48822,-1.08457,1.18992,-0.213316,0.376473,0.204214,3.62109,-41.9121,11.2125,40261665
9.96945,-1.08936,1.13725,-0.208653,0.348628,0.186361,3.62109,-41.9121,11.2125,40323264
10.7284,-1.65918,1.14922,-0.188268,0.260695,0.227396,5.9748,-40.2721,13.8404,40381201
12.0644,-2.38462,2.33913,-0.249688,0.133859,0.393402,5.9748,-40.2721,13.8404,40444671
10.3358,-1.08218,4.0055,-0.269939,0.379005,-0.0964892,8.32851,-39.7254,15.0668,40546105
8.7125,-1.18274,4.90811,-0.47698,0.234316,-0.0233453,8.14746,-38.0853,17.6947,40607618
8.93276,-1.30005,4.36223,-0.469919,0.234449,-0.196812,8.14746,-38.0853,17.6947,40665882
9.79707,-0.988805,3.71819,-0.180941,0.0178151,-0.0561202,7.24219,-37.5387,21.0234,40723350
7.64947,-1.86748,3.304,-0.0612993,-0.0385417,-0.0789027,7.24219,-37.5387,21.0234,40782938
8.60955,-1.67355,3.47877,0.0760621,-0.0109628,0.00809725,8.87168,-36.992,19.7971,40854577
8.78193,-1.84832,3.23696,0.179849,-0.0104299,-0.0643805,8.87168,-36.992,19.7971,40919894
9.28471,-1.82438,2.82037,0.262985,-0.0382752,-0.150981,7.24219,-37.5387,19.6219,40977843
8.97825,-2.19069,2.56419,0.398482,-0.181632,-0.05199,7.24219,-37.5387,19.6219,41038630
9.54089,-2.23379,2.68629,0.376632,-0.111686,-0.112743,5.9748,-36.992,20.1475,41100573
10.3549,-2.08535,2.41335,0.339327,-0.101027,-0.201076,5.9748,-36.992,20.1475,41159246
12.6079,-1.59454,3.17471,0.423129,-0.286751,-0.163638,3.25898,-37.5387,18.2203,41233313
9.8689,-0.423774,3.38301,0.256057,-0.0693181,-0.351494,3.25898,-37.5387,18.2203,41293140
9.0429,1.6113,3.12683,0.264318,-0.134202,0.140929,0.543164,-38.0853,15.9428,41350691
9.10514,1.20428,2.71024,0.251927,-0.492061,0.236056,0.543164,-38.0853,15.9428,41412290
9.7037,-0.114922,2.67911,0.107105,-0.195355,0.284952,1.81055,-40.8187,15.4172,41469776
8.93037,-0.0167594,1.68073,-0.0521063,-0.122078,0.173837,1.81055,-40.8187,15.4172,41527343
8.95192,0.177171,1.42694,-0.0810175,-0.0707836,0.162379,2.53477,-40.4543,13.6652,41603074
9.26077,-0.184353,1.55144,-0.140705,0.119604,0.0346103,2.53477,-40.4543,13.6652,41660747
9.42118,-0.557849,1.18513,-0.12565,0.141454,0.077111,1.44844,-41.5476,15.7676,41718343
9.3302,-0.972046,1.00317,-0.136042,0.211267,0.18343,1.44844,-41.5476,15.7676,41777487
9.68933,-0.857124,0.979228,-0.168817,0.269356,0.185162,3.80215,-40.2721,15.5924,41836060
9.90481,-1.12527,1.17316,-0.179875,0.203806,0.222333,3.80215,-40.2721,15.5924,41893734
10.4674,-2.0231,1.20907,-0.201725,0.173562,0.325321,4.16426,-40.6365,19.4467,42004269
10.635,-1.17795,3.72538,-0.290324,0.505041,0.0162244,7.9664,-41.1832,17.5195,42061481
8.67898,-1.92015,3.78523,-0.207321,0.398856,0.00210185,7.9664,-41.1832,17.5195,42120435
8.45632,-0.948104,4.51786,-0.467921,0.132394,-0.00908956,9.23379,-41.7299,20.8482,42179048
9.73482,-1.00317,4.22098,-0.197195,0.319584,-0.166169,9.23379,-41.7299,20.8482,42241197
9.32541,-0.804451,3.52187,0.0534128,0.0326038,0.0202213,8.69062,-40.4543,22.7754,42304313
7.95354,-1.99198,3.9217,0.162929,0.0902929,0.0191554,8.69062,-40.4543,22.7754,42374141
8.92797,-1.97761,3.89058,0.194904,0.172497,0.0787098,9.41484,-38.9965,22.0746,42434992
9.13627,-1.79326,3.62721,0.247397,-0.0125616,0.101626,9.41484,-38.9965,22.0746,42496759
9.22486,-2.21224,3.43089,0.305753,-0.0421389,0.107088,8.69062,-39.7254,24.5273,42557550
9.27753,-2.12126,3.22738,0.323339,-0.103159,0.0628553,8.69062,-39.7254,24.5273,42618146
9.48343,-2.03028,3.19865,0.372102,-0.0779781,0.00023663,7.6043,-40.0898,22.425,42676764
9.25837,-2.32477,2.80361,0.390621,-0.235457,-0.0032274,7.6043,-40.0898,22.425,42746088
10.5153,-2.52109,2.86586,0.424462,-0.458753,0.0827067,6.33691,-41.001,19.0963,42804663
10.9559,-2.03268,3.11486,0.26525,0.0058243,-0.350295,6.33691,-41.001,19.0963,42866378
8.59279,-2.07577,2.7246,0.0663362,0.0304721,-0.340436,4.70742,-41.9121,18.9211,42924425
8.93037,-0.134075,2.75572,-0.0425136,-0.181232,-0.190417,4.70742,-41.9121,18.9211,42986758
9.84016,0.677559,2.91374,0.0355598,-0.0404069,-0.240645,1.9916,-42.4588,16.9939,43056221
9.84496,0.308852,2.74615,-0.0804845,-0.217071,-0.223059,1.9916,-42.4588,16.9939,43117320
9.67018,0.0670376,2.41335,-0.0311891,-0.000570798,-0.0413315,1.08633,-43.3699,16.118,43175633
9.2488,-0.469263,1.85551,0.366639,-0.793163,0.123875,1.08633,-43.3699,16.118,43236528
9.5385,0.253785,1.83635,-0.0642304,-0.950776,-0.202275,-0.905273,-43.1877,13.49,43295358
11.0253,1.84593,1.33596,-0.757832,0.753251,0.0432703,-0.905273,-43.1877,13.49,43354296
10.5345,0.0742202,1.32639,-1.06826,0.721942,-0.808743,1.26738,-43.5521,16.2932,43459468
10.4746,-2.17872,2.71502,-0.849895,0.816269,-0.888415,1.26738,-43.5521,16.2932,43520687
9.55286,1.83875,2.66953,-1.0231,0.804812,-1.07587,-1.81055,-38.9965,24.1769,43580459
9.99818,-0.790086,5.4516,-0.884535,1.11791,-1.11264,-1.81055,-38.9965,24.1769,43641890
9.38287,1.22344,3.27287,-1.00364,0.910597,-1.39989,-3.44004,-33.7119,28.9072,43699558
8.4204,0.131681,4.09648,-0.940891,-0.051998,-1.14808,-3.44004,-33.7119,28.9072,43757202
6.72052,-0.162806,1.24738,-1.37736,-0.826338,-0.525893,-5.25058,-30.0674,33.1119,43834721
8.06846,-1.04148,4.32153,-1.83874,-0.744667,-0.314988,-5.25058,-30.0674,33.1119,43892086
5.90649,2.38702,1.94409,-2.88753,-1.09586,-0.475665,-2.17266,-34.2586,31.8855,43949532
6.53856,-2.02549,3.04782,-3.66507,-1.2704,0.956303,-2.17266,-34.2586,31.8855,44012923
7.16824,-1.76692,1.66876,-4.24649,-1.49662,0.841991,14.8465,-37.5387,32.2359,44070784
6.53617,-4.85544,1.04866,-4.24649,-1.11638,2.23013,14.8465,-37.5387,32.2359,44128692
6.81629,-4.63996,-1.12049,-4.24649,-1.62346,2.054,40.7373,-39.9076,15.242,44205254
5.71496,-5.53779,-4.75249,-4.24649,-2.31906,2.43823,40.7373,-39.9076,15.242,44263007
5.58806,-7.64229,-5.38216,-4.24649,-2.13453,3.18087,57.5754,-29.5207,-21.0234,44322624
7.35499,-4.2928,-11.4299,-4.24649,-3.05823,1.32189,57.5754,-29.5207,-21.0234,44384314
6.79235,-7.94635,-9.42597,-2.97999,-2.43897,2.27036,43.2721,-4.92012,-55.8873,44442245
5.91368,-7.07965,-7.79073,-1.00391,-1.36739,1.77967,43.2721,-4.92012,-55.8873,44502669
3.90255,-1.84353,-12.6198,-0.752369,-1.63772,0.892752,22.2697,12.2092,-64.2967,44577784
4.19703,-2.38702,-12.7132,-0.208919,-0.816212,0.69064,22.2697,12.2092,-64.2967,44635525
2.65517,-1.45567,-11.0205,-0.17388,-0.664329,0.112817,22.2697,12.2092,-64.2967,44695941
1.34075,-0.907402,-10.7021,0.12216,-0.0372094,0.0982948,22.2697,12.2092,-64.2967,44757776
0.871489,-1.84832,-10.7452,0.303621,-0.126208,0.108021,14.4844,16.4004,-64.4719,44815334
0.368707,0.107739,-10.4674,0.278174,0.0942898,-0.0483928,14.4844,16.4004,-64.4719,44878618
0.59855,-0.349553,-10.2711,-0.102068,-0.00363512,-0.0482596,17.9244,15.1248,-64.2967,44984521
0.442927,-0.438139,-9.90242,-0.077287,0.0182148,-0.0813009,16.8381,14.7604,-65.3478,45041780
0.459687,0.114922,-10.5608,-0.192665,-0.0384085,-0.0739732,16.8381,14.7604,-65.3478,45102040
0.500388,-0.220267,-9.80186,0.0885858,-0.0334789,0.0130268,14.1223,15.307,-65.523,45164589
1.29526,4.88896,-12.8401,-0.637125,-0.0302813,-0.545612,14.1223,15.307,-65.523,45222539
0.995988,-2.07817,-10.0748,-0.313106,0.0180816,0.216071,11.9496,13.8492,-63.7711,45297536
-0.0430956,-0.354342,-7.31907,0.0383577,0.0243434,0.661729,11.9496,13.8492,-63.7711,45356336
0.620098,0.162806,-9.98621,0.0406226,0.0264751,0.116681,13.5791,14.3959,-64.9974,45416367
0.557849,0.0550666,-9.81862,0.0182397,0.0391321,0.0207542,13.5791,14.3959,-64.9974,45481465
0.687136,0.445321,-9.87608,0.0355598,0.0405976,0.0262167,12.6738,13.4848,-66.2238,45539209
0.677559,0.454898,-9.9096,0.0406226,0.0383327,0.0203545,12.6738,13.4848,-66.2238,45596708
0.651223,0.466869,-9.90242,0.0376915,0.0374001,0.0256838,11.7686,14.0314,-64.647,45668685
0.670376,0.469263,-9.95269,0.0320958,0.0424629,0.0238185,11.7686,14.0314,-64.647,45726102
0.691924,0.4956,-9.87129,0.0223699,0.0432623,0.0194219,11.9496,14.2137,-65.523,45783560
0.694318,0.454898,-9.9096,0.036226,0.0363342,0.0250176,11.9496,14.2137,-65.523,45844951
0.723049,0.493205,-9.89762,0.0439534,0.0354016,0.0254173,11.9496,14.5781,-64.8222,45904289
0.691924,0.416591,-9.92636,0.0382244,0.0339361,0.024085,11.9496,14.5781,-64.8222,45963445
0.68953,0.493205,-9.83538,0.0351601,0.0328702,0.0259502,11.4064,13.3025,-65.3478,46034575
0.656011,0.452504,-9.88326,0.0456854,0.0320708,0.0246179,11.4064,13.3025,-65.3478,46093815
0.696712,0.474052,-9.89762,0.0403561,0.0367339,0.0282152,11.5875,14.9426,-64.8222,46158727
0.696712,0.505176,-9.89523,0.0464848,0.037933,0.0271493,11.5875,14.9426,-64.8222,46217596
0.699107,0.486023,-9.88565,0.0434204,0.0312715,0.0238185,12.3117,13.4848,-65.1726,46275771
0.73502,0.486023,-9.91199,0.0415552,0.0342025,0.024085,12.3117,13.4848,-65.1726,46382941
0.706289,0.469263,-9.9503,0.0462183,0.0356681,0.0291478,11.2254,15.6715,-65.523,46445056
0.720654,0.454898,-9.94312,0.0436869,0.0315379,0.0243515,11.0443,14.3959,-64.9974,46506506
0.739808,0.509965,-9.95269,0.0432872,0.0319376,0.0256838,11.0443,14.3959,-64.9974,46565035
0.713472,0.490811,-9.92396,0.0434204,0.0319376,0.0210207,11.2254,15.307,-63.0703,46622726
0.696712,0.454898,-9.93593,0.0482168,0.0342025,0.0228859,11.2254,15.307,-63.0703,46685085
0.713472,0.4956,-9.8689,0.0394235,0.0368672,0.0267496,11.2254,12.7559,-64.8222,46755048
0.68953,0.490811,-9.89045,0.0412887,0.0355348,0.029281,11.2254,12.7559,-64.8222,46818533
0.713472,0.464475,-9.90242,0.0464848,0.0306053,0.0230191,11.0443,14.7604,-64.647,46880583
0.687136,0.459687,-9.99339,0.043154,0.0351352,0.0259502,11.0443,14.7604,-64.647,46938152
0.708683,0.474052,-9.92875,0.0399564,0.0328702,0.0251508,9.77695,14.9426,-62.7199,46995700
0.696712,0.500388,-9.84974,0.0439534,0.0359345,0.0266164,9.77695,14.9426,-62.7199,47055120
0.687136,0.486023,-9.90002,0.0460851,0.0328702,0.0224862,13.9412,12.9381,-63.9463,47128727
0.691924,0.486023,-9.98142,0.0447527,0.0347355,0.0247511,13.9412,12.9381,-63.9463,47186236
0.672771,0.486023,-9.89523,0.0427543,0.034469,0.0180896,11.0443,14.0314,-64.9974,47245466
0.677559,0.428562,-9.89762,0.0456854,0.0368672,0.0226195,11.0443,14.0314,-64.9974,47304063
0.71826,0.490811,-9.92636,0.039157,0.031005,0.0242182,11.5875,12.3914,-64.8222,47361577
0.715866,0.481234,-9.91917,0.0436869,0.0314047,0.0244847,11.5875,12.3914,-64.8222,47439062
0.708683,0.486023,-9.93833,0.0442199,0.032737,0.020621,12.6738,15.6715,-65.1726,47497803
0.723049,0.500388,-9.93593,0.0471509,0.0332699,0.0230191,12.6738,15.6715,-65.1726,47557907
0.708683,0.438139,-9.93114,0.042621,0.0328702,0.025817,11.7686,13.667,-66.0486,47619182
0.682347,0.481234,-9.88087,0.0452857,0.0335364,0.0242182,11.7686,13.667,-66.0486,47676719
0.725443,0.509965,-9.9096,0.0452857,0.0299391,0.0244847,11.4064,15.1248,-66.399,47736867
0.732625,0.464475,-9.87129,0.0442199,0.0340693,0.0247511,10.5012,14.5781,-64.8222,47841648
0.687136,0.505176,-9.92396,0.0454189,0.0328702,0.0251508,10.5012,14.5781,-64.8222,47901418
0.708683,0.488417,-9.87847,0.0422214,0.0316712,0.0251508,10.5012,14.5781,-64.8222,47963340
0.723049,0.474052,-9.96706,0.0443531,0.0331367,0.0243515,10.5012,14.5781,-64.8222,48021175
0.703895,0.471658,-9.91917,0.0479503,0.0358013,0.0242182,10.5012,14.5781,-64.8222,48078834
0.703895,0.466869,-9.91199,0.0470177,0.0326038,0.0276822,11.7686,14.0314,-62.5447,48141560
0.68953,0.509965,-9.92396,0.0412887,0.0346022,0.0212871,10.8633,14.5781,-66.2238,48211947
0.711078,0.502782,-9.90002,0.0414219,0.0355348,0.0259502,10.8633,14.5781,-66.2238,48269290
0.708683,0.471658,-9.91678,0.0468845,0.0364675,0.0214204,10.8633,14.5781,-66.2238,48328578
0.682347,0.481234,-9.88326,0.0468845,0.0368672,0.0239518,13.217,15.4893,-64.9974,48387239
0.713472,0.490811,-9.9503,0.0439534,0.0302056,0.0200881,13.217,15.4893,-64.9974,48448518
0.682347,0.529118,-9.88326,0.0439534,0.0359345,0.0226195,11.7686,12.9381,-65.3478,48520647
0.670376,0.469263,-9.94072,0.0478171,0.0335364,0.0256838,11.7686,13.3025,-65.3478,48579181
0.730231,0.47884,-9.84016,0.0435537,0.0363342,0.0252841,11.7686,13.3025,-65.3478,48638084
0.730231,0.507571,-9.93114,0.0486165,0.0346022,0.0248844,11.7686,13.3025,-65.3478,48695817
0.667982,0.462081,-9.87847,0.0490162,0.0351352,0.0195551,11.5875,13.4848,-67.275,48758043
0.701501,0.445321,-9.89045,0.0456854,0.0332699,0.0230191,11.5875,13.4848,-67.275,48816832
0.682347,0.4956,-9.93833,0.0454189,0.0291398,0.0236853,11.7686,14.0314,-64.2967,48890434
0.691924,0.466869,-9.84496,0.0451525,0.0358013,0.0287481,12.6738,14.9426,-65.8734,48947992
0.720654,0.526724,-9.86171,0.0452857,0.0330035,0.0303469,12.6738,14.9426,-65.8734,49013066
0.71826,0.500388,-9.94312,0.0475506,0.0343358,0.0239518,11.4064,14.0314,-64.2967,49071227
0.732625,0.476446,-9.8689,0.0462183,0.0384659,0.0264832,11.4064,14.0314,-64.2967,49131839
0.677559,0.474052,-9.89045,0.0414219,0.0328702,0.0256838,11.4064,14.0314,-64.2967,49194525
0.699107,0.462081,-9.94072,0.0460851,0.0364675,0.0254173,11.4064,14.0314,-64.2967,49295933
0.682347,0.442927,-9.92636,0.0456854,0.0320708,0.0268829,11.4064,14.7604,-66.0486,49358146
0.732625,0.493205,-9.92396,0.0408891,0.0279407,0.0242182,11.4064,14.7604,-66.0486,49416814
0.730231,0.474052,-9.93354,0.0460851,0.0315379,0.0256838,11.4064,14.0314,-65.6982,49474951
0.703895,0.545878,-9.90002,0.0460851,0.0334031,0.0214204,11.4064,14.0314,-65.6982,49538134
0.715866,0.476446,-9.89045,0.046618,0.0359345,0.0232856,9.958,14.3959,-64.2967,49608082
0.708683,0.438139,-9.88565,0.0456854,0.0368672,0.0287481,9.958,14.3959,-64.2967,49669668
0.703895,0.517147,-9.90002,0.0415552,0.034469,0.0239518,11.2254,14.5781,-64.1215,49733898
0.730231,0.483629,-9.96706,0.0439534,0.0363342,0.0216868,11.2254,14.5781,-64.1215,49791505
0.711078,0.474052,-9.88087,0.0439534,0.0359345,0.0239518,12.1307,15.1248,-66.0486,49851549
0.706289,0.500388,-9.94072,0.0486165,0.0348687,0.0259502,12.1307,15.1248,-66.0486,49912820
0.699107,0.512359,-9.85932,0.0440866,0.0389989,0.0252841,11.2254,13.4848,-64.8222,49998338
0.684741,0.474052,-9.82101,0.0458186,0.0311382,0.0219533,11.5875,14.9426,-65.1726,50060790
0.725443,0.464475,-9.98621,0.0402229,0.0342025,0.0243515,11.5875,14.9426,-65.1726,50118484
0.711078,0.457292,-9.87129,0.0412887,0.0331367,0.0252841,11.5875,14.9426,-65.1726,50175941
0.73502,0.483629,-9.89284,0.0486165,0.0334031,0.024085,10.8633,14.5781,-66.2238,50237547
0.715866,0.517147,-9.9096,0.0503485,0.0299391,0.0224862,10.8633,14.5781,-66.2238,50296163
0.699107,0.519542,-9.85693,0.0436869,0.0334031,0.0235521,11.7686,13.667,-65.3478,50365530
0.730231,0.502782,-9.8665,0.0434204,0.0370004,0.0231524,11.7686,13.667,-65.3478,50424690
0.706289,0.488417,-9.90242,0.043154,0.0350019,0.0242182,11.7686,13.667,-65.3478,50483146
0.703895,0.483629,-9.88087,0.0462183,0.0346022,0.0224862,11.7686,13.667,-65.3478,50543572
0.679953,0.483629,-9.94551,0.0447527,0.0324705,0.0235521,11.7686,14.7604,-64.647,50607055
0.715866,0.512359,-9.94791,0.0456854,0.0351352,0.0248844,11.7686,14.7604,-64.647,50709411
0.679953,0.514753,-9.9503,0.0438201,0.0351352,0.0259502,10.5012,11.6625,-64.8222,50769447
0.677559,0.488417,-9.83538,0.0442199,0.0346022,0.0200881,11.9496,14.2137,-64.8222,50831192
0.737414,0.493205,-9.9503,0.0435537,0.0340693,0.0248844,11.9496,14.2137,-64.8222,50888701
0.694318,0.428562,-9.92875,0.0454189,0.0323373,0.0239518,10.8633,15.307,-65.8734,50950818
0.715866,0.493205,-9.88087,0.0388906,0.0312715,0.0267496,10.8633,15.307,-65.8734,51008909
1.36469,1.69509,-9.57441,0.0262336,0.0571183,-0.12993,11.2254,14.9426,-64.4719,51078924
-0.0885854,0.476446,-11.9471,0.145742,-0.198419,0.0302136,11.2254,14.9426,-64.4719,51138882
0.68953,-1.74058,-12.6988,0.456304,-1.27826,1.12444,10.3201,15.4893,-65.3478,51199830
0.270545,1.80044,-8.6311,0.0162413,0.534352,0.200083,10.3201,15.4893,-65.3478,51257893
-0.0287304,-0.586579,-9.41639,0.551831,1.01785,0.778306,12.8549,17.676,-63.9463,51317016
0.385466,0.217872,-9.94312,0.13988,0.247772,0.122943,12.8549,17.676,-63.9463,51374790
0.691924,0.471658,-9.81144,-0.0498414,0.0968212,-0.159641,13.398,16.7648,-65.8734,51446295
0.620098,-0.131681,-9.28232,0.0711325,0.307726,-0.0146853,13.398,16.7648,-65.8734,51507772
1.34075,0.14844,-9.44752,-0.000545859,0.146383,0.0239518,13.217,15.1248,-63.5959,51567100
0.395043,0.545878,-9.56244,0.0828569,0.248172,0.279223,13.217,15.1248,-63.5959,51625935
1.0319,0.849941,-10.1275,-0.359471,-0.156318,-0.291939,12.4928,13.3025,-64.647,51683535
0.976834,-0.462081,-9.76116,-0.336422,-0.269964,-0.923189,12.4928,13.3025,-64.647,51746193
