-8.41083,-1.54665,-4.36942,0.157733,-0.0286826,0.0147588,13.0359,55.3969,-46.2516,2773300
-8.51857,-1.61848,-4.38139,-0.100736,0.00622399,0.0184893,13.5791,55.9435,-46.4267,2833516
-8.46829,-1.53468,-4.38857,0.110969,0.0107539,0.0324786,13.5791,55.9435,-46.4267,2894897
-8.40604,-1.46525,-4.56813,0.0247681,0.00289321,0.0283484,14.1223,55.0324,-47.3027,2952604
-8.40364,-1.54426,-4.34069,0.0392903,0.0296727,0.027549,14.1223,55.0324,-47.3027,3013477
-8.37492,-1.51792,-4.41012,0.066203,0.0190142,0.0195551,14.3033,55.2146,-46.0764,3086310
-8.41562,-1.52271,-4.44843,0.0262336,0.0119529,0.00942956,14.3033,55.2146,-46.0764,3145293
-8.4635,-1.54426,-4.40772,0.0988446,0.0411306,0.0290146,14.8465,55.7613,-47.3027,3203823
-8.40364,-1.60411,-4.50828,0.0035843,0.0176819,0.00929634,14.8465,55.7613,-47.3027,3262288
-8.47547,-1.55862,-4.35026,0.0799258,0.0475257,0.0183561,14.3033,55.2146,-47.4779,3323691
-8.42998,-1.54426,-4.61362,0.0773944,-0.0209552,0.0070314,14.3033,55.2146,-47.4779,3384598
-8.58081,-1.6089,-4.28562,-0.0124035,0.0588503,0.0210207,13.0359,56.8547,-46.2516,3457905
-8.50181,-1.54426,-4.3359,0.0182397,0.032737,0.0219533,13.0359,56.8547,-46.2516,3516004
-8.35097,-1.47962,-4.41491,0.0924495,0.0699085,0.0519303,13.398,55.0324,-46.9523,3576964
-8.36294,-1.62087,-4.5011,0.0275659,0.0307385,0.0262167,13.398,55.0324,-46.9523,3638233
-8.48265,-1.51313,-4.45561,0.0963132,0.0643128,0.0613897,13.5791,54.8502,-46.4267,3699064
-8.39646,-1.64721,-4.58729,-0.0183989,0.045394,0.0468675,13.5791,54.8502,-46.4267,3759056
-8.39167,-1.51074,-4.34308,0.0721984,0.0791014,0.0491325,14.3033,54.8502,-46.7771,3828785
-8.4228,-1.51313,-4.69024,-0.108197,0.0351352,0.00996249,14.3033,54.8502,-46.7771,3886300
-8.18338,-1.4437,-4.33829,0.00918001,0.0716405,-0.00455971,13.7602,53.939,-47.6531,3944458
-8.26478,-1.55623,-4.52025,-0.0892778,-0.0429383,-0.0425306,13.7602,53.939,-47.6531,4005918
-8.59997,-1.36948,-4.34069,0.0940483,0.0511229,0.0139594,13.217,54.4857,-47.8283,4065398
-8.33661,-1.45328,-4.37899,-0.00534219,0.025809,0.0299472,13.217,54.4857,-47.8283,4135356
-8.58561,-1.44849,-4.22816,0.27884,0.138123,0.0749793,11.7686,54.8502,-46.4267,4195521
-8.44913,-1.45807,-4.45561,0.17412,0.0918916,0.0962963,11.7686,54.8502,-46.4267,4256457
-8.40843,-1.58736,-4.47237,0.173854,0.147449,0.0817741,14.3033,55.2146,-46.4267,4314623
-8.35337,-1.53947,-4.63517,0.141079,0.121469,0.0653867,14.3033,55.2146,-46.4267,4377616
-8.32224,-1.5682,-4.68785,0.0999105,0.100552,0.0628553,13.5791,54.8502,-47.1275,4436278
-8.2983,-1.65918,-4.63278,0.0198385,0.0636466,0.0455352,13.5791,54.8502,-47.1275,4504978
-8.2552,-1.55144,-4.97754,0.0608737,0.0243434,0.000103384,13.217,54.1213,-47.8283,4563381
-8.24323,-1.53468,-4.79319,-0.0341201,0.0196803,-0.00176184,13.217,54.1213,-47.8283,4622133
-8.26957,-1.59693,-4.53462,-0.0495749,0.0632469,0.00183539,13.398,54.3035,-47.6531,4682830
-8.23126,-1.47483,-4.7884,-0.00414309,-0.000304336,0.00863019,13.398,54.3035,-47.6531,4745473
-8.18098,-1.56341,-4.84586,-0.0206638,-0.0118954,0.0087634,13.9412,53.7568,-47.8283,4803616
-8.15704,-1.4844,-4.79798,0.0546119,-0.0679858,0.047134,13.9412,53.7568,-47.8283,4874876
-7.8841,-1.65679,-4.91051,0.080059,-0.199085,0.0567266,13.7602,55.7613,-46.9523,4936494
-8.19056,-1.80523,-5.00388,0.115499,-0.223467,0.0741799,13.7602,55.7613,-46.9523,4993880
-8.16901,-2.07338,-4.89135,0.0102459,-0.160715,0.107754,13.217,55.5791,-45.726,5054766
-8.011,-1.91776,-5.05655,0.14814,-0.202949,0.111618,13.217,55.5791,-45.726,5113101
-7.94396,-2.08056,-4.8698,-0.0602334,-0.286751,0.133201,12.3117,56.4902,-44.4996,5171461
-7.94156,-1.83396,-5.08289,0.0635383,-0.236923,0.168374,12.3117,56.4902,-44.4996,5240071
-7.79552,-1.68312,-5.14753,-0.126183,-0.29741,0.142394,11.7686,57.0369,-42.2221,5303544
-8.03254,-1.23062,-4.91529,-0.219711,-0.333116,0.0871033,11.7686,57.0369,-42.2221,5364739
-7.63511,0.059855,-4.43406,-0.475115,-0.448761,0.125474,9.958,60.317,-41.1709,5422559
-8.76996,0.3304,-4.67109,0.0873867,-0.691375,0.271362,9.958,60.317,-41.1709,5485131
-8.97107,0.316035,-3.67749,-0.0453115,-0.399998,0.139596,7.24219,62.3215,-38.8933,5554028
-8.16183,0.931344,-3.18908,0.347188,-0.385076,0.155584,7.24219,62.3215,-38.8933,5616066
-8.95671,0.787692,-3.75411,0.735157,-0.482201,0.159048,7.78535,64.6904,-35.915,5677949
-9.93114,-0.102951,-4.9943,0.79098,-0.49326,-0.0922258,7.78535,64.6904,-35.915,5740017
-9.81862,0.37589,-4.96078,0.27844,-0.248914,-0.180425,10.6822,63.5971,-32.7615,5801063
-7.68538,-0.272939,-3.78044,0.578344,-0.547618,-0.525094,10.6822,63.5971,-32.7615,5860543
-7.03656,-1.63524,-1.89142,-0.0766209,-0.210676,-0.610229,14.4844,63.7793,-28.732,5932334
-11.291,-4.85783,1.42216,0.798708,0.14585,-0.289674,14.4844,63.7793,-28.732,5994660
-17.3747,-5.26724,-4.11802,-1.91148,-0.259306,0.261237,16.1139,64.326,-28.9072,6055839
-15.6964,-4.09408,-5.92565,-0.991919,0.475198,-0.208137,16.1139,64.326,-28.9072,6114455
-10.9702,-2.08535,-3.08852,-2.11786,1.31056,0.252976,12.4928,61.7748,-32.4111,6173692
-3.87382,-0.0766144,-2.06141,-0.57304,0.209801,0.342507,12.4928,61.7748,-32.4111,6235083
-0.179565,3.98874,2.77009,-1.00537,-0.21081,0.0155582,8.32851,60.8637,-32.2359,6303597
6.92163,-0.213084,7.24006,4.48482,1.52026,1.02785,8.32851,60.8637,-32.2359,6365341
-19.6133,-4.60165,-13.477,-3.00597,-0.018557,0.580059,18.6486,57.7658,-37.667,6426173
-15.9789,5.03261,-12.4307,4.48482,-0.823007,0.238454,18.6486,57.7658,-37.667,6483898
-11.9854,-3.32315,-2.91614,-0.722659,1.23635,0.448426,16.8381,57.4014,-37.3166,6542096
-4.52265,-0.897825,-4.00789,1.36374,0.169699,0.0143591,16.8381,57.4014,-37.3166,6600192
1.31681,0.76375,1.78129,0.181048,0.892478,-0.958628,18.8297,56.1258,-42.0469,6669955
5.74848,-5.60243,3.69904,1.70814,1.17972,-0.145785,18.8297,56.1258,-42.0469,6728360
-19.6133,-1.64003,-19.6133,-2.92657,-2.93192,-1.7363,19.735,53.0279,-40.4701,6789037
-16.0172,-6.1507,-1.47004,2.20736,1.32481,0.118679,19.735,53.0279,-40.4701,6846570
-14.3987,-4.25928,-4.51546,-1.92747,0.126931,-0.14765,14.4844,53.5746,-40.6453,6905070
-7.35259,-0.849941,-4.91051,-1.82874,1.00985,-0.167635,14.4844,53.5746,-40.6453,6962504
-1.40061,1.80762,-0.246603,-1.76972,0.518898,0.0130268,8.14746,50.4767,-43.2732,7035632
7.20654,3.39977,6.41885,3.42603,1.23022,0.914202,8.14746,50.4767,-43.2732,7095833
-19.6133,-18.6293,-19.6133,4.43685,-3.46911,-0.246774,19.3728,51.5701,-41.8717,7153548
-17.4202,-0.699107,-4.63757,3.92325,1.39676,0.658532,19.3728,51.5701,-41.8717,7217202
-13.7571,-3.03585,-2.48039,-0.718662,0.960959,0.673587,20.2781,51.7523,-40.6453,7275279
-4.63757,-1.60411,-5.76763,2.67034,0.721142,0.324255,20.2781,51.7523,-40.6453,7332655
-1.70228,-1.14682,-1.12049,0.0595414,0.413911,-0.0511906,24.4424,48.29,-42.9228,7406187
4.44603,-2.52349,3.37343,1.6783,1.40022,-0.855907,24.4424,48.29,-42.9228,7467036
-0.653617,-5.96156,-12.6797,-2.21178,-3.00227,0.307867,28.0635,45.3744,-45.3756,7527392
-19.6133,-9.19373,7.15866,-1.77332,1.51946,1.18493,28.0635,45.3744,-45.3756,7588796
-15.3061,-4.80037,-13.8193,-2.90046,-1.10226,-0.49485,26.434,48.4723,-41.6965,7647280
-9.75876,-0.550666,-1.7358,-1.01164,1.55317,-0.0137527,26.434,48.4723,-41.6965,7707827
-2.33674,0.0670376,-2.12126,-1.96611,0.337836,0.237255,18.4676,47.3789,-46.9523,7777526
5.30316,2.73897,7.60398,2.58147,1.3007,0.620961,18.4676,47.3789,-46.9523,7838103
-1.79086,1.54665,-5.78439,3.36274,-1.59348,1.53333,22.4508,43.7344,-47.6531,7896699
-19.6133,-9.63905,7.21612,-2.16289,1.06848,1.71772,22.4508,43.7344,-47.6531,7955119
-16.5559,-3.28484,-19.6133,3.90446,-0.754126,0.945645,31.8656,47.3789,-38.1926,8013866
-9.72524,-1.70467,-6.8139,2.15926,1.36811,0.537291,31.8656,47.3789,-38.1926,8077895
-2.34153,-2.05422,-2.16436,0.949259,0.448685,0.407125,33.8572,47.5611,-37.667,8152477
4.46758,-2.54982,3.22499,1.47179,1.65309,-0.261429,33.8572,47.5611,-37.667,8210938
-0.0694318,-3.20344,-6.92642,-3.57301,-1.5258,0.252443,36.9352,41.9121,-41.3461,8269815
-19.6133,-1.93212,-8.14746,-1.32113,-0.745466,-0.275285,36.9352,41.9121,-41.3461,8328776
-15.6222,-7.06768,-19.6133,-2.16235,-1.30144,-0.205472,35.1246,47.0144,-38.1926,8386271
-13.2064,-1.9824,-1.35512,-0.315371,1.45858,0.114416,35.1246,47.0144,-38.1926,8445645
-4.07493,-1.02951,-2.79643,-2.60988,0.351826,0.359561,28.2445,45.1922,-43.7988,8522652
4.24252,1.84832,6.58405,1.64752,1.1191,0.537691,28.2445,45.1922,-43.7988,8581365
1.82917,2.59771,0.52433,2.65888,0.438959,1.37518,26.434,42.2765,-46.6019,8645908
-19.6133,-0.581791,-17.7578,0.886374,-1.08174,0.363824,26.434,42.2765,-46.6019,8704832
-18.9166,0.505176,-19.6133,4.48482,-0.0833074,1.15508,31.3225,46.1033,-37.3166,8763342
-12.6941,-2.71502,-5.07092,1.13045,1.23155,0.671988,31.3225,46.1033,-37.3166,8825198
-4.06296,-1.80762,-4.18985,0.540772,0.315054,0.345039,34.2193,45.3744,-33.4623,8897380
4.00071,0.509965,2.99036,0.596063,1.70106,-0.707621,34.2193,45.3744,-33.4623,8957555
5.49948,-6.50983,1.45328,-0.836971,-0.0216213,0.44363,36.2109,38.632,-36.0902,9018870
-19.6133,0.835576,-17.6668,-2.00594,-3.75449,-1.62598,36.2109,38.632,-36.0902,9076126
-14.4275,-9.15303,-0.76375,-0.699343,0.970818,-0.126599,34.9435,43.9166,-34.5135,9136204
-12.7731,-2.89938,0.356736,-0.280731,0.401388,0.129471,34.9435,43.9166,-34.5135,9197004
-4.14436,-0.794875,-2.8491,-3.23993,0.866364,0.00956279,29.5119,40.6365,-39.7693,9267366
4.09169,2.9736,7.08444,1.26981,0.431498,0.858245,29.5119,40.6365,-39.7693,9325332
0.64404,1.41737,2.13563,2.97411,0.682372,1.20331,27.1582,38.2676,-43.4484,9383900
-19.6133,-8.93995,-19.6133,4.48482,-1.88473,-0.193748,27.1582,38.2676,-43.4484,9441508
-19.6133,-3.91212,-2.99275,2.41573,1.96126,1.49829,29.693,39.3609,-36.0902,9502466
-12.4786,-5.14514,-5.37498,-1.22694,-0.0218878,0.472275,29.693,39.3609,-36.0902,9563438
-5.72932,-1.44849,-5.00627,1.00242,0.925386,0.36569,32.0467,39.1787,-35.5646,9636241
3.02388,-0.138864,1.96803,-0.252619,0.874358,-0.706022,32.0467,39.1787,-35.5646,9693817
6.76841,-3.41892,3.07176,1.00402,1.06048,-0.663255,34.0383,36.8098,-36.0902,9753673
-5.75087,-10.0078,-14.2287,0.512527,-4.36096,-0.642204,34.0383,36.8098,-36.0902,9815495
-19.6133,-13.0436,6.73489,-1.73122,1.56823,0.231792,32.7709,42.8232,-32.4111,9876233
-14.2287,-5.03022,-8.68377,-3.39648,-1.33515,-0.766775,32.7709,42.8232,-32.4111,9934308
-7.06289,-1.74537,-2.52349,-3.73062,0.665318,-0.773037,28.0635,41.001,-37.3166,10005490
-0.694318,2.12844,-0.318429,-3.32307,0.0612485,-0.507774,28.0635,41.001,-37.3166,10063062
4.52025,3.11964,8.71729,2.26891,0.459077,-0.135526,22.4508,38.9965,-37.1414,10123041
-7.46751,-0.011971,-4.88177,2.76134,-1.6573,0.414452,22.4508,38.9965,-37.1414,10184388
-17.1497,-6.74925,8.86333,-3.76339,1.435,0.589118,28.2445,45.1922,-28.3816,10245166
-18.1959,-7.17303,-7.0605,0.258722,-0.236656,0.82627,28.2445,45.1922,-28.3816,10305186
-10.3334,-3.29442,-9.68694,0.421131,0.24604,0.338511,25.7098,46.2855,-31.1848,10378767
-1.22104,-0.339977,-0.0814028,-1.86525,1.04623,-0.618089,25.7098,46.2855,-31.1848,10436381
5.92804,0.150835,3.46441,0.56129,1.41288,-1.12477,20.8213,41.7299,-40.1197,10496798
1.12288,-3.58891,-8.49463,-3.11669,-2.48347,-0.893878,20.8213,41.7299,-40.1197,10558514
-17.9876,-7.12754,-11.9878,4.48482,-2.4776,-1.86873,21.5455,47.5611,-35.2143,10619197
-17.8655,-10.9152,-6.95276,-3.30814,-0.0994284,-0.704556,21.5455,47.5611,-35.2143,10680967
-13.1801,-3.74932,-2.23379,-2.38259,0.449084,-0.710952,24.2613,48.8367,-36.4406,10749874
-3.00951,0.275333,-1.32399,-4.17268,0.895942,-0.744126,24.2613,48.8367,-36.4406,10810082
5.30794,3.33273,6.44998,1.08742,-0.141663,-0.113943,13.5791,45.01,-43.6236,10871107
0.814028,1.42216,2.02071,2.9777,0.459343,0.617496,13.5791,45.01,-43.6236,10931596
-19.6133,-5.35583,-2.46363,-2.87021,-0.51431,0.712224,26.9771,49.0189,-39.7693,10989851
-17.0156,0.337582,-19.6133,2.95372,-0.808085,1.09859,26.9771,49.0189,-39.7693,11047963
-7.46512,-1.35751,-3.4668,0.862526,1.62791,0.235123,23.7182,49.3834,-41.8717,11119892
-1.11091,-0.634463,-2.52588,0.00558278,0.655726,0.225531,23.7182,49.3834,-41.8717,11177827
3.76129,0.184353,2.54025,0.0957803,1.35865,-1.40295,24.8045,45.01,-48.5291,11236122
3.62482,-7.69736,-0.316035,-2.10067,-0.686045,0.150788,24.8045,45.01,-48.5291,11297592
-19.6133,0.797269,-2.22661,-4.11912,-1.44986,-0.987406,24.2613,48.8367,-42.3972,11356008
-13.1992,-5.62637,-19.6133,-3.326,-1.09746,-0.777168,24.2613,48.8367,-42.3972,11429016
-7.95354,-0.964863,0.347159,-2.24856,1.24834,-0.625284,15.9328,49.9301,-43.7988,11487662
-0.794875,2.27689,-0.775721,-4.022,0.970551,-0.462875,15.9328,49.9301,-43.7988,11547490
6.14831,4.31196,10.2232,3.88714,0.482126,0.401662,6.51797,44.8277,-47.3027,11608920
-9.20091,-3.72777,-8.83699,4.48482,-3.88786,1.15455,6.51797,44.8277,-47.3027,11669764
-19.065,-3.5075,9.40921,-2.01433,2.89414,1.03464,16.657,48.8367,-41.3461,11727042
-14.2024,-6.47392,-13.5081,0.24833,-1.30437,0.970293,16.657,48.8367,-41.3461,11798175
-4.68545,-1.53947,-4.19225,1.726,1.44579,0.229394,14.1223,45.9211,-43.4484,11856668
2.18591,0.189142,-0.474052,0.149073,0.991602,-0.474866,14.1223,45.9211,-43.4484,11914445
4.2952,-3.87861,3.6727,1.38239,1.06035,-0.83952,15.5707,37.5387,-45.9012,11975441
0.921767,-5.34386,-9.73721,-2.98199,-3.07528,-0.174296,15.5707,37.5387,-45.9012,12033846
-19.6133,-6.1531,6.31351,-4.24649,0.357555,-0.0626485,12.3117,46.2855,-36.791,12095443
-13.6924,-6.60321,-16.283,-3.52624,-1.4853,-0.75212,12.3117,46.2855,-36.791,12164410
-6.12437,-0.26815,-0.260968,-2.56578,1.3877,-0.48659,6.88008,46.2855,-32.9367,12226682
2.18112,2.88501,1.61848,-1.81009,0.922322,-0.137658,6.88008,46.2855,-32.9367,12288090
4.42927,2.45166,5.76524,2.82049,0.606697,0.397266,6.15586,42.2765,-35.7398,12350137
-8.85376,1.10851,-9.15303,4.48482,-4.36096,-0.20454,6.15586,42.2765,-35.7398,12410494
-17.0898,-2.60489,3.72059,1.83831,1.77753,1.30297,11.4064,46.4678,-32.4111,12471374
-12.5696,-4.96078,-2.10211,-0.128847,0.28521,0.642677,11.4064,46.4678,-32.4111,12540010
-3.81636,-1.81241,-4.37899,1.0324,0.578319,0.419115,15.2086,45.5566,-36.4406,12599363
2.48039,0.0933738,1.4461,1.08835,0.902737,-0.488988,15.2086,45.5566,-36.4406,12660956
5.70778,-4.80756,3.90255,0.692922,1.23208,-0.598904,20.2781,40.8187,-39.9445,12718254
-5.11162,-10.0365,-15.864,2.5884,-4.36096,-0.432365,20.2781,40.8187,-39.9445,12779863
-19.6133,-14.3844,7.43399,-1.10517,2.19215,0.426177,18.8297,49.2012,-35.039,12837982
-14.5711,-4.76207,-8.43956,-3.50066,-1.29718,-0.65153,18.8297,49.2012,-35.039,12908839
-4.54419,-0.916979,-2.85389,-3.36543,0.881153,-0.683506,14.8465,46.65,-37.4918,12971547
2.77248,2.76291,3.33273,-1.65035,0.047126,-0.203074,14.8465,46.65,-37.4918,13032323
3.31357,1.28329,5.67186,3.73273,0.648532,0.522103,9.59589,45.7389,-39.7693,13090004
-10.4818,-0.56982,-5.00627,4.48482,-3.61353,-0.143653,9.59589,45.7389,-39.7693,13148264
-19.6133,-3.41413,7.09162,-2.53194,2.88322,1.01279,19.3728,49.3834,-37.667,13206768
-12.8377,-6.00705,-12.1889,2.00845,-1.46372,1.25088,19.3728,49.3834,-37.667,13277214
-4.19703,-1.81959,-2.44448,0.793512,2.16723,0.593915,18.2865,47.5611,-41.5213,13342521
4.87459,0.545878,0.256179,1.15603,1.58421,-0.248106,18.2865,47.5611,-41.5213,13400145
4.23534,-4.57053,0.52433,1.49671,-0.182431,-0.232518,25.3477,40.4543,-45.9012,13457657
-0.373495,-6.82826,-7.1012,1.01827,-3.75929,-0.325247,25.3477,40.4543,-45.9012,13517155
-19.6133,-13.3213,7.60877,-2.49903,1.17133,0.102958,25.1666,51.9346,-36.9662,13578358
-15.0212,-4.81474,-11.1043,-3.60125,-1.37565,-0.383869,25.1666,51.9346,-36.9662,13647135
-4.8698,-0.955286,-0.794875,-3.04275,1.13323,-0.690967,15.7518,51.2056,-43.2732,13712838
3.38301,3.47399,3.68228,-2.12332,0.637606,-0.363884,15.7518,51.2056,-43.2732,13770560
3.03585,2.77727,5.71975,3.99279,0.361019,0.159981,10.5012,49.9301,-49.7555,13828435
-5.2457,-1.51074,-6.02142,0.701582,-1.51914,0.936053,10.5012,49.9301,-49.7555,13890361
-19.6133,-6.20577,5.97593,-2.34222,2.07757,0.803887,24.0803,52.6635,-46.4267,13948894
-14.1617,-6.359,-7.65665,0.587936,-0.323257,0.701566,24.0803,52.6635,-46.4267,14020325
-3.98874,-1.26174,-2.58813,1.52881,0.786026,0.0194219,22.4508,52.1168,-47.6531,14084181
5.27921,2.4756,1.18513,0.156134,1.42247,-1.18512,22.4508,52.1168,-47.6531,14141931
2.66714,-4.56813,1.82199,1.77356,0.396725,-0.890147,30.7793,46.65,-51.8578,14202819
0.339977,-9.77313,-4.36702,-1.5403,-2.77644,-0.0137527,30.7793,46.65,-51.8578,14261418
-19.6133,-4.70939,6.26084,-4.24649,0.101218,-0.317919,30.2361,55.9435,-44.3244,14318620
-10.2975,-7.28795,-16.836,-2.7166,-1.19432,-0.701492,30.2361,55.9435,-44.3244,14393526
-6.40209,-0.399832,-0.323217,-2.85103,0.930982,-0.506575,21.0023,54.668,-44.85,14451546
2.88022,1.46525,2.34871,-1.67633,1.17573,-0.548542,21.0023,54.668,-44.85,14510511
3.68468,-0.533907,4.35744,2.99036,-0.388673,0.598178,15.7518,53.0279,-49.2299,14569105
-8.64546,2.32477,-1.40061,1.79634,-1.36925,0.236988,15.7518,53.0279,-49.2299,14627885
-16.5918,-2.71981,1.45567,-0.298451,1.30643,1.10339,21.3644,54.668,-40.6453,14686422
-13.4339,-7.54652,-12.1194,0.953389,-0.411456,1.32109,21.3644,54.668,-40.6453,14758921
-4.88417,-2.01352,-5.08289,0.694388,0.83732,0.49106,20.4592,53.7568,-41.1709,14817471
2.27928,-0.0502782,1.64721,-0.832841,1.09539,-0.159774,20.4592,53.7568,-41.1709,14879266
6.89051,-2.62404,2.82516,2.41294,0.940974,-0.410115,18.4676,48.4723,-46.2516,14937193
-1.12288,-6.80671,-6.96234,-3.94552,-3.41036,-0.121936,18.4676,48.4723,-46.2516,14999090
-19.6133,-6.99825,3.30879,-3.74874,0.430965,0.0673851,22.6318,53.7568,-37.3166,15057480
-13.8481,-4.70939,-15.8807,-2.76056,-1.36499,-0.320184,22.6318,53.7568,-37.3166,15132012
-3.99113,0.179565,-0.0430956,-3.78897,1.30003,-0.611827,13.9412,55.9435,-37.3166,15193424
2.69108,2.78446,2.41575,-2.07349,-0.195888,-0.220394,13.9412,55.9435,-37.3166,15251143
3.3016,0.296881,7.96072,4.48482,0.325579,0.653735,10.5012,56.8547,-37.4918,15308818
-19.6133,-5.18584,-5.25288,4.48482,-0.313664,0.41765,10.5012,56.8547,-37.4918,15369106
-19.6133,-4.01508,4.12521,2.27851,2.98061,1.02052,15.3896,56.6724,-31.7103,15430880
-11.6981,-5.782,-4.15633,0.180515,0.277749,0.494791,15.3896,56.6724,-31.7103,15499845
-3.45723,-2.49955,-3.45962,0.625774,1.32721,0.3521,17.3812,56.8547,-35.3894,15564490
6.36139,0.399832,2.21224,-0.721859,1.36265,-1.24587,17.3812,56.8547,-35.3894,15622434
4.43645,-4.21619,2.87304,0.863059,-0.266101,-0.648066,13.5791,49.7478,-44.6748,15680002
0.770933,-4.23055,-3.5937,-1.10916,-2.3962,-0.391463,13.5791,49.7478,-44.6748,15741904
-19.6133,-10.0796,-0.428562,-4.24649,-0.210676,-0.359088,15.9328,56.4902,-35.039,15802718
-14.4083,-4.86262,-4.93924,-2.69874,-0.861644,-0.495117,15.9328,56.4902,-35.039,15871147
-4.7477,-0.299275,-0.799663,-3.08458,1.09552,-0.406118,8.14746,58.8592,-32.4111,15929587
4.38618,2.33195,4.98952,-1.01883,0.60723,0.3084,8.14746,58.8592,-32.4111,15988297
2.24337,2.35111,2.37984,3.38019,0.331574,0.286018,3.62109,57.2191,-34.6887,16046430
-19.6133,-13.046,-19.6133,2.32061,-3.18999,-1.04536,3.62109,57.2191,-34.6887,16107788
-16.8049,0.179565,-10.7308,4.48482,0.89421,0.510778,9.41484,60.4992,-32.5863,16169132
-10.817,-2.53306,-1.74298,1.19067,1.92755,0.175969,9.41484,60.4992,-32.5863,16239337
-3.06937,-2.06141,-6.30393,0.598062,0.256832,0.0334112,12.6738,59.4058,-37.1414,16301556
3.79481,-0.0933738,3.26569,-0.150031,1.37797,-0.63048,12.6738,59.4058,-37.1414,16359852
4.13239,-4.69503,2.23858,2.81103,1.01572,-0.322183,14.8465,56.4902,-42.0469,16417923
-0.933739,-6.09564,-7.37653,1.20187,-2.64747,-0.480994,14.8465,56.4902,-42.0469,16479584
-19.6133,-10.3549,-2.70066,-2.01487,0.867963,0.421647,20.2781,57.2191,-34.6887,16550866
-16.034,-3.73256,-2.07338,-1.13781,0.598037,-0.245442,20.2781,57.2191,-34.6887,16610127
-5.77242,-0.909797,-4.34547,-2.87794,0.439625,-0.00975572,16.2949,57.5836,-36.0902,16668481
1.82199,0.893037,1.40061,-0.747839,0.417509,0.276691,16.2949,57.5836,-36.0902,16727143
5.66228,3.12683,6.97431,2.39468,0.990136,0.661196,13.398,55.0324,-39.5941,16787562
-9.02853,-0.0263362,-6.94558,3.63493,-2.82494,1.27726,13.398,55.0324,-39.5941,16851145
-19.4218,-3.39019,2.62883,-0.524811,1.65976,0.927392,20.8213,57.7658,-31.7103,16920088
-12.7755,-4.17309,-5.72693,1.11753,0.632544,1.11845,20.8213,57.7658,-31.7103,16980709
-6.45477,-1.81002,-4.30238,1.84231,1.04303,0.917133,21.1834,53.3924,-35.915,17040157
0.940921,-1.16119,0.299275,1.3323,1.19225,0.561673,21.1834,53.3924,-35.915,17098402
7.52019,-2.39181,3.86903,1.63766,1.57089,0.137998,22.2697,50.4767,-41.5213,17160369
-3.77565,-4.3335,-10.2855,-3.51092,-3.02119,0.519305,22.2697,50.4767,-41.5213,17218706
-19.6133,-4.54898,0.0430956,-0.990587,1.20237,0.332515,25.7098,55.3969,-38.1926,17288651
-16.0507,-5.17626,-7.5561,-2.65984,-0.461684,-0.517766,25.7098,55.3969,-38.1926,17347018
-8.44195,-0.699107,-5.89931,-2.802,0.974149,-0.283412,22.4508,51.3879,-43.7988,17404701
-1.12049,0.696712,-0.107739,-3.0987,0.129063,-0.111944,22.4508,51.3879,-43.7988,17470534
6.09085,3.71819,9.42836,3.34849,1.1287,0.162912,18.4676,47.3789,-51.5074,17528699
-3.50272,-0.835576,-6.08845,1.24317,-0.874834,1.23729,18.4676,47.3789,-51.5074,17586220
-19.6133,-13.1346,-3.85227,-1.18763,0.222192,1.42181,37.8404,57.0369,-35.915,17659083
-14.9494,-5.02782,-13.4698,1.72906,-0.21041,1.38717,37.8404,57.0369,-35.915,17716873
-6.84741,-2.34392,-2.7653,1.16256,0.995199,0.563405,28.4256,57.4014,-31.7103,17774214
-0.28491,-0.529118,-1.18513,0.0831233,1.32748,0.307068,28.4256,57.4014,-31.7103,17836027
4.2952,-1.14922,1.80283,1.38146,1.3805,-0.337371,21.1834,52.299,-38.7182,17895097
2.14042,-3.1388,-6.20816,-2.06363,-1.54685,0.0307466,21.1834,52.299,-38.7182,17952565
-8.11634,-6.85699,-8.7963,4.48482,-3.14882,-1.96812,15.9328,51.0234,-38.543,18025730
-18.4593,-11.6023,-6.6463,-3.00637,0.436694,-0.3868,15.9328,51.0234,-38.543,18083149
-13.0149,-2.94726,-4.32632,-1.6261,-0.08424,-0.287543,14.1223,50.659,-36.4406,18144058
-4.1276,-1.67115,-2.14281,-3.25299,1.1656,-0.259031,14.1223,50.659,-36.4406,18208253
4.25689,3.30879,4.20422,-1.501,0.862234,-0.14312,6.69902,47.1967,-38.3678,18266200
1.64482,1.60411,4.50828,4.48482,-0.234525,0.684245,6.69902,47.1967,-38.3678,18324331
-19.6133,-19.6133,-19.6133,3.10654,-1.33035,-0.0232121,15.2086,45.9211,-38.8933,18401656
-18.5694,-0.11971,-19.6133,3.88781,0.291472,0.963232,15.2086,45.9211,-38.8933,18462363
-8.29112,-2.16436,-2.19788,-0.389714,1.26899,0.429374,15.9328,44.4633,-38.8933,18522207
0.292093,-0.608127,-4.38378,0.267515,1.14828,0.00663172,15.9328,44.4633,-38.8933,18580777
4.76925,-0.914585,2.98557,0.272711,1.28857,-0.258498,14.3033,39.1787,-45.3756,18638377
1.85311,-3.4692,-8.55927,-0.703873,-1.19059,0.278956,14.3033,39.1787,-45.3756,18697477
-19.6133,4.64475,-7.3909,-2.30185,-1.27026,-1.12783,16.476,42.4588,-40.4701,18770597
-16.4984,-3.89297,-15.4665,-2.0118,-1.23469,-0.115674,16.476,42.4588,-40.4701,18828156
-11.157,-0.0502782,-4.98233,-0.691483,1.32028,0.219802,12.1307,45.3744,-40.8205,18890744
-1.8148,-0.296881,-1.01035,-2.20685,0.464406,0.381011,12.1307,45.3744,-40.8205,18948558
5.35104,4.47955,7.57286,2.13009,1.38623,0.343573,4.34531,42.2765,-44.4996,19007141
1.72622,2.66235,1.38624,3.13865,0.60723,0.964297,4.34531,42.2765,-44.4996,19066137
-19.6133,2.41335,-17.3125,0.104707,0.995066,1.70853,18.1055,42.641,-44.1492,19138791
-18.6987,2.0231,-19.6133,4.48482,-0.670324,1.40236,18.1055,42.641,-44.1492,19196141
-11.5736,-1.03669,-2.88262,1.53761,1.60873,1.09833,25.1666,41.7299,-41.1709,19255111
-4.8722,-1.74298,-4.82431,1.97128,0.621752,1.07581,25.1666,41.7299,-41.1709,19316692
1.25456,-0.373495,2.46124,1.32577,1.43433,0.505716,27.7014,40.2721,-41.5213,19374287
6.46674,-3.60806,3.12683,2.60825,2.00989,0.44776,27.7014,40.2721,-41.5213,19436656
-19.6133,-10.9295,-19.6133,4.34905,-4.36096,0.639879,30.4172,38.9965,-40.9957,19508602
-10.2208,-4.29998,-2.74615,4.00904,0.996265,1.71585,30.4172,38.9965,-40.9957,19568938
-13.3956,-3.6751,-0.378284,0.0779273,0.553404,1.69774,31.3225,45.01,-33.1119,19628508
-6.07888,-1.01275,-2.37505,1.22252,0.892878,1.42181,31.3225,45.01,-33.1119,19686098
-1.97282,0.035913,-0.754173,0.946328,0.26376,1.28485,28.6066,47.3789,-35.7398,19743999
0.203507,2.18591,2.99036,1.97381,1.55783,0.943114,28.6066,47.3789,-35.7398,19801608
-19.6133,-2.94966,-19.6133,2.98543,-1.44653,0.625757,32.4088,46.4678,-31.7103,19877223
-9.28471,1.13485,-14.7914,4.47802,0.388464,0.549149,32.4088,46.4678,-31.7103,19934671
-14.6597,-0.723049,0.859518,0.161463,2.26796,0.687176,35.4867,47.7433,-25.2281,19992642
-4.09648,0.773327,-7.57525,3.72247,0.762311,0.835463,35.4867,47.7433,-25.2281,20056545
-4.17549,-1.05345,-2.62883,1.66631,-0.169774,0.346904,36.392,49.3834,-24.7025,20114482
-1.7334,-1.9393,0.237026,1.97887,0.840917,0.330117,36.392,49.3834,-24.7025,20175114
-0.213084,-5.63116,1.17795,1.60862,1.0762,-0.171232,39.2888,49.0189,-19.4467,20247706
-18.5311,-0.68953,-14.291,-1.22521,-2.25577,-1.04017,39.2888,49.0189,-19.4467,20305066
-12.0668,-5.79636,-11.904,1.17176,0.417775,0.755124,38.0215,50.2945,-15.7676,20362306
-14.7435,-4.2928,-2.71981,0.517057,0.674778,0.388472,38.0215,50.2945,-15.7676,20426415
-8.11155,-2.70305,-8.12831,-2.13518,0.0884276,0.539823,35.6678,52.6635,-15.9428,20484602
-1.82199,-0.105345,-0.244209,-1.17658,0.145184,0.387406,35.6678,52.6635,-15.9428,20545543
3.20584,3.64876,7.78355,2.61238,0.877023,1.04384,31.1414,53.5746,-19.9723,20617745
-13.6613,0.68953,-1.36469,4.48482,-3.1796,1.50815,31.1414,53.5746,-19.9723,20675508
-13.5919,-2.08295,7.98705,-1.52458,2.13872,1.34187,26.9771,55.5791,-12.0885,20733047
-15.7802,-1.8579,-6.39252,2.37776,0.622818,1.29045,26.9771,55.5791,-12.0885,20797798
-4.5394,-2.63601,-7.63989,1.23118,0.765775,0.845455,23.356,56.308,-16.6435,20856447
2.87543,-1.19231,0.296881,1.66271,0.18995,-0.451151,23.356,56.308,-16.6435,20917308
2.38941,-1.22823,1.75016,0.364907,1.14175,0.14426,23.8992,55.7613,-18.2203,20988929
-1.18274,-4.6663,0.679953,-1.25398,-1.66902,0.830533,23.8992,55.7613,-18.2203,21046214
-19.6133,-3.2609,5.97832,-0.45513,1.94087,-0.474733,25.8908,55.5791,-13.1396,21103767
-14.4969,-9.02374,-11.8465,-4.23317,-0.767982,-0.00775725,25.8908,55.5791,-13.1396,21169551
-7.24725,-2.00395,-3.89297,-1.59359,1.39396,-0.0984877,26.2529,53.3924,-20.1475,21227428
-0.208295,-0.632069,-0.981623,-3.77658,0.191682,-0.737864,26.2529,53.3924,-20.1475,21291104
3.80917,8.67179,12.9119,4.18211,0.0460601,-0.205339,23.7182,52.299,-27.856,21360910
-8.61673,0.596156,-0.126893,4.48482,-0.588253,0.725547,23.7182,52.299,-27.856,21419916
-15.3301,1.16119,8.45871,-2.79121,3.06215,0.427376,30.5982,55.2146,-17.6947,21479194
-12.4858,-5.31752,-12.7419,1.42609,-1.01632,1.02958,30.5982,55.2146,-17.6947,21537679
-4.73812,-1.64482,0.246603,0.252327,1.82696,0.231926,27.8824,56.1258,-22.0746,21600994
7.08205,1.79326,1.76453,0.0755292,2.02548,-0.913862,27.8824,56.1258,-22.0746,21663794
3.23935,-6.55053,-5.02064,0.450442,-1.74736,-0.0583851,29.1498,50.4767,-33.1119,21734242
-19.6133,2.19788,-16.9533,-3.22314,-3.18266,-1.76481,29.1498,50.4767,-33.1119,21794136
-15.5216,-8.24802,-11.2671,-2.47611,0.775234,-0.896676,29.5119,58.1303,-25.7537,21856038
-11.2504,-2.59292,0.00957681,-2.45413,0.370478,-0.377474,29.5119,58.1303,-25.7537,21914202
-1.52989,0.773327,-1.19949,-3.93593,1.43486,-0.681507,24.2613,54.668,-30.8344,21974656
3.0957,5.14274,6.25605,0.852533,-0.516442,0.402462,24.2613,54.668,-30.8344,22048945
-6.55772,0.845153,-2.02071,4.45764,-0.00243603,1.26913,23.7182,55.2146,-34.1631,22108027
-10.4555,-6.13394,5.19063,-3.9318,0.53262,0.215272,23.7182,55.2146,-34.1631,22165372
-13.7116,-4.31196,-17.1066,0.713706,-1.07108,1.14776,27.8824,55.7613,-30.1336,22224149
-6.46913,-1.13964,-3.39498,0.923546,1.62898,0.579925,27.8824,55.7613,-30.1336,22285087
3.43089,-0.622492,-2.1069,0.584073,0.724606,-0.188019,26.2529,54.1213,-31.0096,22342976
5.76524,-3.3016,2.95923,1.46087,0.850643,-0.99913,26.2529,54.1213,-31.0096,22414692
-4.89614,-11.1522,-12.2224,1.03279,-4.36096,-0.92572,31.8656,51.7523,-33.9879,22473143
-19.6133,-14.619,8.73883,-1.63249,2.02214,0.119079,31.8656,51.7523,-33.9879,22531355
-13.6254,-4.54659,-8.36294,-2.97853,-1.22909,-0.644469,35.8488,55.3969,-30.1336,22593682
-5.60482,-0.289698,-1.42216,-3.4114,1.35865,-0.405719,35.8488,55.3969,-30.1336,22655099
0.380678,4.23534,1.20668,-1.95598,-0.190425,-0.0342703,30.2361,53.0279,-39.4189,22717390
2.45645,1.53947,7.06768,4.22781,0.88515,0.409523,30.2361,53.0279,-39.4189,22785884
-19.6133,-19.6133,-19.6133,4.48482,-3.87906,-0.41771,35.6678,53.0279,-35.915,22846349
-19.6133,-4.88177,-4.52983,2.97557,0.858237,0.97762,35.6678,53.0279,-35.915,22907420
-12.2583,-5.09725,-2.66714,-0.524144,0.95896,0.416317,38.0215,55.3969,-25.2281,22968248
-3.17471,-2.95205,-5.27203,0.225548,-0.212009,0.203814,38.0215,55.3969,-25.2281,23028324
4.32393,0.31364,1.60651,-0.716397,0.65879,-1.30556,37.4783,57.7658,-25.4033,23086815
5.08768,-3.51947,1.91297,0.693189,0.228187,-1.03244,37.4783,57.7658,-25.4033,23155384
-18.4713,-14.212,-15.1625,0.605656,-4.36096,-1.50514,40.7373,55.2146,-25.4033,23213945
-17.7865,-8.29591,-0.483629,-0.863751,1.77207,-1.06948,40.7373,55.2146,-25.4033,23272637
-12.4307,-4.38139,-2.29364,-3.76486,-0.454223,-0.838853,40.7373,51.2056,-25.0529,23333875
-4.46519,-1.03669,-2.88501,-2.84077,0.544744,-1.00086,40.7373,51.2056,-25.0529,23396320
0.782904,2.00873,2.62404,-3.29242,0.145717,-0.447287,34.4004,47.7433,-35.7398,23454219
3.74214,5.14274,9.60314,4.48482,0.221526,0.936585,34.4004,47.7433,-35.7398,23525401
-19.6133,-2.54264,-19.6133,-1.48154,-1.20485,0.454022,35.3057,49.7478,-29.9584,23587056
-16.745,7.97987,-19.6133,4.48482,-0.281156,0.452557,35.3057,49.7478,-29.9584,23647725
-8.57842,-2.19788,-0.11971,-1.7973,2.21719,0.0158247,36.0299,54.8502,-24.3521,23705571
0.715866,0.452504,-3.62961,1.03266,0.680507,-0.18189,36.0299,54.8502,-24.3521,23764453
6.03339,-0.179565,4.56574,1.96182,0.930982,-1.40628,35.1246,53.5746,-34.3383,23822899
0.160411,-2.88501,-12.6821,-4.24649,-2.13507,-0.731336,35.1246,53.5746,-34.3383,23892997
-19.6133,-9.26556,-16.0579,-0.567977,-1.701,-0.227189,39.4699,51.3879,-32.5863,23955312
-14.4969,-7.33104,-19.6133,-3.68892,-0.847921,-0.828062,39.4699,51.3879,-32.5863,24016776
-9.56244,-1.19949,-2.44209,-1.53031,1.0782,-0.223858,39.4699,55.0324,-31.1848,24074568
-1.28808,-0.260968,-1.56581,-3.03209,0.0628473,0.109619,39.4699,55.0324,-31.1848,24133981
7.25443,4.43645,8.85376,2.64729,0.33757,0.303737,32.7709,56.6724,-40.1197,24192441
-1.69749,1.59693,1.19231,2.49234,-0.0942323,1.17174,32.7709,56.6724,-40.1197,24261027
-19.6133,-2.53067,-3.3423,-0.697078,1.12523,1.02891,40.5562,54.3035,-29.4328,24322222
-17.5782,-3.22259,-13.3381,3.27747,0.255233,1.50109,40.5562,54.3035,-29.4328,24381160
-7.20654,-3.08613,-6.33266,1.25822,1.28591,0.539423,37.6594,59.7703,-26.2793,24438864
-0.533907,-1.71664,-1.51074,0.708111,1.39622,0.624025,37.6594,59.7703,-26.2793,24501314
7.29992,-0.926556,2.6001,1.29046,1.52812,-0.65606,34.7625,59.4058,-35.3894,24559079
0.701501,-2.32956,-6.50026,-4.10473,-2.60511,-0.287809,34.7625,59.4058,-35.3894,24630246
-19.6133,-3.80917,-17.2454,-2.80879,-1.4841,-0.345765,35.6678,63.2326,-32.4111,24695681
-14.6525,-6.38773,-15.7993,-2.54926,-1.14543,-0.286477,35.6678,63.2326,-32.4111,24753262
-7.58962,-1.13964,-3.5075,-1.85233,1.06408,-0.206538,34.4004,64.5082,-24.5273,24811028
-0.0694318,-0.430956,-1.21625,-2.98932,-0.185096,0.286284,34.4004,64.5082,-24.5273,24869373
4.23295,5.54976,8.65264,2.85833,-0.34524,0.429108,31.1414,63.0504,-31.1848,24938924
-7.93438,0.636858,3.50272,4.44058,1.06115,1.2161,31.1414,63.0504,-31.1848,25000544
-18.081,-1.07978,11.9902,-3.21528,3.83662,1.12791,37.8404,62.5037,-16.9939,25058641
-10.6398,-6.74686,-12.9622,2.48541,-1.60054,1.33162,37.8404,62.5037,-16.9939,25117740
-5.02303,-2.8467,0.4956,0.431523,2.31046,0.598844,32.2277,64.5082,-19.2715,25179365
8.02776,1.00078,0.658405,0.543037,1.96486,-0.585581,32.2277,64.5082,-19.2715,25237531
3.47877,-4.97276,-2.90417,1.18108,-1.05456,-0.30393,34.0383,57.948,-28.0312,25309382
-1.62087,-5.60722,-3.88339,1.96768,-2.20981,-0.341901,34.0383,57.948,-28.0312,25375615
-19.6133,-12.7539,0.0526724,-3.55649,0.97708,-0.143253,36.392,58.8592,-14.1908,25433186
-13.5608,-4.23295,-7.36456,-2.46492,-0.782105,-0.300466,36.392,58.8592,-14.1908,25490510
-3.83072,-1.00317,-1.15879,-3.58113,1.17679,-0.489921,34.5814,56.6724,-21.8994,25548608
3.33512,3.24893,0.88346,-1.24919,-0.563606,0.138397,34.5814,56.6724,-21.8994,25607290
3.72538,3.0119,9.65581,4.23421,0.779231,0.657066,32.9519,53.939,-25.2281,25677872
-19.6133,-1.83875,-19.6133,2.92748,-1.37951,-0.00908956,32.9519,53.939,-25.2281,25743496
-18.3396,0.189142,-19.6133,4.18198,-0.560009,1.15309,33.6762,54.668,-18.9211,25801260
-8.69095,-2.74615,-4.4987,0.140279,1.00919,0.44856,33.6762,54.668,-18.9211,25858784
-0.749385,-2.08056,-1.70467,1.56865,1.12044,0.449625,31.8656,53.5746,-22.0746,25917672
6.41167,-0.605733,2.26731,0.408474,1.28551,-0.918526,31.8656,53.5746,-22.0746,25979042
-0.3304,-4.67348,-9.23922,-2.74604,-1.98159,-0.23918,34.5814,50.1123,-24.3521,26084141
-19.6133,-13.5153,-0.0670376,-2.74045,0.616689,-0.244909,39.1078,50.659,-19.6219,26143248
-14.2359,-4.27125,-3.46441,-2.82012,0.0584506,-0.414512,39.1078,50.659,-19.6219,26200358
-3.79481,-0.368707,-2.42293,-2.85063,0.670382,-0.670183,34.7625,46.65,-29.4328,26258596
3.89536,2.99515,4.18267,-0.775152,0.0388656,-0.0525229,34.7625,46.65,-29.4328,26316875
1.19471,1.74058,4.84586,3.59523,0.558734,0.957636,34.7625,46.65,-29.4328,26377713
-11.133,-3.15316,-3.68946,4.48482,-2.36036,0.588985,34.7625,46.65,-29.4328,26452318
-19.6133,-6.05733,-16.5846,2.95345,1.04036,1.46911,38.9267,49.0189,-24.3521,26509970
-10.4411,-3.41652,-1.28329,0.0751295,0.474532,0.624425,38.9267,49.0189,-24.3521,26570136
-1.74298,-2.54504,-1.23301,0.872385,2.37268,0.596579,36.573,50.2945,-25.2281,26631652
5.41089,1.51313,1.03908,0.0478171,1.41101,-0.843916,36.573,50.2945,-25.2281,26689482
1.20668,-5.56891,-7.98945,-2.13278,-1.41482,-0.0525229,36.2109,47.7433,-30.8344,26752804
-19.6133,-6.01184,-19.6133,4.48482,-4.12261,-1.35739,36.2109,47.7433,-30.8344,26824424
-15.9143,-7.05811,-17.4106,-1.69605,-0.790099,-0.945039,36.7541,54.1213,-25.4033,26882447
-10.0844,-0.687136,-1.64482,-2.65145,1.06435,-0.58265,36.7541,54.1213,-25.4033,26944586
-1.18752,0.770933,-1.70228,-2.80546,0.872626,-0.261563,29.3308,53.939,-36.0902,27002446
5.6958,3.39019,7.5561,2.07893,0.00342614,0.256973,29.3308,53.939,-36.0902,27059818
-3.34949,2.02549,0.797269,3.09015,-0.0601251,1.20172,33.6762,59.4058,-32.5863,27121553
-19.6133,-7.70933,-9.96466,-0.513086,0.543146,1.34187,33.6762,59.4058,-32.5863,27191076
-16.4625,-4.12281,-9.32063,2.60572,0.931515,1.6519,31.6846,63.9615,-23.6514,27248638
-6.3973,-2.71502,-5.50427,2.28024,0.717412,1.15442,31.6846,63.9615,-23.6514,27306931
2.21703,-1.17795,-0.658405,0.37037,1.45338,0.415785,27.5203,61.957,-26.2793,27365356
6.6463,-2.01113,1.52511,1.41197,1.41448,-0.848313,27.5203,61.957,-26.2793,27426337
-1.36948,-5.95677,-6.58405,-3.61005,-3.49482,0.0479334,27.5203,61.957,-26.2793,27485372
-19.6133,-5.43244,0.579397,-2.448,0.974282,0.253109,27.5203,61.957,-26.2793,27554455
-13.3692,-6.90248,-9.53371,-2.6701,-1.1794,-0.226256,29.693,58.3125,-22.7754,27613261
-7.06768,-2.57855,-2.26013,-2.707,1.03663,-0.259431,29.693,58.3125,-22.7754,27670826
-1.23541,1.42694,0.641646,-4.00268,0.427501,0.0354096,29.693,58.3125,-22.7754,27730473
3.31118,4.07972,7.60159,2.98596,1.04982,0.710226,23.5371,56.4902,-29.0824,27795018
-2.37744,-0.349553,-9.02374,2.34899,-1.12917,1.28938,23.5371,56.4902,-29.0824,27852756
-19.6133,-12.2368,12.5648,-4.24649,2.24984,0.674253,22.9939,53.7568,-29.608,27922385
-11.5089,-6.72292,-6.78995,0.451774,-0.390538,0.542487,21.3644,55.0324,-26.9801,27981077
-6.49786,-4.05099,-6.71573,0.421264,0.891812,0.0495321,21.3644,55.0324,-26.9801,28038461
-1.35991,-1.15401,-3.43328,-1.4906,-0.422914,0.15705,21.3644,55.0324,-26.9801,28100430
4.38378,-0.462081,3.04064,-0.0627648,0.460143,-0.581451,20.6402,51.7523,-28.732,28161635
1.43413,-4.11324,-4.24252,-1.75747,-1.30424,-0.585048,20.6402,51.7523,-28.732,28219162
-19.6133,-11.5305,-13.5105,-3.56355,0.529689,-0.416111,21.3644,52.4812,-28.3816,28290825
-16.4649,-9.04768,-17.4226,-4.24649,-1.44306,-1.47183,21.3644,52.4812,-28.3816,28348116
-10.4387,-2.82276,1.02951,-1.13701,0.605764,-1.13396,21.3644,52.4812,-28.3816,28405390
-3.28484,-0.814028,-2.6001,-4.24649,0.260829,-1.04443,21.3644,52.4812,-28.3816,28472584
2.44927,4.02465,7.91523,0.172122,0.681972,-0.411181,24.9855,55.7613,-23.8266,28530577
-1.17795,2.42533,4.34069,3.2018,0.723674,0.377814,24.9855,55.7613,-23.8266,28588247
-19.6133,-13.0915,0.462081,-3.77139,1.78379,0.107088,23.8992,53.939,-24.8777,28660642
-14.1689,-5.71256,-12.5863,1.8984,-1.33914,0.274027,23.8992,53.939,-24.8777,28717746
-8.85854,-4.23534,-7.42681,-0.628864,1.14722,-0.344965,23.8992,53.939,-24.8777,28774809
-1.40779,-1.59454,-4.50589,-0.542264,-0.400531,-0.531222,23.8992,53.939,-24.8777,28841986
4.23534,0.138864,2.50912,-1.48474,0.492784,-1.75588,21.5455,56.6724,-25.7537,28899696
2.79403,-4.36223,2.21224,1.28607,0.0103542,-1.34313,21.5455,56.6724,-25.7537,28957304
-19.6133,-5.14514,-7.45315,-3.7538,-1.75523,-1.82716,26.615,53.3924,-29.2576,29032532
-16.1202,-11.9423,-19.6133,-3.22674,-2.02635,-1.41601,25.8908,56.308,-23.6514,29090396
-10.4579,-2.74375,-0.347159,-1.7107,0.982542,-1.43826,25.8908,56.308,-23.6514,29147628
-5.72932,-2.52349,-3.09331,-2.60175,-0.295811,-0.977414,25.8908,56.308,-23.6514,29210137
-0.306458,1.76692,1.1157,-2.1421,0.92432,-0.892945,27.8824,55.7613,-23.1258,29271363
1.38624,2.08535,4.27365,1.24037,0.866364,0.0952305,27.8824,55.7613,-23.1258,29340694
-10.2999,0.725443,-4.26168,4.48482,-3.76568,0.692506,35.8488,48.8367,-29.0824,29403287
-14.9398,-0.794875,4.11563,-1.47755,2.60476,0.783103,39.651,53.0279,-19.7971,29461698
-19.6133,-4.51307,-0.742202,0.176652,2.12154,0.949908,39.651,53.0279,-19.7971,29520975
-7.8434,-0.0383072,-7.762,3.51396,0.885949,0.740869,40.5562,47.3789,-17.1691,29583372
-1.75255,-1.15879,-0.629675,0.277241,1.80644,0.576994,40.5562,47.3789,-17.1691,29644768
5.89931,-3.39498,-0.363919,1.40011,1.98524,-0.00975572,40.5562,47.3789,-17.1691,29714755
1.35033,-2.45166,-2.03747,-1.671,-2.23326,-0.282347,42.7289,43.3699,-22.7754,29777673
-19.6133,-2.43251,-5.57849,-1.53217,0.0848304,0.163578,42.3668,49.2012,-17.8699,29835338
-13.0316,-4.98952,-19.6133,-1.72709,-1.40829,-0.216664,42.3668,49.2012,-17.8699,29892597
-11.327,-0.191536,-5.861,0.01784,0.329976,0.257772,41.0994,50.1123,-24.0018,29954125
-4.86741,-0.3304,-1.00796,-1.81888,-0.575064,0.266033,41.0994,50.1123,-24.0018,30016528
0.131681,1.53708,2.53306,-0.133511,0.309858,0.653602,38.5646,52.299,-28.2064,30084879
0.802057,1.09894,8.28394,4.48482,1.80085,1.36692,38.5646,52.299,-28.2064,30144127
-19.6133,-7.69736,-19.6133,3.84078,-0.474341,0.865973,42.7289,55.7613,-11.9133,30202275
-17.7578,-5.65989,-19.6133,4.48482,0.511303,1.31523,42.7289,55.7613,-11.9133,30264568
-10.1586,-2.86346,-3.18429,0.766999,1.98311,0.977487,34.7625,59.0414,-17.5195,30323848
-1.30245,-2.38223,-3.42371,1.30552,0.676377,0.714622,34.7625,59.0414,-17.5195,30382470
6.22971,0.802057,3.54821,0.0828569,1.66842,-0.485125,34.7625,58.3125,-22.425,30456091
-0.280121,-1.17795,-10.4627,-1.27597,-1.74057,0.0587251,34.7625,58.3125,-22.425,30514655
-19.6133,-8.99741,-18.84,1.35668,-1.94281,-1.57282,38.5646,58.4947,-14.5412,30571804
-14.5639,-8.78432,-19.6133,-1.7989,-1.13077,-0.63834,38.5646,58.4947,-14.5412,30634431
-11.2934,-1.17555,-3.53145,-1.43744,0.957495,-0.362152,37.1162,56.308,-23.6514,30692977
-2.54264,-1.05345,-1.95846,-2.98133,0.373009,0.203414,37.1162,56.308,-23.6514,30751057
3.3016,3.71101,6.12915,0.500803,0.3858,0.489328,32.0467,54.4857,-33.1119,30824980
-0.459687,3.00233,0.80924,3.53008,0.458677,1.23676,32.0467,54.4857,-33.1119,30882308
-19.6133,-2.90417,2.63123,-1.44131,1.73583,0.812014,36.392,58.8592,-20.8482,30945241
-15.2247,-3.44047,-11.5065,2.25279,0.553005,1.07714,36.392,58.8592,-20.8482,31005934
-7.93678,-2.77727,-8.14507,2.08599,1.24781,0.926593,30.2361,58.1303,-25.7537,31063639
-0.294487,-2.57377,-1.83875,0.762336,0.796818,0.65227,30.2361,58.1303,-25.7537,31120832
6.35421,0.0550666,2.94487,0.121361,1.72397,-0.397858,31.5035,56.1258,-30.484,31193833
0.656011,-3.30879,-12.4642,-2.28479,-2.38194,0.0591248,31.5035,56.1258,-30.484,31251145
-19.6133,-10.6063,-10.3741,-4.24649,-0.187228,-0.808743,32.4088,60.317,-21.549,31311557
-12.8329,-8.02776,-19.6133,-2.456,-1.68088,-0.347896,32.4088,60.317,-21.549,31369652
-8.68616,-1.31681,-0.675165,-0.995116,0.745124,-0.25237,32.4088,60.317,-21.549,31428244
-1.62806,-1.19471,-1.7334,-3.48294,0.52023,-0.168967,30.2361,57.7658,-28.5568,31485635
3.67749,3.51469,7.07247,0.677734,0.340901,0.227396,25.7098,56.4902,-33.9879,31559577
-2.37744,1.06781,0.799663,2.64889,0.710084,1.28245,25.7098,56.4902,-33.9879,31620211
-19.6133,-11.8561,-8.70053,-3.14547,-1.26747,0.697036,25.7098,56.4902,-33.9879,31680313
-13.9558,-1.27611,-19.6133,4.18131,-0.255575,1.29991,25.7098,56.4902,-33.9879,31742433
-7.49864,-3.28006,-0.107739,0.142944,1.63471,0.275492,25.7098,56.4902,-33.9879,31799803
0.586579,-0.895431,-3.93607,0.0879197,1.40848,-0.0232121,25.7098,56.4902,-33.9879,31858010
5.42765,-0.459687,1.90578,0.898631,0.733666,-0.792889,30.4172,55.3969,-35.7398,31930125
1.0726,-3.52426,-7.46751,-2.60055,-2.48493,-0.415978,30.4172,55.3969,-35.7398,31990850
-19.6133,-11.0828,-19.6133,-0.279532,-1.68341,-1.08373,33.4951,58.1303,-25.0529,32052985
-13.3213,-10.1514,-19.2326,-3.20063,-0.8318,-1.34713,33.4951,58.1303,-25.0529,32112459
-10.3884,-3.18429,0.770933,-1.80037,0.977479,-0.915595,33.4951,58.1303,-25.0529,32171414
-1.30245,-1.08218,-2.58813,-4.1896,0.225523,-0.779832,33.4951,58.1303,-25.0529,32233171
4.9129,3.89058,8.19774,1.15617,0.891678,-0.359887,23.356,53.3924,-39.7693,32302391
-3.70622,1.16119,-1.81959,1.83724,-1.09147,0.781238,23.356,53.3924,-39.7693,32364182
-19.6133,-12.4762,6.67264,-4.24649,0.368213,0.18676,27.3392,56.6724,-30.6592,32422498
-13.872,-3.21062,-13.4339,1.03413,-1.47277,-0.291273,27.3392,56.6724,-30.6592,32484542
-10.1179,-1.74537,-7.92241,-0.2778,1.17146,-0.371745,26.2529,54.4857,-29.608,32542033
-1.68552,-1.58496,-4.03423,-2.01167,-0.489796,-0.727739,26.2529,54.4857,-29.608,32603591
3.42371,-0.023942,1.21386,-1.66847,0.940574,-1.66635,26.7961,53.2101,-32.9367,32675693
-3.21541,-7.23049,-8.96149,0.806968,-2.67092,-1.03963,26.7961,53.2101,-32.9367,32735755
-19.6133,-12.3277,9.87368,-4.24649,1.05342,-1.57189,30.2361,52.299,-28.9072,32794093
-14.2742,-8.24084,-14.1904,-3.02569,-3.19652,-2.11108,30.2361,52.299,-28.9072,32851512
-9.51455,-4.04859,-0.083797,-2.69768,0.321982,-2.10948,30.2361,52.299,-28.9072,32910589
0.105345,-0.047884,-1.10133,-3.31587,-0.34977,-2.18995,30.2361,52.299,-28.9072,32981315
5.08528,-0.835576,3.76608,-0.0932748,-0.258373,-1.29517,36.2109,42.641,-34.6887,33044272
-1.24977,-5.37498,-1.29047,-0.165353,-2.18956,-0.672847,36.2109,42.641,-34.6887,33103677
-19.6133,-12.0596,-11.5736,-4.0152,-3.5713,-1.44386,36.9352,45.1922,-26.6297,33161355
-15.5575,-14.3293,-12.0524,0.232742,-0.493127,0.228861,36.9352,45.1922,-26.6297,33219567
-19.0291,-10.5943,-4.05099,-2.95175,-0.0394743,-0.554405,36.9352,45.1922,-26.6297,33280841
-9.22246,-5.49948,-7.27358,-4.24649,-0.280756,-0.135659,36.9352,45.1922,-26.6297,33352661
-3.07894,-1.2809,-0.6608,-2.5811,0.303196,-0.50391,21.0023,48.8367,-38.8933,33415287
2.41575,0.952892,-0.222661,-3.18424,-0.0466688,-0.859105,21.0023,48.8367,-38.8933,33473366
2.79164,2.21224,5.78439,0.320008,-0.482868,-0.806345,15.7518,51.2056,-40.1197,33530748
-6.25844,-0.646434,-4.12281,2.4605,-1.75389,0.0901677,15.7518,51.2056,-40.1197,33593280
-18.8591,-4.59926,5.86579,-3.7586,1.96579,0.172105,19.3728,55.5791,-33.8127,33651042
-18.2917,-2.38223,-7.21373,0.482684,-0.0714498,-0.0102887,19.3728,55.5791,-33.8127,33724054
-8.25281,-0.19393,-8.77714,0.190508,0.0547201,-0.222393,18.4676,56.4902,-34.6887,33784824
-1.55384,-0.651223,-0.921767,-0.667235,-0.315396,-0.81687,18.4676,56.4902,-34.6887,33842849
4.02465,1.03908,3.11007,-1.20935,1.1187,-1.63171,22.0887,57.2191,-35.039,33902989
1.68791,-5.30076,0.730231,1.38226,-0.155252,-1.09399,22.0887,57.2191,-35.039,33964135
-19.6133,-5.50187,-2.20745,-4.15762,-1.20152,-2.47507,28.7877,59.2236,-28.2064,34021884
-15.5072,-8.81305,-19.6133,-4.24649,-1.86248,-0.861369,28.7877,59.2236,-28.2064,34093125
-10.1754,-1.95367,-3.304,-1.49194,0.51117,-0.677644,26.7961,55.3969,-35.039,34152529
-3.10767,-0.462081,-1.30245,-3.04101,-0.477005,-0.488855,26.7961,55.3969,-35.039,34211370
1.95846,2.32238,3.97198,0.169724,-1.15369,0.082307,21.0023,57.2191,-33.2871,34268763
3.45483,1.28329,9.91439,2.17525,1.64763,1.03384,21.0023,57.2191,-33.2871,34327832
-19.6133,-11.9183,-19.6133,4.48482,-2.0879,0.951774,21.0023,57.2191,-33.2871,34389045
-17.0108,-7.11796,-9.06684,4.00092,-0.815146,1.21464,25.3477,59.4058,-30.484,34460972
-10.6733,-3.84748,-2.39181,0.517057,2.42823,0.942181,22.2697,57.0369,-36.9662,34523213
1.99676,-0.936133,-2.47082,0.481884,0.673712,0.42218,22.2697,57.0369,-36.9662,34581362
5.31991,1.13485,3.25372,1.25249,0.954297,-0.851511,22.9939,51.9346,-42.2221,34639327
0.634463,-3.69665,-5.12838,-0.885068,-0.682847,0.352233,22.9939,51.9346,-42.2221,34702288
-17.583,-18.567,-16.781,4.48482,-3.82524,-1.95693,22.9939,51.9346,-42.2221,34763249
-19.1656,-13.9031,-3.73974,-2.52861,-0.404528,-0.308194,22.9939,51.9346,-42.2221,34833923
-10.3166,-2.19069,-0.220267,-2.35048,0.647998,-0.345765,21.5455,54.4857,-38.7182,34893152
-2.46842,-0.0335188,-1.73819,-3.13334,0.516766,-0.370546,21.5455,54.4857,-38.7182,34951792
3.95761,3.2633,6.13394,0.852533,-0.384543,0.414586,14.1223,53.2101,-43.098,35009373
0.895431,1.29766,5.55694,3.60829,1.08646,1.20398,14.1223,53.2101,-43.098,35067713
-19.6133,-15.5216,-19.6133,4.48482,-1.29584,0.753259,24.8045,54.4857,-39.0685,35132915
-18.6604,-0.3304,-19.6133,4.00891,0.609362,1.69587,24.8045,54.4857,-39.0685,35201553
-7.42442,-3.81157,-3.43807,0.304154,1.73303,0.787633,20.6402,50.2945,-44.4996,35263349
0.591368,-1.50595,-3.10049,0.593532,0.969086,0.518239,20.6402,50.2945,-44.4996,35321278
7.07726,0.600945,2.82995,0.321474,1.17453,-0.244909,20.8213,42.4588,-50.281,35378965
0.821211,-3.37343,-8.93516,-0.790074,-1.871,-0.171765,20.8213,42.4588,-50.281,35440870
-15.2151,-14.0947,-10.58,4.48482,-3.20838,-1.87806,20.8213,42.4588,-50.281,35498963
-15.9071,-10.398,-18.7203,-3.80123,-0.7889,-1.12663,27.7014,48.6545,-43.2732,35569171
-10.8026,-2.95923,-1.55384,-2.27174,0.832657,-0.678843,16.8381,45.3744,-47.8283,35628493
-1.20428,-0.785298,-1.5706,-4.15176,0.132261,-0.474599,16.8381,45.3744,-47.8283,35686186
3.77087,3.56736,5.83706,0.151204,-0.103559,-0.23505,16.8381,45.3744,-47.8283,35744317
-0.179565,1.40061,4.97994,3.08496,0.664386,0.349169,4.16426,46.8322,-48.1787,35806043
-19.6133,-13.0053,-19.6133,4.1608,-3.01799,-0.559601,4.16426,46.8322,-48.1787,35876005
-17.0826,-2.37744,-19.6133,3.4584,-0.716688,1.03371,18.2865,50.8412,-45.726,35938228
-8.82502,-3.41413,-8.57363,1.12259,0.85917,0.334913,16.1139,46.8322,-48.1787,35995560
-2.6001,-2.16436,-1.47004,-0.308976,0.435095,0.197818,16.1139,46.8322,-48.1787,36053377
5.42765,1.38624,3.05021,-0.935296,1.33987,-0.824864,16.1139,46.8322,-48.1787,36111582
2.38702,-2.78206,-4.83389,0.656017,-0.932523,-0.646467,15.9328,41.9121,-50.1059,36175676
-6.22253,-8.30788,-5.81791,0.758872,-3.60048,-0.833924,15.9328,41.9121,-50.1059,36245438
-18.6413,-14.0085,-6.76841,-2.55512,-0.0527974,-1.17127,19.735,46.4678,-43.974,36307553
-13.6996,-3.4285,-0.828393,-2.73458,0.45961,-1.2532,12.1307,46.1033,-42.9228,36365401
-4.63996,-1.34075,-4.39815,-4.24649,0.326911,-0.897075,12.1307,46.1033,-42.9228,36422555
1.2785,2.81319,1.35751,-3.32773,-0.58479,-0.866566,12.1307,46.1033,-42.9228,36481121
2.3128,1.40779,11.3533,4.03729,0.982142,0.256174,0.724219,44.8277,-41.3461,36545556
-12.5887,-11.6933,-15.9669,4.48482,-4.22786,2.0524,15.9328,44.0988,-44.4996,36614402
-18.3132,-1.15879,-7.33344,4.48482,1.68134,1.02332,15.9328,44.0988,-44.4996,36676201
-13.2112,-4.83868,-2.28407,1.30965,1.53572,0.168108,18.6486,41.3654,-45.3756,36734537
-3.86903,-4.84586,-8.02776,-0.541464,-0.199352,-0.0746393,18.6486,41.3654,-45.3756,36792130
1.76453,0.632069,0.699107,-0.683755,1.10565,-0.741994,18.6486,41.3654,-45.3756,36853425
4.59926,-1.31681,1.3192,0.988163,0.22499,-0.823399,22.0887,41.1832,-44.85,36912126
0.11971,-4.90093,-6.33984,-1.49593,-3.15402,-0.667252,24.2613,43.0055,-40.6453,36980989
-19.6133,-2.94247,2.17393,-4.24649,0.0424629,-0.838321,24.2613,43.0055,-40.6453,37039304
-11.8082,-7.82664,-12.0811,-4.24649,-1.3085,-1.2119,24.2613,43.0055,-40.6453,37100566
-8.60236,-2.87783,-2.77009,-1.3699,0.584447,-0.794621,20.6402,46.65,-40.9957,37158230
-0.873883,-1.06063,-0.943315,-3.04488,-0.434371,-0.405452,20.6402,46.65,-40.9957,37222982
3.61285,4.29041,6.73968,0.532112,0.410714,-0.216131,10.3201,44.6455,-44.6748,37282289
-2.26013,3.14837,3.3016,3.90113,0.475864,1.11445,9.41484,51.0234,-46.6019,37352719
-19.6133,-12.9646,2.87065,-2.52887,1.66029,1.31483,9.41484,51.0234,-46.6019,37414496
-15.6796,-2.28167,-14.4562,3.75178,-0.437569,1.0866,9.41484,51.0234,-46.6019,37473098
-8.23605,-2.17154,-6.20337,1.76583,2.10595,0.826403,13.5791,52.6635,-36.2654,37537099
-0.169988,-1.20907,-2.36786,-0.289258,0.425369,-0.0650467,15.3896,47.1967,-38.0174,37597298
4.94642,-1.09176,1.93212,0.125224,1.30043,-1.07907,15.3896,47.1967,-38.0174,37656083
4.72136,-2.58574,-0.658405,-1.59146,-2.01303,-0.429567,18.4676,40.4543,-39.9445,37727868
-19.6133,-19.6133,-19.6133,0.79218,-2.73394,-1.05136,18.4676,40.4543,-39.9445,37786250
-14.1761,-13.5272,-19.6133,-2.4079,-1.07148,-0.673913,16.8381,47.1967,-31.0096,37843516
-11.8465,-3.10767,-0.0526724,-2.84516,0.550074,-0.752386,16.8381,47.1967,-31.0096,37906683
-3.84748,-1.96564,-2.10929,-3.33439,0.0123526,-0.645668,16.8381,47.1967,-31.0096,37965153
1.47962,4.18985,3.07176,-2.99452,0.287208,-0.30433,13.217,44.281,-30.3088,38022981
2.16436,0.543483,7.46512,4.43485,0.634409,1.22543,12.3117,45.1922,-29.7832,38093570
-19.6133,-19.6133,-19.6133,4.48482,-3.59448,0.297076,12.3117,45.1922,-29.7832,38151134
-19.6133,-6.1938,-1.30484,2.76293,2.59597,1.38464,12.3117,45.1922,-29.7832,38213254
-11.7388,-5.64552,-1.34315,0.277641,1.00226,0.610569,14.4844,46.65,-26.9801,38270862
-3.76608,-2.96881,-8.39646,-0.0414478,0.637873,0.566336,14.4844,46.65,-26.9801,38329195
3.08613,0.191536,0.213084,-0.238763,0.370078,-0.373477,10.5012,47.3789,-29.7832,38386711
5.74369,-1.6496,2.92332,1.62381,0.481193,-1.16287,10.5012,47.3789,-29.7832,38456291
-2.86346,-6.30393,-10.1442,-3.34212,-4.36096,-1.06308,13.7602,47.3789,-30.1336,38513893
-19.6133,-10.8385,11.6382,-4.24649,2.00016,-0.980078,13.7602,47.3789,-30.1336,38575225
-13.7331,-6.0693,-9.25119,-4.08501,-1.59775,-1.40389,14.3033,50.8412,-23.301,38633743
-6.24168,-2.57137,-3.63679,-2.55938,0.736864,-1.00966,14.3033,50.8412,-23.301,38691152
0.21069,0.529118,-0.945709,-3.97816,-0.428776,-0.681774,15.9328,52.4812,-24.5273,38752846
2.15478,4.05099,9.92157,3.00275,0.140388,0.444163,15.9328,52.4812,-24.5273,38822258
-7.41484,-1.90578,-4.63038,4.48482,-0.847388,1.66389,13.5791,53.3924,-23.6514,38885217
-15.8927,0.0694318,8.47308,1.02294,3.18818,0.93885,13.5791,53.3924,-23.6514,38946298
-11.8082,-6.57208,-3.79481,-1.53284,0.356489,0.315328,13.9412,54.8502,-25.4033,39004356
-3.06937,-0.00957681,-4.59687,0.383293,1.05289,-0.186287,13.9412,54.8502,-25.4033,39064358
5.59285,0.869095,1.74298,0.171056,0.634676,-1.17633,11.7686,54.1213,-31.7103,39134229
2.54743,-3.68468,-1.31442,-0.506424,-0.569335,-0.967688,11.7686,54.1213,-31.7103,39192417
-4.73812,-9.59117,-6.74207,4.48482,-3.10699,-1.12423,20.8213,54.1213,-32.4111,39253942
-15.9717,-14.4945,-2.62165,-2.76842,0.165169,-0.725607,20.8213,54.1213,-32.4111,39312506
-12.4666,-4.63996,-1.97522,-2.99492,0.264159,-0.652197,24.8045,55.9435,-27.856,39370386
-4.22577,-1.54665,-1.61369,-3.12455,0.415777,-0.480461,24.8045,55.9435,-27.856,39432568
2.23618,2.90656,3.40695,-0.99112,0.173562,0.377547,21.3644,56.8547,-32.2359,39501476
0.588974,1.99198,4.22337,2.65555,1.0766,0.958435,21.3644,56.8547,-32.2359,39565105
-19.6133,-6.10521,-19.6133,3.3257,-2.19462,-0.884418,21.5455,57.7658,-35.915,39626537
-19.6133,0.399832,-19.6133,4.40328,-0.18483,1.50801,21.5455,57.7658,-35.915,39684778
-11.315,-4.89135,-6.0286,0.859861,1.70958,0.784569,22.6318,58.1303,-30.6592,39745224
-2.57616,-1.8172,-4.38618,0.620578,0.892344,0.476671,22.6318,58.1303,-30.6592,39803860
4.71418,0.0885854,2.13084,0.557559,1.09659,-0.27422,21.5455,57.0369,-37.3166,39874700
2.99515,-4.84107,1.61609,2.55363,0.336371,0.0480666,25.5287,54.4857,-39.4189,39939932
-10.0652,-8.33182,-1.93451,4.48482,-2.56221,-2.09323,25.5287,54.4857,-39.4189,39998459
-17.8344,-10.5034,-0.632069,-0.469253,0.749254,0.337178,25.5287,54.4857,-39.4189,40059603
-16.994,-4.18746,-3.18189,-1.7616,0.877023,0.061523,26.434,55.7613,-36.4406,40118006
-6.03339,-2.12605,-6.95276,-1.82048,0.191282,-0.187753,26.434,55.7613,-36.4406,40176195
-1.20668,-0.751779,-0.263362,-1.27064,0.386333,-0.0126868,22.0887,56.1258,-39.9445,40249929
2.70305,3.35428,4.21619,1.77209,1.12923,0.461749,19.0107,53.0279,-46.0764,40310510
-4.38618,1.5275,-3.28006,4.23461,-0.536959,1.66136,19.0107,53.0279,-46.0764,40370522
-19.6133,-8.36294,7.7213,-3.99348,1.63351,1.91117,19.0107,53.0279,-46.0764,40431474
-14.6932,-3.95761,-15.5647,3.98227,-0.468212,1.80352,23.5371,57.5836,-40.2949,40489101
-9.13148,-2.70066,-3.95283,2.44744,2.5572,1.57729,23.5371,57.5836,-40.2949,40546346
-2.41575,-2.37984,-3.48117,1.47752,0.599369,1.31563,26.0719,56.8547,-43.7988,40620586
5.31991,-1.12288,3.38061,0.502801,2.15897,0.651604,26.0719,56.8547,-43.7988,40678462
2.29843,-1.88902,-1.74058,0.500537,-0.0404069,0.846654,26.0719,56.8547,-43.7988,40737342
-19.6133,-9.80904,-19.6133,2.2925,-1.77055,0.23499,26.0719,56.8547,-43.7988,40795308
-12.4642,-4.96318,-19.6133,2.70005,-0.952507,1.3103,29.1498,55.9435,-42.2221,40853101
-14.7794,-3.84269,-2.07338,-0.00267756,1.86054,1.4831,29.1498,55.9435,-42.2221,40914385
-4.37899,-1.23541,-2.97839,0.0408891,0.528623,1.4767,23.5371,55.0324,-45.2004,40986614
-0.222661,1.04387,0.68953,1.01321,0.108679,1.1784,23.5371,55.0324,-45.2004,41048037
-0.342371,1.90578,4.75249,2.95519,1.76661,0.894218,15.3896,54.1213,-47.4779,41105863
-6.78277,-0.634463,-10.3382,4.41114,-0.505517,1.2718,15.3896,54.1213,-47.4779,41163647
-19.6133,-4.60405,3.23217,-0.477114,2.44316,1.65723,27.1582,52.1168,-48.0035,41221832
-14.7459,-1.7334,-9.15782,4.20769,0.00275998,1.49429,27.1582,52.1168,-48.0035,41280613
-10.8553,-2.44927,-7.29274,1.52189,0.960825,1.27739,31.1414,52.8457,-43.7988,41352389
-6.25605,-0.6608,-2.91374,1.53454,0.979212,1.35506,31.1414,52.8457,-43.7988,41410764
-3.055,-0.687136,-2.89698,1.97447,0.900205,1.1307,32.4088,51.5701,-47.1275,41468987
-2.86107,-0.797269,-3.08373,1.84337,0.675977,0.789898,32.4088,51.5701,-47.1275,41527024
-4.09648,-0.775721,-3.06218,1.81007,0.670515,0.550081,35.6678,49.3834,-45.0252,41589300
-2.82995,-1.9417,-2.87543,1.88148,0.500911,0.571132,35.6678,49.3834,-45.0252,41650272
-9.23683,-8.43956,-16.9414,1.78968,-2.23379,-0.412247,42.1857,48.29,-42.2221,41721610
-14.7866,-6.98628,-13.2639,0.865723,0.163836,0.60857,42.1857,48.29,-42.2221,41783162
-14.6549,-5.60004,-8.04212,-0.162955,0.696361,0.347171,44.7205,51.2056,-33.8127,41840559
-8.28154,-1.76213,-8.56166,-1.32167,0.164769,0.966429,44.7205,51.2056,-33.8127,41898020
-2.49236,-1.4461,-0.981623,-0.754501,-0.260905,1.20145,39.2888,51.5701,-38.0174,41956518
3.03824,1.35751,5.55933,1.57811,0.819201,0.803354,39.2888,51.5701,-38.0174,42018084
1.29287,2.36068,4.51786,1.69855,1.76807,1.6158,34.2193,54.4857,-37.667,42086685
-19.6133,0.864306,-19.6133,2.23361,-0.66153,0.360361,34.2193,54.4857,-37.667,42144914
-18.8711,-1.26414,-19.6133,4.07886,-0.665261,1.33348,38.3836,57.5836,-29.0824,42206325
-11.8728,-3.18189,-8.64546,0.345056,1.51587,0.986547,38.3836,57.5836,-29.0824,42264095
-3.5913,-1.41737,-3.64158,1.25929,0.439092,0.450691,36.2109,57.948,-29.0824,42328625
4.46758,0.071826,2.58574,-0.160556,1.41248,-0.318985,36.2109,57.948,-29.0824,42387491
5.64313,-2.63362,1.88184,3.2375,0.808809,0.105889,35.1246,56.4902,-33.2871,42459582
-19.6133,-19.6133,-19.6133,-3.21835,-3.24209,-1.77427,35.1246,56.4902,-33.2871,42520781
-15.3133,-9.87608,-19.6133,0.695187,-1.14383,-0.561599,39.1078,56.8547,-26.2793,42578554
-12.4618,-4.71658,0.0263362,-3.69904,0.124933,-0.806345,39.1078,56.8547,-26.2793,42638774
-5.72214,-1.24498,-3.56497,-2.91151,0.46294,-0.657792,34.4004,56.1258,-33.2871,42701088
-0.993593,1.18513,2.31759,-3.24992,-0.607705,-0.355091,34.4004,56.1258,-33.2871,42758900
2.4349,2.83952,10.1562,2.54683,1.69733,1.13363,26.7961,52.8457,-41.3461,42831124
-14.1114,-7.97508,-19.6133,4.48482,-4.36096,1.98578,26.7961,52.8457,-41.3461,42888552
-16.8264,-4.8291,4.02705,-2.69221,2.63967,0.618962,33.133,53.7568,-33.4623,42945806
-13.2567,-2.82037,-6.9767,1.19201,0.854774,0.742334,33.133,53.7568,-33.4623,43012553
-5.04458,-2.59053,-4.36702,0.992026,0.660122,0.506648,30.5982,51.5701,-38.7182,43070402
2.79882,0.471658,1.29766,0.457769,0.627481,-0.387999,30.5982,51.5701,-38.7182,43128256
6.84741,-1.72861,2.73178,2.23707,0.955629,-0.316587,31.3225,49.3834,-38.3678,43197783
-1.60172,-10.1275,-8.30548,-1.38202,-4.36096,-0.167102,31.3225,49.3834,-38.3678,43255714
-19.6133,-6.83544,-2.82037,-2.77815,1.22875,-0.802881,35.8488,51.3879,-32.2359,43313561
-13.125,-6.92642,-6.57926,-4.24649,-1.09573,-1.05322,35.8488,51.3879,-32.2359,43375041
-7.19936,-1.87945,-4.37181,-2.11373,0.546343,-0.897475,30.7793,48.1078,-39.9445,43436289
-0.395043,1.67115,0.457292,-3.90955,-0.0402737,-0.605299,30.7793,48.1078,-39.9445,43505533
2.60968,2.86346,8.8346,4.48482,1.14349,0.514909,20.8213,43.9166,-43.2732,43567637
-15.2822,-9.39006,-13.9558,4.48482,-4.36096,1.05863,20.8213,43.9166,-43.2732,43629146
-18.093,-1.35033,1.81241,2.00751,3.19631,1.23609,34.2193,45.7389,-33.1119,43687757
-12.1338,-6.18183,-5.52103,-1.37616,0.0170157,0.48653,34.2193,45.7389,-33.1119,43750943
-2.46363,-1.33596,-2.79403,0.806568,1.52093,0.15665,30.0551,43.0055,-38.1926,43811836
6.68461,1.20907,1.96085,-0.419691,0.774835,-1.10878,30.0551,43.0055,-38.1926,43880465
1.26653,-2.63362,-7.13711,-1.69245,-1.72845,-0.46967,32.0467,37.3564,-40.1197,43938963
-12.6773,-14.1593,-10.635,4.48482,-3.55798,-2.13573,32.0467,37.3564,-40.1197,43997133
-15.6485,-12.1506,-2.94726,-3.31507,0.0873618,-0.689235,32.9519,40.4543,-34.3383,44058863
-12.7587,-4.3359,0.0933738,-3.11283,0.306394,-0.614492,32.9519,40.4543,-34.3383,44116446
-3.80439,-0.586579,-2.25534,-3.14613,0.2551,-0.287809,23.7182,39.5432,-40.8205,44178358
2.17633,3.48835,5.81551,-0.628065,0.175028,0.217004,23.7182,39.5432,-40.8205,44247758
0.100556,2.29364,2.29604,2.96531,1.19811,0.93472,15.7518,38.4498,-41.5213,44308218
-19.6133,-0.0430956,-9.34217,-0.333091,0.123068,-0.0301401,15.7518,38.4498,-41.5213,44369279
-15.2343,-3.90015,-16.3979,2.11703,-0.224932,1.08727,23.356,41.001,-36.9662,44430149
-8.24323,-2.72939,-7.24725,1.1166,0.877556,0.600976,23.356,41.001,-36.9662,44487857
-1.00317,-1.90339,-0.938527,0.47842,0.506507,0.524101,25.5287,41.001,-36.9662,44546623
8.79869,1.12049,2.49236,-0.894927,1.49109,-0.9954,25.5287,41.001,-36.9662,44616632
-1.03429,-3.5099,-11.8178,-1.32353,-2.834,-0.409982,26.615,37.7209,-41.5213,44674761
-19.6133,-14.9231,-15.5886,-0.984058,-0.792097,-1.79279,26.615,37.7209,-41.5213,44736052
-14.1689,-10.1562,-19.6133,-3.08725,-1.78387,-0.768907,30.7793,45.1922,-37.8422,44798280
-9.73961,-2.89938,-1.23541,-2.50942,0.521829,-0.638074,30.7793,45.1922,-37.8422,44855978
-2.76051,-0.035913,-0.926556,-3.87531,-0.0341451,-0.602635,24.4424,44.6455,-46.4267,44917651
3.87382,4.48434,7.63271,1.14071,0.448152,-0.028941,24.4424,44.6455,-46.4267,44987132
-0.023942,2.09014,-0.0861912,1.44661,0.955629,0.457886,19.3728,42.4588,-50.6314,45048018
-19.6133,-13.7738,-13.0149,-2.3217,-0.724949,0.499987,19.3728,42.4588,-50.6314,45112257
-14.3365,-1.64721,-19.144,3.99812,-1.21804,0.96523,32.4088,47.5611,-45.726,45170406
-8.54012,-4.36702,-1.62566,0.579409,1.59461,0.175702,32.4088,47.5611,-45.726,45227783
-0.706289,-1.55384,-5.35104,-0.013869,0.251503,0.313863,33.133,47.1967,-46.7771,45286381
4.99909,0.306458,2.80122,-0.238364,0.610827,-1.10438,33.133,47.1967,-46.7771,45356201
2.65277,-2.7653,-5.59525,-2.57897,-1.44013,-0.740129,35.6678,45.3744,-48.8795,45416677
-17.8583,-19.6133,-14.0276,4.48482,-3.4827,-2.46814,35.6678,45.3744,-48.8795,45475802
-17.267,-14.5113,-6.66067,-3.38022,0.300798,-0.837654,34.9435,49.7478,-40.4701,45534267
-13.2184,-4.37899,0.782904,-3.38715,-0.282222,-0.814073,34.9435,49.7478,-40.4701,45591745
-3.4261,-1.16358,-2.50673,-3.62057,0.81507,-0.632878,21.3644,48.8367,-44.85,45649845
3.31597,3.96959,3.65594,0.565287,-0.637949,0.0937649,21.3644,48.8367,-44.85,45721934
-0.739808,1.05105,4.22337,3.17156,0.477729,0.777108,9.41484,45.5566,-44.1492,45783196
-19.6133,2.79882,-19.6133,-1.08958,-1.79759,-0.519232,9.41484,45.5566,-44.1492,45842278
-16.5152,1.14682,-19.6133,4.04675,-0.76212,0.749662,13.7602,45.1922,-40.9957,45900346
-10.1299,-3.6751,-1.59933,0.00744802,1.27458,0.0629885,13.7602,45.1922,-40.9957,45959254
-0.612916,-2.12844,-4.27604,-0.244492,0.209002,-0.215731,13.398,40.4543,-42.0469,46017179
6.8929,1.2378,2.69826,-0.662971,0.776034,-1.66315,13.398,40.4543,-42.0469,46085804
-0.936133,-2.16436,-6.90966,-1.43425,-1.9171,-0.581318,13.217,41.7299,-40.8205,46150327
-19.6133,-19.6133,-6.71334,4.48482,-1.86994,-2.28135,13.217,41.7299,-40.8205,46208231
-17.5303,-12.3325,-6.79474,-3.20969,-0.130738,-1.00153,13.7602,48.4723,-32.5863,46265685
-13.4027,-3.41413,0.177171,-3.06486,0.0512561,-0.615292,13.7602,48.4723,-32.5863,46327430
-3.69904,-1.22823,-2.39181,-3.18824,0.408849,-0.347763,10.6822,46.4678,-34.1631,46385380
2.69108,4.06775,7.3885,0.233541,0.495982,-0.0397327,10.6822,46.4678,-34.1631,46459667
-1.06781,2.20745,2.55701,2.10424,0.843848,0.879029,8.87168,47.9256,-36.9662,46520471
-19.6133,5.55455,-19.6133,0.738754,-2.11735,-0.138457,8.87168,47.9256,-36.9662,46578210
-14.3532,1.92254,-19.6133,4.21222,-0.0694513,1.33068,12.3117,48.4723,-37.1414,46638144
-11.0444,-2.82995,1.92494,-0.0555703,1.78966,0.303737,12.3117,48.4723,-37.1414,46696739
0.0047884,-1.33596,-4.31435,0.332932,1.01358,0.315995,13.7602,44.4633,-40.6453,46766236
5.77481,0.0023942,3.45962,0.627772,0.613492,-0.981411,13.7602,44.4633,-40.6453,46831645
-1.62327,-1.78129,-12.8185,-2.43375,-2.51771,-0.302198,18.8297,42.2765,-42.7477,46889592
-19.6133,-14.3508,-15.931,-2.40857,-1.12651,-1.28704,18.8297,42.2765,-42.7477,46946884
-14.0683,-7.68538,-17.2766,-2.37006,-1.52527,-1.10318,19.916,47.0144,-38.543,47005835
-10.8385,-1.48919,-0.56982,-2.31384,0.548608,-0.64327,19.916,47.0144,-38.543,47067096
-2.00155,-0.301669,-1.95606,-3.50253,-0.249313,-0.665786,13.5791,47.9256,-40.4701,47136530
5.03022,4.40294,8.70292,1.32724,0.430565,-0.0666454,13.5791,47.9256,-40.4701,47202714
-2.88022,1.00556,0.691924,1.81913,0.639738,0.54795,11.9496,49.2012,-40.6453,47260291
-19.6133,-9.80665,-19.6133,3.27041,-1.95427,0.98668,11.9496,49.2012,-40.6453,47317738
-19.6133,-2.96881,-19.6133,2.41947,1.94047,1.68281,21.0023,51.7523,-36.4406,47375898
-9.74919,-5.29358,0.488417,1.14151,1.05222,0.59125,21.0023,51.7523,-36.4406,47437184
-1.652,-3.82115,-5.12119,0.958718,1.86653,0.64814,26.0719,49.5656,-43.098,47508953
3.79481,-0.35913,1.04387,0.33493,0.752319,-0.429567,26.0719,49.5656,-43.098,47571646
2.29364,-2.34153,0.402226,-0.169749,-0.459952,-0.0967557,28.7877,45.01,-47.8283,47629744
1.62327,-4.27604,-4.20422,-0.140305,-1.96733,-0.313123,28.7877,45.01,-47.8283,47687222
-19.6133,-13.8528,5.83946,-4.24649,0.823864,-0.337904,33.6762,51.0234,-42.0469,47745504
-13.9821,-7.00783,-9.17218,-3.41047,-0.93652,-1.03897,33.6762,51.0234,-42.0469,47804148
-6.38294,-1.77889,-2.40617,-3.8841,0.787758,-1.04456,23.175,52.4812,-49.7555,47875179
1.59214,3.65355,-1.14682,-2.48531,-1.18206,-0.934247,23.175,52.4812,-49.7555,47934061
3.44047,2.60968,11.2456,2.8149,0.895009,0.13893,12.3117,52.4812,-50.1059,47992739
-11.0181,-4.59687,-2.478,4.48482,-4.36096,2.78677,12.3117,52.4812,-50.1059,48050285
-18.4066,-5.00627,10.9128,-1.07399,3.48835,1.26647,25.8908,56.6724,-43.2732,48113178
-12.1889,-5.92804,-3.24893,0.159998,1.65243,0.972691,25.8908,56.6724,-43.2732,48170878
-3.47159,-3.3423,-3.19147,1.35362,0.658657,0.813346,24.0803,53.3924,-48.8795,48245136
7.41484,1.73819,1.58736,-1.37096,1.28178,-0.697362,24.0803,53.3924,-48.8795,48306116
1.37667,-2.47082,0.378284,0.511861,0.452149,-0.268091,22.0887,49.9301,-51.5074,48363724
2.13323,-4.84586,-7.48188,-0.760496,-3.81458,-0.329111,22.0887,49.9301,-51.5074,48424241
-19.6133,-9.52892,-2.06141,-4.24649,0.263893,-0.873094,25.8908,53.7568,-39.4189,48482857
-15.1218,-6.59602,-2.95444,-4.12991,-0.228396,-0.448752,25.8908,53.7568,-39.4189,48540899
-5.91368,-1.37188,-3.69425,-2.76083,-0.103425,-0.528558,15.3896,55.9435,-43.2732,48614894
2.90417,3.76608,4.55616,-1.73761,0.231385,-0.3002,15.3896,55.9435,-43.2732,48672848
0.76375,2.26252,4.45082,2.53338,0.650929,0.0749793,8.50957,55.5791,-43.2732,48734913
-6.74207,-2.71263,-1.90818,4.36597,-0.466747,0.71702,8.50957,55.5791,-43.2732,48793617
-19.6133,-6.7732,11.0253,-2.77722,3.07787,1.02625,20.0971,58.8592,-39.0685,48851470
-14.0348,-6.7301,-11.0516,0.9831,-0.570534,1.12684,20.0971,58.8592,-39.0685,48910788
-6.5218,-2.02549,-4.04141,1.22558,1.31242,0.510912,16.1139,56.6724,-40.8205,48983510
5.82509,1.64482,1.53229,-0.174279,1.37717,-0.779299,16.1139,56.6724,-40.8205,49040808
4.75249,-4.26407,1.89381,2.70005,0.169699,-0.659524,17.5623,53.3924,-45.3756,49099110
0.768538,-3.51229,-3.60806,-3.54037,-2.49919,-0.207071,17.5623,53.3924,-45.3756,49161126
-19.6133,-17.935,-11.1498,-4.24649,-1.43667,-1.11824,19.5539,56.4902,-35.3894,49219926
-16.5128,-7.23288,-15.8975,-3.33985,-0.740004,-1.03364,19.5539,56.4902,-35.3894,49285055
-8.52814,-2.06141,-1.93451,-4.24649,0.476797,-0.60903,15.0275,55.2146,-33.8127,49386995
5.26964,3.7996,6.53138,1.76916,-0.0257515,-0.080768,5.79375,53.5746,-32.2359,49449299
-0.667982,1.50356,2.39181,1.38719,0.755916,0.523036,5.79375,53.5746,-32.2359,49507392
-19.6133,-6.39491,-19.6133,4.48482,-3.002,0.096696,10.8633,55.7613,-34.6887,49569016
-19.6133,-4.68785,-19.6133,2.44824,-0.140464,1.05996,10.8633,55.7613,-34.6887,49630932
-10.9343,-3.67031,-4.56335,0.447377,1.67161,0.441498,11.2254,56.1258,-38.1926,49688724
-2.54025,-2.3128,-3.52187,0.771262,0.431231,0.0485995,11.2254,56.1258,-38.1926,49757380
6.5218,0.222661,2.41814,-0.62087,1.8239,-0.841252,12.8549,55.2146,-42.9228,49815955
0.914585,-4.06535,-3.61764,1.70388,-1.0948,-0.291939,12.8549,55.2146,-42.9228,49874519
-0.390255,-4.93924,-1.68552,0.633501,-1.55871,-0.881754,15.7518,58.1303,-39.4189,49935023
-19.6133,-11.4515,2.23139,-2.25762,0.813205,-0.213999,15.7518,58.1303,-39.4189,49996921
-17.0802,-5.83467,-2.21464,-2.12385,0.517432,-0.746258,21.0023,59.0414,-35.3894,50054906
-6.18661,-1.22104,-3.5506,-2.65384,0.203539,0.107754,21.0023,59.0414,-35.3894,50125807
2.46603,2.15718,1.16598,-1.06973,-0.112085,0.327719,13.0359,56.1258,-38.1926,50187133
3.93607,3.20584,6.74925,2.37043,0.784161,0.456553,13.0359,56.1258,-38.1926,50248057
-9.2464,-2.33674,0.35913,4.48482,-0.476473,1.52667,18.4676,55.3969,-37.4918,50306842
-19.6133,-5.63595,9.43794,-1.83687,3.17939,1.29364,18.4676,55.3969,-37.4918,50366341
-13.6637,-7.28555,-6.11958,1.03706,0.32398,1.33148,22.9939,57.0369,-35.2143,50425845
-4.03423,-1.86987,-5.84424,1.82832,0.787359,0.801888,22.9939,57.0369,-35.2143,50494757
2.94726,-0.490811,1.42934,0.967512,1.32162,-0.0654463,23.7182,52.6635,-37.667,50553634
4.40772,-4.67348,2.70305,2.95639,0.940574,-0.29487,23.7182,52.6635,-37.667,50616117
-0.423774,-3.37343,-6.82587,-3.77419,-1.96227,0.0074311,25.8908,49.7478,-39.0685,50675674
-19.6133,-5.35343,-8.08761,-4.24649,-0.494459,0.0447358,25.8908,49.7478,-39.0685,50738090
-13.975,-7.01501,-15.0308,-2.95335,-1.27279,-0.482193,28.0635,51.2056,-40.4701,50807044
-5.68623,-0.332794,-0.943315,-2.26428,1.03011,-0.296602,28.0635,51.2056,-40.4701,50867773
-0.114922,2.22182,-0.909797,-2.77162,-0.6578,0.0809747,18.6486,47.5611,-45.3756,50933165
5.23133,3.01669,10.7069,3.72926,1.79072,0.822406,18.6486,47.5611,-45.3756,50991166
-4.23774,-2.38941,-5.33189,2.01538,-0.0472017,1.91464,28.0635,46.8322,-48.1787,51048504
-19.6133,-10.1754,9.16979,-3.14414,1.51627,1.13283,28.0635,46.8322,-48.1787,51107609
-16.0579,-5.71017,-12.402,2.8915,0.0957553,1.59688,38.2025,54.8502,-34.1631,51176852
-4.74052,-3.23217,-4.3742,2.06267,0.864233,0.69104,38.2025,54.8502,-34.1631,51236791
4.707,-0.545878,-0.0454898,-0.73465,1.30549,-0.536818,30.7793,53.939,-32.5863,51298792
4.03902,-3.77805,1.16358,2.53324,0.659456,-0.382803,30.7793,53.939,-32.5863,51357487
0.814028,-3.81875,-4.78122,-3.17398,-2.24791,0.0527297,26.9771,50.4767,-36.9662,51415651
-19.6133,-12.7156,-19.6133,-1.50313,-1.41762,-0.99913,26.9771,50.4767,-36.9662,51474653
-14.3724,-10.8529,-19.6133,-3.13135,-1.18633,-1.02165,22.2697,51.9346,-35.5646,51543313
-9.2464,-1.79805,-2.8491,-2.83064,0.651329,-0.78183,22.2697,51.9346,-35.5646,51604621
-1.50356,0.871489,-1.49638,-3.30175,-0.354966,-0.322849,15.7518,47.1967,-39.4189,51663590
4.63278,3.49074,8.76517,1.58544,0.215397,0.1781,15.7518,47.1967,-39.4189,51721022
-1.5682,3.56975,3.06218,2.25919,1.40688,0.683446,14.8465,46.65,-40.9957,51779671
-19.6133,-4.64235,-6.39491,-0.297918,0.293337,0.391004,14.8465,46.65,-40.9957,51838261
-17.0276,-0.684741,-19.6133,4.28803,-0.202949,1.31989,19.5539,44.4633,-36.791,51907121
-6.7708,-4.24971,-6.3183,1.37333,1.28964,0.674919,19.5539,44.4633,-36.791,51968659
-1.03908,-1.49398,-1.43413,0.766865,0.874758,0.471076,22.6318,41.001,-39.7693,52031287
5.76524,-0.55306,2.9736,0.379163,1.53412,-0.475399,22.6318,41.001,-39.7693,52089072
1.38385,-2.21703,-7.48427,-1.5872,-1.26174,-0.328445,22.4508,38.9965,-43.7988,52150600
-8.01579,-8.15704,-5.64792,4.48482,-3.08487,-1.26732,22.4508,38.9965,-43.7988,52208581
-19.6133,-15.457,-0.316035,-2.37393,0.734466,-0.523895,22.9939,42.0943,-39.0685,52279751
-13.4817,-3.23457,0.488417,-2.3213,1.01931,-0.610495,22.9939,42.0943,-39.0685,52344090
-3.11246,-1.1564,-2.94247,-3.77365,-0.310467,-0.374942,16.1139,42.8232,-43.2732,52401552
2.11408,2.09732,3.72777,-0.0591676,-0.508182,-0.185221,16.1139,42.8232,-43.2732,52461765
2.36547,1.47483,6.23689,2.72656,1.48682,0.638813,12.4928,43.5521,-41.8717,52521319
-7.03656,-3.73017,-10.1299,4.48482,-1.62826,1.63219,12.4928,43.5521,-41.8717,52578882
-17.3891,-5.09007,6.56251,-4.24649,1.62738,0.535027,18.4676,46.65,-38.543,52656458
-12.4834,-5.21936,-6.70855,-0.821383,0.0326038,0.827735,18.4676,46.65,-38.543,52714020
-5.11162,-1.05824,-3.6344,1.7633,2.23864,0.541421,18.1055,43.0055,-43.4484,52771575
3.71101,-0.356736,0.102951,0.1131,0.642936,-0.297535,18.1055,43.0055,-43.4484,52829794
5.38695,-2.58574,3.19626,0.915818,1.43913,-0.341635,22.6318,37.3564,-47.1275,52888264
-6.92642,-9.02853,-10.2687,4.48482,-4.36096,0.780838,22.6318,37.3564,-47.1275,52947374
-19.6133,-5.9448,4.7884,-1.08745,2.86936,1.13803,22.8129,41.1832,-41.3461,53022148
-16.1968,-4.26886,1.94409,-1.66927,1.52533,0.974556,22.8129,41.1832,-41.3461,53080204
-5.99508,0.464475,-5.01346,-0.0561033,0.107346,1.17827,18.6486,42.4588,-41.5213,53137789
-0.112527,0.426168,1.21625,0.253526,-0.463682,1.31616,18.6486,42.4588,-41.5213,53196150
3.91691,4.15633,7.41005,3.15797,2.07117,0.91327,18.2865,41.3654,-40.4701,53254726
-3.2202,-1.59214,-6.82108,3.98773,0.284943,1.48323,18.2865,41.3654,-40.4701,53312310
-19.6133,-6.83544,0.138864,1.01374,2.43063,1.7389,26.9771,41.7299,-37.3166,53389415
-17.911,-4.32871,-4.48434,2.14754,1.2983,1.22996,26.9771,41.7299,-37.3166,53446546
-10.9319,-0.818817,-7.53216,2.73949,0.98907,1.64005,29.5119,41.001,-36.6158,53506894
-4.13239,-1.70228,-2.66714,1.08995,1.2486,1.80072,29.5119,41.001,-36.6158,53568525
1.7765,-0.56982,-1.29047,2.15447,0.543545,1.04357,30.2361,41.001,-35.915,53625892
0.952892,-0.871489,1.20428,2.0259,0.99893,0.779106,30.2361,41.001,-35.915,53685835
-4.81713,-3.86185,-5.96635,1.46167,-0.659399,1.00693,33.133,40.6365,-33.4623,53758695
-19.3763,-2.92811,-6.32069,0.459102,1.02464,0.713956,33.133,40.6365,-33.4623,53816688
-14.8752,-6.11718,-8.46589,-0.830842,-0.372686,0.982817,35.8488,43.0055,-28.3816,53875461
-11.212,-1.92254,-5.7389,0.270846,0.716879,0.82587,35.8488,43.0055,-28.3816,53934816
-4.20901,0.0263362,-3.79241,-0.726522,0.232584,0.970026,30.4172,45.5566,-32.5863,53993724
1.06302,0.881066,0.426168,0.746082,-0.514843,1.1772,30.4172,45.5566,-32.5863,54055479
1.83396,3.4692,7.93199,2.91921,0.649464,1.11472,29.1498,47.1967,-29.608,54125375
-9.25359,-2.17872,1.21386,4.48482,1.21143,1.6968,29.1498,47.1967,-29.608,54183157
-19.6133,-3.6727,6.58884,-1.30448,2.76398,1.30657,30.7793,50.659,-20.3226,54241556
-18.0068,-1.02232,-11.8345,3.43948,-0.100761,0.53889,30.7793,50.659,-20.3226,54299956
-9.55286,-0.902614,-5.58567,2.0748,2.22039,0.974556,30.7793,50.659,-20.3226,54357477
-4.22337,-1.62566,-5.14753,1.55013,-0.324456,0.888355,30.7793,52.1168,-20.673,54422915
1.29047,-0.627281,3.09091,0.822423,1.01771,0.111351,30.2361,53.7568,-19.4467,54492097
5.51624,-1.69988,3.15077,1.69589,1.26339,-0.444356,30.2361,53.7568,-19.4467,54552154
-10.4148,-13.2878,-19.6133,4.48482,-4.36096,-0.642337,32.7709,53.7568,-11.7381,54613757
-16.8743,-7.36217,-14.0587,-0.791006,0.436427,0.0877695,32.7709,53.7568,-11.7381,54671126
-15.8927,-5.2026,-1.05345,-2.68422,1.12523,-0.260763,32.7709,53.7568,-11.7381,54731600
-5.1619,-1.39103,-6.22971,-2.89166,-0.0493334,-0.161639,32.4088,54.8502,-19.4467,54790660
1.87466,1.50116,2.33435,-1.38295,-0.86191,0.155451,30.2361,55.5791,-23.6514,54860325
5.57849,1.31442,8.48744,3.67184,2.25397,0.929258,30.2361,55.5791,-23.6514,54918041
-19.5606,-10.3765,-19.6133,4.48482,-4.36096,1.56011,26.434,55.3969,-18.2203,54982546
-19.0722,-3.62482,-11.8609,3.46187,0.488388,1.25661,26.434,55.3969,-18.2203,55040956
-14.9207,-3.82833,-5.34146,0.774859,2.05412,1.01319,26.434,55.3969,-18.2203,55102421
-3.4692,-2.4349,-5.09725,0.735023,0.56846,0.563005,26.434,55.3969,-18.2203,55164692
3.76608,-0.787692,0.828393,0.148273,1.05449,-0.320584,23.356,55.2146,-25.4033,55233353
4.12521,-3.81396,0.385466,1.57798,0.585114,-0.824198,23.356,55.2146,-25.4033,55290893
-1.00556,-7.75961,-7.17781,0.48295,-3.11845,-0.16537,28.2445,50.659,-23.4762,55349254
-19.6133,-10.7356,3.46441,-2.98652,2.02401,-0.182557,28.2445,50.659,-23.4762,55408022
-13.8648,-5.92325,-4.67827,-3.34492,-0.685246,-0.891613,28.2445,50.659,-23.4762,55468796
-6.01184,-0.761356,-4.16352,-3.11322,1.25007,-0.662588,29.1498,53.0279,-25.7537,55527085
0.773327,2.13563,0.301669,-1.34845,-0.505384,-0.152846,25.7098,49.9301,-35.039,55600531
2.84431,0.706289,6.85939,2.32487,0.921256,1.03358,25.7098,49.9301,-35.039,55658254
-14.3628,-2.36068,-12.4044,4.48482,-4.36096,1.71106,25.7098,49.9301,-35.039,55717138
-19.6133,-5.22654,6.00226,-4.24649,3.36578,0.891686,25.7098,49.9301,-35.039,55778830
-12.4115,-3.5075,-9.02853,3.34689,0.457078,1.07435,25.7098,49.9301,-35.039,55836971
-6.19619,-3.14119,-2.33913,0.92701,1.03344,0.673321,31.1414,52.1168,-28.732,55896223
4.42209,-0.634463,-0.143652,-0.521347,1.45085,-0.170433,29.1498,49.0189,-34.8639,55966364
5.27443,-1.52032,1.56102,1.85323,0.938576,-0.224791,29.1498,49.0189,-34.8639,56024177
-0.802057,-6.62954,-10.5273,-1.14673,-4.36096,0.106289,29.1498,49.0189,-34.8639,56088318
-19.6133,-7.02698,-1.80523,-2.29932,1.46231,-0.257166,33.4951,53.7568,-27.856,56149422
-13.7643,-8.31266,-7.65187,-4.24649,-1.28558,-0.633944,33.4951,53.7568,-27.856,56207017
-6.67024,-1.07739,-3.72298,-2.08095,0.721942,-0.618356,27.1582,56.1258,-32.2359,56269628
-0.251391,2.1476,0.888249,-3.98256,0.137323,-0.479662,18.8297,56.1258,-34.3383,56338824
3.881,2.09493,9.03093,4.48482,1.17173,0.342108,18.8297,56.1258,-34.3383,56396360
-3.93607,-5.14274,-8.80348,0.686261,-1.26653,1.48163,28.9687,56.4902,-30.1336,56457874
-19.1225,-10.7978,6.43801,-2.91831,1.3452,0.719152,28.9687,56.4902,-30.1336,56515643
-15.1912,-8.1762,-12.8233,0.225548,0.103083,1.37119,28.9687,56.4902,-30.1336,56573124
-5.05416,-3.26569,-3.90734,1.39985,1.56077,0.396599,27.3392,58.8592,-26.4545,56631902
2.98557,-0.845153,-2.89698,-1.65394,0.65466,-0.614092,27.3392,58.8592,-26.4545,56701847
3.15795,-4.20182,0.486023,1.95569,0.284677,-0.736532,28.6066,55.0324,-32.5863,56764284
1.86029,-4.83629,-3.59609,-3.4547,-2.65933,-0.675912,28.6066,55.0324,-32.5863,56825509
-19.6133,-7.13951,1.29287,-4.20692,-0.0991619,-1.17007,32.4088,53.7568,-30.3088,56883400
-15.0092,-9.5792,-8.42998,-3.92034,-0.316728,-0.828728,32.4088,53.7568,-30.3088,56945304
-7.03895,-4.66151,-5.1619,-2.90898,-0.438635,-0.636342,33.8572,54.4857,-31.36,57002979
0.167594,1.59693,1.12049,-2.86608,-0.224666,-0.214798,33.8572,54.4857,-31.36,57074316
2.44927,4.67109,7.49146,1.40451,-0.114217,0.322922,33.8572,54.4857,-31.36,57139763
-10.0724,-3.79241,-2.20985,4.48482,-2.36915,1.34294,33.8572,54.4857,-31.36,57197153
-19.6133,-7.37174,11.1689,-1.93719,3.72058,1.33282,33.8572,54.4857,-31.36,57254738
-12.6031,-6.51702,-4.97036,-0.632728,0.636807,0.663061,33.8572,54.4857,-31.36,57313379
-4.36463,-2.12844,-7.40287,1.53907,0.734732,0.169973,35.3057,59.2236,-27.5057,57371760
2.53067,0.536301,2.28407,-0.414628,0.92059,-0.703757,35.3057,59.2236,-27.5057,57440504
3.65355,-3.43089,2.8491,1.47219,0.726338,-0.898408,38.2025,54.4857,-29.608,57501947
-1.93212,-4.32871,-8.91122,-0.4077,-3.00906,-1.18432,38.2025,54.4857,-29.608,57563942
-19.6133,-12.2104,-5.48512,-2.91604,0.464006,-1.04603,42.0047,51.7523,-26.9801,57621610
-14.4801,-8.16662,-7.86256,-2.58723,-0.318327,-0.96036,42.0047,51.7523,-26.9801,57683036
-7.05571,-3.10288,-2.05183,-3.07859,0.408982,-0.820867,43.9963,49.0189,-30.6592,57752164
1.6113,2.73897,0.0550666,-2.52941,-0.186162,-0.313789,43.9963,49.0189,-30.6592,57815986
3.33991,5.54018,10.1562,3.38619,0.574588,0.45602,43.9963,49.0189,-30.6592,57877217
-8.97346,-6.67264,-12.0476,4.48482,-4.36096,1.2666,43.9963,49.0189,-30.6592,57935178
-19.6133,-3.49553,11.0684,-1.98742,4.37034,1.79593,40.5562,50.2945,-25.9289,57995408
-13.4363,-6.64151,-5.65989,-0.193198,-0.168309,0.411255,40.5562,50.2945,-25.9289,58053847
-3.89297,-0.351948,-6.23689,0.914486,1.32575,-0.13446,36.573,51.3879,-28.0312,58124513
6.29914,1.95606,3.5937,0.541705,0.841583,-1.32182,40.9184,49.2012,-31.8855,58190126
2.5594,-6.24168,0.45011,-0.938893,-0.548817,-0.0483928,40.9184,49.2012,-31.8855,58248334
-1.24259,-2.85628,-4.34069,-0.339752,-2.02675,-0.672847,40.9184,49.2012,-31.8855,58306229
-19.6133,-8.22647,1.34794,-4.24649,0.654127,-0.613826,40.9184,49.2012,-31.8855,58365406
-14.3149,-4.79798,-7.53216,-2.59243,-0.319526,-0.868297,40.9184,49.2012,-31.8855,58427268
-6.05254,-1.03669,-4.26647,-2.45227,0.501711,-0.631279,43.2721,52.6635,-33.1119,58499666
2.41335,3.22259,1.82199,-1.12741,-0.224666,-0.357089,34.4004,52.1168,-41.3461,58563162
3.69665,2.59771,7.84819,3.56699,1.27538,0.47787,34.4004,52.1168,-41.3461,58620905
-8.56884,-3.5506,-5.04937,4.48482,-2.1356,1.83243,43.4531,53.5746,-28.0312,58678339
-19.6133,-6.80911,11.3796,-1.59732,4.18369,1.49522,43.4531,53.5746,-28.0312,58741011
-14.054,-7.6375,-0.234632,-0.294587,1.50068,0.811348,43.4531,53.5746,-28.0312,58799438
-3.04542,-1.75016,-6.98628,2.03243,0.934579,0.63948,43.4531,53.5746,-28.0312,58874850
7.03177,-0.117316,2.78446,0.312947,1.6058,-0.471268,41.2805,56.4902,-28.0312,58933681
2.23379,-4.80995,-2.66475,0.231143,-0.602642,0.155584,41.2805,56.4902,-28.0312,58991293
-1.12527,-7.20176,-1.61369,2.01644,-2.34251,-0.000429526,42.1857,59.2236,-25.4033,59049684
-19.6133,-13.2902,3.4668,-2.80413,1.31655,0.327452,42.1857,59.2236,-25.4033,59107489
-12.9407,-6.17943,-5.05655,-3.29629,-0.0846397,-0.412114,42.1857,59.2236,-25.4033,59165167
-4.80756,-0.627281,-3.63919,-2.43228,0.615091,-0.182823,38.5646,62.5037,-28.5568,59237557
3.5099,3.25611,4.61841,-1.04002,-0.607306,0.340909,31.6846,63.2326,-32.0607,59295684
2.49715,2.69826,7.39329,4.23407,0.595772,0.889022,31.6846,63.2326,-32.0607,59353290
-14.698,-6.96952,1.01275,4.48482,-1.81198,1.43007,31.6846,63.2326,-32.0607,59415789
-19.6133,-3.36385,9.93114,0.845339,4.1629,1.65004,31.6846,63.2326,-32.0607,59474145
-11.2887,-7.70693,-2.55701,-0.0389164,0.31119,1.05223,31.6846,63.2326,-32.0607,59538563
-2.4349,-2.21942,-4.85065,1.896,1.70865,0.903144,32.9519,63.4148,-20.673,59608472
6.52659,0.857124,2.12366,0.286301,0.987605,-0.361619,32.0467,61.4103,-27.5057,59669399
2.60728,-3.1388,-4.79798,-0.396242,-1.11705,-0.0675781,32.0467,61.4103,-27.5057,59731303
-1.21386,-6.02381,-3.72777,1.89693,-2.46615,-0.301932,34.5814,61.7748,-18.0451,59789149
-19.6133,-14.844,2.62165,-4.24649,0.0848304,-0.235716,34.5814,61.7748,-18.0451,59846685
-14.516,-4.97994,-4.79798,-3.30921,-0.331917,-0.780232,34.7625,58.6769,-21.3738,59909597
-4.31435,-1.68791,-0.402226,-3.7153,1.33614,-1.05868,34.7625,58.6769,-21.3738,59979119
5.71975,4.5825,4.19943,-1.24826,-0.395468,-0.580918,32.5898,52.1168,-33.6375,60036644
1.51792,0.0263362,3.82593,2.60372,-0.419316,1.21717,32.5898,52.1168,-33.6375,60094897
-19.6133,-4.74531,-5.46117,4.48482,-2.90035,1.02732,32.5898,52.1168,-33.6375,60153435
-19.6133,-6.57208,5.38216,-1.52378,3.37364,1.704,36.9352,53.5746,-16.4684,60213872
-10.07,-4.7908,-1.78368,2.7243,0.676643,1.25394,36.9352,53.5746,-16.4684,60275701
-0.0023942,-3.61046,-1.83635,0.986031,2.032,0.580991,32.9519,53.939,-21.0234,60344693
7.8458,1.64721,-2.16915,-0.885867,1.11697,-0.694697,30.7793,51.7523,-29.0824,60405417
1.1564,-2.97599,1.403,2.86726,-1.0455,-0.304996,30.7793,51.7523,-29.0824,60467058
-10.8721,-18.6724,-7.92002,4.48482,-2.58499,-1.60453,30.7793,51.7523,-29.0824,60524960
-17.504,-14.5998,-15.6724,-0.368664,-2.05993,-0.58638,30.7793,51.7523,-29.0824,60585466
-13.8816,-2.01352,-0.873883,-2.23656,1.22715,-0.683905,30.7793,51.7523,-29.0824,60644438
-3.33991,-1.90339,-1.2402,-3.60512,-0.19269,0.115748,36.9352,48.4723,-24.8777,60714234
5.31752,4.51786,7.53695,0.162662,1.03357,0.12654,30.0551,48.4723,-33.9879,60772485
-0.825999,0.588974,0.440533,3.04618,0.0115532,0.856513,30.0551,48.4723,-33.9879,60837280
-14.2455,-3.10288,-4.67109,4.48482,-2.37235,0.506248,38.7457,48.8367,-20.673,60896059
-19.6133,-6.06451,-8.77235,2.38296,0.707686,1.69321,38.7457,48.8367,-20.673,60957583
-10.4387,-5.57609,-4.67348,0.371302,1.01771,0.854648,38.7457,48.8367,-20.673,61019608
-2.37984,-2.20266,-2.96402,0.641362,1.11338,0.388472,38.7457,48.8367,-20.673,61090919
6.20337,0.507571,2.48518,0.185312,1.28831,-0.475266,35.3057,47.9256,-28.2064,61148703
2.36786,-2.10211,-8.12831,-0.211317,-1.61027,-0.210935,35.3057,47.9256,-28.2064,61207243
-3.37103,-7.71412,-8.59518,4.22208,-3.41369,-0.83459,40.0131,49.3834,-19.0963,61269744
-19.6133,-14.0755,-0.095768,-3.82988,0.640271,-0.39133,40.0131,49.3834,-19.0963,61327609
-13.0747,-3.88818,-4.3359,-2.94575,-0.611835,-0.727872,40.0131,49.3834,-19.0963,61385918
-1.97522,-0.909797,-1.90339,-3.23074,0.910065,-0.570392,38.0215,49.5656,-24.5273,61458004
5.4492,3.64397,3.94086,-0.600619,-0.461551,-0.341102,30.9603,51.9346,-33.8127,61515441
0.203507,1.25935,5.1595,3.81506,0.280414,1.19505,30.9603,51.9346,-33.8127,61574201
-19.6133,-10.0556,-19.6133,4.48482,-2.05953,0.487197,37.4783,58.1303,-16.9939,61638883
-19.6133,-7.15387,-17.3867,3.56126,1.59061,1.78553,37.4783,58.1303,-16.9939,61696325
-9.34217,-4.94642,-0.418985,0.0952474,0.899006,0.487863,37.4783,58.1303,-16.9939,61767520
1.12049,-1.40061,-3.50272,1.09541,1.19971,0.325854,33.133,61.0459,-20.1475,61825845
6.82587,0.158017,2.00395,0.404743,0.952432,-0.573057,33.4951,58.4947,-26.1041,61885267
-0.11971,-3.68946,-6.84263,-1.38802,-1.8341,0.0827067,33.4951,58.4947,-26.1041,61945801
-9.58638,-10.2759,-2.01592,4.48482,-1.84529,-1.86727,38.0215,57.5836,-15.7676,62003970
-19.6133,-15.6413,-0.0670376,-3.25285,0.162904,-0.304729,38.0215,57.5836,-15.7676,62062186
-14.9901,-3.90494,-1.075,-2.36393,0.593107,-0.55214,38.0215,57.5836,-15.7676,62131853
-3.51947,-0.514753,-2.21703,-2.92337,0.19448,0.0852381,36.573,56.8547,-22.0746,62190270
3.93128,3.71819,7.06768,1.00215,0.553404,0.590451,36.573,56.8547,-22.0746,62248404
3.95522,2.25294,4.41491,2.5419,1.80631,0.690241,29.693,55.3969,-29.4328,62309849
-19.6133,-4.73812,-19.6133,4.48482,-3.70866,-0.218529,29.693,55.3969,-29.4328,62367855
-16.2758,-5.38935,-3.24175,2.66368,-0.0292155,1.76249,34.5814,54.8502,-19.4467,62429337
-13.3309,-5.48512,-0.347159,0.478154,1.71065,1.0433,34.5814,54.8502,-19.4467,62498115
-2.98557,-3.09091,-4.87459,1.41863,0.712882,0.995473,28.0635,55.9435,-24.3521,62559167
6.01663,0.428562,3.7589,-0.152296,2.11834,-0.223725,27.7014,50.1123,-28.5568,62623387
5.05176,-4.74052,0.560243,2.23707,-0.380946,0.0625888,27.7014,50.1123,-28.5568,62681291
-6.32308,-10.7595,-6.04536,3.88461,-3.59422,-0.890681,27.7014,50.1123,-28.5568,62741197
-18.4976,-12.1865,-5.49948,0.712108,0.0421964,-0.35629,30.2361,50.4767,-19.4467,62799602
-17.3149,-3.0957,-3.35188,-2.69981,0.336504,-0.450351,25.5287,47.1967,-24.3521,62868033
-4.38857,-1.11809,-5.21696,-2.16848,0.204605,0.113483,25.5287,47.1967,-24.3521,62926318
1.68312,1.67833,2.78685,-0.339486,0.620953,0.41312,25.5287,47.1967,-24.3521,62988164
3.5506,2.43251,6.6463,2.6778,1.67081,0.851984,18.4676,42.641,-28.3816,63045450
-3.70862,-0.742202,-8.37012,3.47626,-1.56497,1.76422,18.4676,42.641,-28.3816,63104722
-19.6133,-11.6837,1.57299,-3.70264,1.46058,1.25474,13.7602,48.4723,-24.5273,63165891
-14.7148,-3.27287,-14.8919,3.89886,-0.460751,1.20265,13.7602,48.4723,-24.5273,63234441
-7.17063,-2.30083,-7.40766,2.25399,1.50281,0.897682,16.1139,51.5701,-24.0018,63301504
2.76051,-1.00078,-0.586579,-0.474449,0.549008,0.0655199,15.2086,53.2101,-25.5785,63359490
5.6551,-2.66714,3.52905,1.75851,1.23861,-0.506974,15.2086,53.2101,-25.5785,63416953
-1.16119,-4.65672,-10.3836,-3.37276,-3.33202,-0.0649135,15.2086,53.2101,-25.5785,63478897
-19.6133,-10.4579,-10.9583,-2.09654,-0.570534,-0.754118,20.6402,53.2101,-21.3738,63536784
-14.7962,-8.57124,-18.5407,-1.88417,-1.05296,-0.0971554,22.6318,51.5701,-14.8916,63608669
-7.54173,-1.79565,-4.96318,-1.98622,0.500778,-0.0821003,22.6318,51.5701,-14.8916,63672904
0.454898,0.591368,0.0287304,-3.06287,-0.453157,0.568601,22.0887,51.0234,-19.6219,63730670
2.46603,4.01747,10.2999,4.01584,0.142386,1.07888,22.0887,51.0234,-19.6219,63792037
-2.97599,0.859518,1.52511,2.60146,1.98417,2.09876,19.3728,51.5701,-21.549,63853049
-19.6133,-15.2918,13.4865,-2.11639,3.01179,1.74277,19.3728,51.5701,-21.549,63911021
-14.9518,-5.66228,-4.32632,-0.640722,1.71958,1.11858,15.3896,53.7568,-22.9506,63982958
-3.02866,-2.24337,-4.88417,1.03786,0.513968,0.759521,15.3896,53.7568,-22.9506,64044344
5.35583,0.383072,1.99198,-0.342017,0.756582,-0.280215,13.9412,51.9346,-29.608,64101645
3.48835,-4.32153,2.0638,2.36364,0.990269,-0.357889,13.9412,51.9346,-29.608,64159724
1.00078,-3.22978,-6.45716,-2.80706,-2.57899,-0.561999,13.9412,51.9346,-29.608,64218121
-19.6133,-12.0907,-13.0197,-3.35051,-1.01566,-0.852443,14.8465,56.1258,-29.7832,64275917
-14.0635,-10.2759,-16.9007,-3.77991,-0.851385,-0.923988,18.6486,57.0369,-25.0529,64349273
-6.81629,-1.60411,-2.72221,-2.68356,0.725006,-0.582783,18.6486,57.0369,-25.0529,64407149
0.423774,1.8579,0.105345,-4.24649,0.173562,-0.362552,18.6486,57.0369,-25.0529,64466370
3.49074,3.49793,10.7356,3.39791,0.940441,0.127739,13.217,57.4014,-30.3088,64524149
-2.69108,-0.0790086,-0.730231,0.577145,0.239912,1.0541,13.217,57.4014,-30.3088,64582002
-19.6133,-10.5489,-9.36372,-2.30544,-1.46358,0.469477,14.6654,55.9435,-31.36,64639631
-15.014,-0.608127,-19.6133,1.93903,-1.18993,1.1768,14.6654,55.9435,-31.36,64711427
-6.96952,-2.82755,-3.61046,0.195171,1.70799,0.309999,13.7602,57.2191,-29.7832,64769041
1.36948,-0.361524,-3.58891,-0.749572,0.0749713,-0.246907,13.7602,57.2191,-29.7832,64827938
4.83868,0.100556,4.10605,-0.889464,0.73673,-0.915462,11.9496,56.4902,-32.9367,64886421
0.845153,-2.24576,-7.70693,-0.740512,-1.5302,-0.234517,11.9496,56.4902,-32.9367,64943643
-6.04536,-9.03571,-6.96952,3.82026,-3.48536,-1.64823,13.5791,56.6724,-32.0607,65001928
-16.8671,-9.93114,-19.6133,-4.24649,-1.32955,-1.30037,13.5791,56.6724,-32.0607,65078529
-13.1394,-3.08613,-2.19069,-3.29162,-0.0132278,-0.508174,16.476,58.8592,-24.7025,65136529
-3.60806,0.225055,-1.83635,-4.17921,-0.263969,-0.648999,16.476,58.8592,-24.7025,65194686
3.82115,5.15471,8.73165,0.14814,0.0519223,-0.500446,13.0359,58.3125,-22.7754,65255664
-0.806846,2.38462,5.3654,3.15237,1.21743,0.178234,13.0359,58.3125,-22.7754,65313508
-16.8863,-5.95677,-16.0244,4.48482,-3.24062,-0.129397,17.2002,58.8592,-26.8049,65389391
-16.6828,-0.45011,-19.6133,3.87302,-1.0443,0.777374,17.2002,58.8592,-26.8049,65448012
-10.1179,-2.91853,-8.44913,-0.321233,0.777766,-0.196013,18.1055,61.2281,-23.4762,65508034
-3.18908,-2.39899,-2.2721,0.405676,0.240444,-0.114875,18.1055,61.2281,-23.4762,65568852
4.23534,1.48919,1.61848,-1.8406,0.839851,-1.30743,19.5539,60.4992,-25.9289,65626176
0.972046,-2.29125,1.13964,2.08785,0.44189,-1.28891,19.5539,60.4992,-25.9289,65686131
-0.746991,-2.48757,-4.47716,-3.78418,-1.25627,-1.11744,24.2613,56.4902,-28.732,65759018
-19.6133,-6.64391,2.64559,-3.57154,0.995732,-0.631679,24.2613,56.4902,-28.732,65817705
-15.3109,-8.67658,-13.556,-2.82665,-1.69181,-0.91706,31.5035,59.0414,-24.5273,65879314
-9.62469,-2.20745,-9.22964,-2.08841,0.540881,-0.333774,31.5035,59.0414,-24.5273,65937461
-4.26886,-1.11091,0.402226,-3.33466,-0.483934,0.0585919,30.0551,56.4902,-29.4328,65996093
1.39821,2.39899,2.08774,-0.907317,-0.473542,0.239387,30.0551,56.4902,-29.4328,66061116
0.306458,2.48757,7.66623,2.80171,1.20011,0.573397,24.6234,59.0414,-29.4328,66131654
-11.4347,-1.08457,-3.53623,4.48482,-3.28272,-0.0229456,24.6234,59.0414,-29.4328,66189349
-16.7307,-7.70933,12.9359,-4.24649,4.33904,1.11445,31.1414,57.2191,-28.3816,66253584
-12.5193,-4.61123,-4.22337,2.47969,-0.435704,0.409523,31.1414,57.2191,-28.3816,66312771
-5.92804,-1.5706,-3.61046,-1.07412,1.44032,0.285618,29.3308,58.6769,-28.732,66371423
-0.751779,0.397437,-3.00951,1.12752,-0.660331,-0.131929,29.3308,58.6769,-28.732,66436457
-2.23139,-0.873883,-2.18351,0.144943,0.288807,-0.475665,28.4256,57.7658,-31.36,66505312
-3.64637,-1.4461,-7.05332,0.414469,0.0180816,-0.919458,34.4004,57.2191,-30.8344,66564368
-9.11712,-1.82199,-7.94635,-0.0169333,0.170898,-0.63461,34.4004,57.2191,-30.8344,66622784
-12.718,-9.10275,-10.7069,1.3255,-0.347105,-0.433431,34.4004,57.2191,-30.8344,66681488
-9.91439,-8.41083,-4.95121,-0.49963,-1.27053,-0.546144,39.651,55.9435,-28.5568,66742750
-10.2568,-5.12838,-2.44209,-1.18271,-0.495658,-0.329377,39.651,55.9435,-28.5568,66804918
-6.2776,-4.25689,-2.08056,-1.03855,-0.677651,-0.367215,39.832,56.4902,-25.5785,66873547
-5.83467,-2.12844,-1.01035,-0.302847,-0.812348,-0.19588,39.832,56.4902,-25.5785,66933727
-9.31344,-3.69904,-0.869095,0.494141,1.09792,0.346771,38.9267,57.0369,-24.0018,66992846
-10.4148,-6.1914,-7.5968,0.758339,-0.0304146,0.644143,38.9267,57.0369,-24.0018,67050339
-6.04057,-3.98395,-3.77087,-0.976731,0.196478,-0.00349386,38.5646,58.1303,-26.4545,67112844
-6.71573,-2.02549,-4.3742,0.224215,0.804812,0.277491,38.5646,58.1303,-26.4545,67170765
-7.18979,-2.80361,-6.14591,0.964048,-0.742269,0.450425,37.6594,56.1258,-29.7832,67240576
-7.54892,-3.4285,-3.56257,0.205296,0.301997,0.213273,37.6594,56.1258,-29.7832,67298962
-7.69736,-2.88262,-6.5242,-0.213716,-0.047335,0.329717,36.0299,57.0369,-26.1041,67356829
-7.41005,-2.40857,-5.1188,0.294028,-0.783704,0.358895,36.0299,57.0369,-26.1041,67418679
-8.18577,-2.5163,-3.91452,0.0787267,-0.251445,0.220468,34.0383,59.4058,-25.5785,67479898
-8.25999,-2.38462,-4.30717,0.000653237,-0.297943,0.182364,34.0383,59.4058,-25.5785,67549834
-8.67419,-2.3535,-4.28083,0.0159748,-0.252378,0.153319,32.2277,61.2281,-23.4762,67612873
-8.57363,-2.24576,-4.29041,-0.0871461,-0.147658,0.144659,32.2277,61.2281,-23.4762,67670831
-8.72207,-2.07338,-3.95522,0.0157084,-0.136067,0.147191,31.5035,61.5926,-20.673,67728843
-8.45392,-1.94888,-4.17309,-0.0758215,-0.029482,0.143727,31.5035,61.5926,-20.673,67791518
-8.5042,-1.95606,-4.23055,0.12709,-0.142062,0.107887,31.6846,61.4103,-20.8482,67852706
-8.65982,-2.11168,-4.15633,-0.343083,0.0425961,0.113483,30.2361,62.5037,-20.8482,67922546
-8.35337,-1.54665,-4.01747,0.510662,-0.172972,0.106555,30.2361,62.5037,-20.8482,67984567
-8.56166,-1.9417,-4.04381,-0.152163,-0.10196,0.0692503,30.2361,62.5037,-20.8482,68043149
-8.56645,-1.55144,-3.76847,0.0987114,-0.134868,0.0844387,30.2361,62.5037,-20.8482,68104022
-8.57363,-1.98479,-4.03423,0.120561,-0.164578,0.0812412,30.2361,62.5037,-20.8482,68162567
-9.11951,-1.6496,-3.45723,-0.0146684,-0.146192,0.0942978,30.4172,62.6859,-17.5195,68221294
-8.75559,-1.80044,-3.35428,0.335863,-0.0810424,0.0704494,29.3308,63.4148,-17.1691,68289748
-8.95192,-1.64242,-3.23935,0.0316961,0.322381,0.022353,29.3308,63.4148,-17.1691,68349015
-8.59039,-1.7334,-4.10605,0.10071,0.160905,0.0585919,29.3308,63.4148,-17.1691,68407962
-8.20253,-1.95367,-4.39096,-0.660173,0.0262087,0.00556585,28.9687,63.4148,-18.5707,68469154
-8.56645,-1.67594,-5.08289,0.294161,0.00675692,0.0623223,28.9687,63.4148,-18.5707,68531955
-9.18894,-1.43413,-4.10127,0.185445,-0.248914,0.150921,29.874,63.9615,-18.3955,68601321
-9.03093,-1.18274,-4.49392,-0.185737,-0.51431,0.0527297,29.5119,63.9615,-17.3443,68662970
