-8.41562,-1.59693,-4.46279,0.0672688,0.0226114,0.027549,12.6738,60.4992,-25.9289,2770245
-8.41562,-1.61848,-4.43167,0.0359595,0.0190142,0.0204878,13.0359,60.1347,-27.3305,2830651
-8.37252,-1.652,-4.5011,0.0475506,0.0126191,0.0288813,13.0359,60.1347,-27.3305,2892179
-8.39886,-1.62327,-4.42927,0.0684679,0.0246099,0.0291478,12.6738,59.4058,-26.2793,2951667
-8.3821,-1.6496,-4.41969,0.0512811,0.0160831,0.0343438,12.6738,59.4058,-26.2793,3013279
-8.37252,-1.6113,-4.35505,0.0323623,0.0132852,0.0395398,13.398,59.0414,-27.6809,3087266
-8.39167,-1.66158,-4.3742,-0.00520894,0.0171489,0.0226195,13.398,59.0414,-27.6809,3146333
-8.46589,-1.58017,-4.42448,0.0563439,0.0306053,0.0304801,12.8549,58.4947,-27.1553,3204841
-8.4204,-1.57778,-4.27604,0.0207711,0.0433955,0.0300804,12.8549,58.4947,-27.1553,3263165
-8.36773,-1.56102,-4.43167,0.0175736,0.0283404,0.0287481,12.3117,60.4992,-28.0312,3327626
-8.39407,-1.63045,-4.38378,0.0139764,0.0447278,0.0334112,12.3117,60.4992,-28.0312,3386791
-8.40604,-1.53708,-4.41251,0.0227696,0.0539208,0.0300804,11.0443,60.317,-27.1553,3459864
-8.31027,-1.45567,-4.36463,0.0480835,0.0632469,0.0303469,11.0443,60.317,-27.1553,3518555
-8.49702,-1.40061,-4.63038,0.129754,0.0274078,0.0214204,13.5791,60.317,-26.1041,3579824
-8.43956,-1.69509,-4.35266,0.0398232,0.0902929,0.0296807,13.5791,60.317,-26.1041,3641093
-8.38449,-1.63045,-4.24252,0.090984,0.110011,0.0218201,10.8633,59.0414,-27.6809,3702212
-8.47308,-1.76453,-4.56095,-0.0802181,0.0637799,-0.000696003,10.8633,59.0414,-27.6809,3762251
-8.50181,-1.67115,-4.61362,0.000653237,0.103882,0.0207542,11.5875,58.3125,-28.0312,3831624
-8.28633,-1.62087,-4.55377,0.0455522,0.125732,0.0244847,11.5875,58.3125,-28.0312,3889128
-8.22408,-1.59693,-4.65672,-0.000146151,0.0941566,0.0100957,12.3117,59.4058,-27.6809,3947398
-8.30069,-1.5682,-4.60644,-0.0118705,0.0950892,-0.0028277,12.3117,59.4058,-27.6809,4008767
-8.27915,-1.53229,-4.76685,0.0245016,0.0744384,0.00609879,12.3117,59.0414,-27.6809,4066356
-8.27915,-1.51313,-4.7477,0.0186394,0.0830984,0.013693,12.3117,59.0414,-27.6809,4136877
-8.22647,-1.42455,-4.7908,0.0416884,0.0861627,0.0513974,13.9412,59.9525,-28.9072,4195715
-8.15704,-1.52271,-4.86023,0.0647374,0.0556528,0.0304801,13.9412,59.9525,-28.9072,4256338
-8.14268,-1.49877,-4.71179,0.130287,0.0593832,0.0227527,11.2254,59.4058,-29.7832,4314500
-8.14507,-1.61848,-4.84347,-0.0265259,0.0146176,0.016624,11.2254,59.4058,-29.7832,4375127
-8.1762,-1.51313,-4.83629,0.0652704,0.0339361,0.0392734,12.8549,58.1303,-28.9072,4433823
-8.23845,-1.46046,-4.64235,0.0755292,0.0487247,0.0480666,12.8549,58.1303,-28.9072,4503392
-8.2576,-1.60172,-4.82192,0.0724648,0.0288733,0.0532626,13.5791,59.2236,-30.6592,4560857
-8.26478,-1.55384,-4.78601,0.0828569,0.0491244,0.05233,13.5791,59.2236,-30.6592,4619532
-8.24563,-1.54905,-4.88656,0.06567,0.0525885,0.0524632,11.5875,58.6769,-28.0312,4681247
-8.24802,-1.53947,-4.81474,0.0670024,0.0555195,0.0513974,11.5875,58.6769,-28.0312,4738733
-8.18817,-1.51792,-4.82192,0.0691341,0.0456604,0.0539288,11.5875,58.3125,-29.4328,4796944
-8.19774,-1.50116,-4.81713,0.0574097,0.052322,0.045402,11.5875,58.3125,-29.4328,4870025
-8.14028,-1.51553,-4.8698,0.0538125,0.0264751,0.0383407,12.4928,58.8592,-28.5568,4928347
-8.11874,-1.45567,-4.84347,0.133618,0.0204797,0.0332779,12.4928,58.8592,-28.5568,4990963
-8.14028,-1.45807,-4.90572,0.037958,-0.00923082,0.0179564,12.1307,57.7658,-29.9584,5053123
-8.15704,-1.54426,-4.92487,0.0488829,-0.0234866,0.0228859,12.1307,57.7658,-29.9584,5110940
-8.13071,-1.49638,-4.84107,0.0744633,-0.0257515,0.018889,12.8549,59.2236,-28.5568,5172655
-8.13549,-1.52511,-4.92727,0.0474174,-0.0634559,0.0140927,12.8549,59.2236,-28.5568,5241566
-8.15944,-1.50116,-4.76925,0.0579426,-0.0574605,0.0162244,10.6822,59.9525,-27.1553,5298918
-8.20971,-1.50595,-4.8315,0.0336946,-0.0849061,0.0224862,10.6822,59.9525,-27.1553,5360446
-8.10677,-1.49159,-4.72136,0.0781938,-0.108355,0.020621,10.6822,58.4947,-27.5057,5418909
-8.14268,-1.49638,-4.75967,0.0760621,-0.146192,0.0284816,10.6822,58.4947,-27.5057,5476617
-8.09719,-1.52989,-4.69263,0.093915,-0.190692,0.0211539,11.2254,60.4992,-25.2281,5550007
-8.12592,-1.46286,-4.61602,0.0809916,-0.28382,0.0122274,11.2254,60.4992,-25.2281,5608208
-8.08761,-1.50835,-4.21858,0.0919166,-0.373352,0.00370063,12.3117,61.5926,-23.1258,5666221
-8.2169,-1.6113,-4.00071,0.0618063,-0.489529,-0.0261432,12.3117,61.5926,-23.1258,5734758
-8.24802,-1.59693,-3.57454,0.153336,-0.583723,-0.0268093,11.9496,61.957,-21.7242,5794279
-8.32943,-1.64242,-3.00712,0.154269,-0.715089,-0.0575857,11.9496,61.957,-21.7242,5855996
-8.76278,-1.73819,-2.4373,0.126956,-0.743335,-0.06065,13.0359,63.0504,-15.7676,5929263
-8.87291,-1.92733,-1.88663,0.181448,-0.819276,-0.038134,13.0359,63.0504,-15.7676,5987808
-9.02135,-1.99676,-1.24738,0.199567,-0.800091,-0.0188154,14.1223,63.0504,-9.46054,6053636
-9.05487,-2.04225,-0.907402,0.204763,-0.786768,0.0262167,14.1223,63.0504,-9.46054,6112484
-9.23922,-2.00155,-0.126893,0.29203,-0.752794,0.0406057,13.217,64.326,-5.08066,6170067
-9.14106,-1.9417,0.14844,0.299358,-0.736673,0.107621,13.217,64.326,-5.08066,6229396
-8.51138,-0.893037,1.18274,-0.179609,-0.672189,0.416317,12.6738,61.2281,0.350391,6299024
-9.52413,-1.52511,1.45089,0.466696,-0.747198,0.623758,12.6738,61.2281,0.350391,6356720
-10.0221,-1.72861,1.34554,0.0502152,-0.242119,0.520238,8.14746,60.317,5.78144,6418247
-9.6199,-1.06781,1.58736,1.16909,-0.283687,0.145059,8.14746,60.317,5.78144,6479410
-9.55047,-0.948104,2.38702,1.79075,-0.397999,0.111618,5.61269,60.6814,3.6791,6537235
-9.56004,-0.902614,2.42293,0.312814,-0.431973,0.246181,5.61269,60.6814,3.6791,6596080
-9.63427,-0.778115,2.65277,-0.387049,-0.372552,0.135866,3.44004,58.8592,9.28535,6665226
-9.18894,-0.356736,2.6001,-0.405968,-0.199219,0.123076,3.44004,58.8592,9.28535,6727561
-9.46188,-0.265756,2.7677,-0.0426469,-0.187894,0.12201,5.43164,59.4058,11.2125,6785560
-9.48343,-0.23942,2.96163,0.432322,-0.279024,0.128538,5.43164,59.4058,11.2125,6843027
-9.60314,-0.392649,3.18668,0.361843,-0.183098,0.127739,4.16426,57.4014,11.7381,6904202
-9.57201,-0.363919,3.2202,0.00371754,-0.143128,0.0621891,4.16426,57.4014,11.7381,6962200
-9.7827,-0.318429,3.54102,-0.214648,-0.0430716,0.0170237,2.17266,56.1258,12.9645,7033379
-9.64863,-0.129287,3.56975,-0.0604999,0.0184813,0.0178231,2.17266,56.1258,12.9645,7097508
-9.63666,-0.160411,3.68228,0.142145,0.0239437,0.0347435,2.53477,56.1258,12.2637,7154992
-9.64863,-0.265756,3.77087,0.188509,0.111743,0.0444694,2.53477,56.1258,12.2637,7216332
-9.92636,-0.304064,3.70622,0.0888523,0.185686,0.00503294,3.07793,56.308,12.4389,7274973
-9.94791,-0.282516,3.7565,-0.0120037,0.313721,-0.0233453,3.07793,56.308,12.4389,7344606
-9.97185,-0.296881,3.44286,0.0390238,0.418708,-0.0357358,3.44004,57.4014,9.98613,7406939
-10.0221,-0.363919,3.23935,-0.0218628,0.51943,-0.0377343,3.44004,57.4014,9.98613,7467496
-9.93593,-0.37589,2.93769,-0.0475765,0.566461,-0.0449288,2.89687,59.0414,9.46054,7525009
-9.83298,-0.335188,2.70305,-0.0275918,0.575254,-0.0402657,2.89687,59.0414,9.46054,7583668
-9.79947,-0.383072,2.53067,0.118563,0.615224,-0.0365352,5.25058,60.6814,5.08066,7644797
-9.57681,-0.47884,1.87466,0.137215,0.509038,-0.0352029,5.25058,60.6814,5.08066,7714332
-9.47864,-0.68953,1.51792,-0.463924,0.456545,-0.0270758,4.88848,60.6814,0.875976,7779266
-9.57441,-0.981623,0.993593,-1.62916,0.648665,-0.000163078,4.88848,60.6814,0.875976,7837015
-9.33499,-0.79248,0.876277,-2.00621,0.775101,0.12201,6.88008,61.5926,-1.75195,7894431
-9.414,0.248997,0.713472,1.11487,1.23488,0.096696,6.88008,61.5926,-1.75195,7952731
-9.26795,-0.964863,-0.993593,0.390754,0.812805,-0.00336063,6.88008,62.6859,-7.70859,8013963
-9.26316,-0.708683,-0.445321,-0.382919,1.23049,0.0108951,6.88008,62.6859,-7.70859,8082522
-8.86573,-0.45011,-1.95127,0.294295,1.04796,-0.0749058,5.06953,62.3215,-15.0668,8149568
-8.46111,-0.593762,-2.52349,-0.0182656,1.03717,-0.0563867,5.06953,62.3215,-15.0668,8207462
-8.59039,-0.529118,-3.18429,0.238871,1.02091,-0.0912932,7.6043,59.7703,-21.0234,8267946
-8.18098,-0.723049,-3.64876,-0.0427801,0.94657,-0.0442626,7.6043,59.7703,-21.0234,8329139
-7.86495,-0.682347,-4.35984,0.276841,0.774302,-0.0463943,7.42324,58.1303,-25.7537,8388538
-7.86734,-0.988805,-4.75967,0.0935154,0.746723,-0.0280084,7.42324,58.1303,-25.7537,8462924
-7.3095,-1.01035,-5.30794,0.190108,0.564862,-0.00402679,8.14746,58.8592,-31.0096,8523553
-7.6782,-1.19949,-5.75566,0.162129,0.561931,-0.0258767,8.14746,58.8592,-31.0096,8582327
-7.52258,-1.15879,-5.80594,0.10444,0.606564,0.0143591,9.77695,56.4902,-35.039,8643235
-7.29034,-1.12527,-6.20337,0.17492,0.485723,0.0290146,9.77695,56.4902,-35.039,8701665
-7.07726,-1.06781,-6.28717,0.236339,0.418974,0.0624556,8.50957,54.1213,-38.3678,8759370
-6.8522,-1.41258,-6.30633,0.071399,0.326245,0.054062,8.50957,54.1213,-38.3678,8835567
-7.0198,-1.21625,-6.57448,0.0791264,0.237513,0.0529962,9.77695,54.3035,-38.1926,8893232
-6.78756,-1.16837,-6.83784,0.105906,0.137457,0.0775107,9.77695,54.3035,-38.1926,8950874
-6.91685,-1.34794,-6.91924,0.0880529,0.10335,0.0531294,8.32851,52.4812,-39.5941,9014561
-6.75644,-1.19949,-6.87614,0.0138431,0.0401979,0.022353,8.32851,52.4812,-39.5941,9072252
-6.69658,-1.23541,-6.86417,-0.046111,-0.0497331,-0.00482617,8.69062,55.0324,-39.2437,9145912
-6.82587,-1.11091,-6.78277,-0.0631645,-0.0585264,-0.0106884,8.69062,55.0324,-39.2437,9206413
-6.66785,-0.933739,-6.4811,0.019572,-0.0318801,-0.000696003,7.6043,53.5746,-39.9445,9264185
-7.06529,-1.0319,-6.72771,0.1576,-0.14073,-0.00575878,7.6043,53.5746,-39.9445,9323820
-7.36696,-1.12049,-6.6487,0.0780605,-0.0791772,0.057526,7.24219,52.4812,-38.8933,9381386
-6.80432,-1.13246,-6.70855,0.0812581,-0.235591,0.0532626,7.24219,52.4812,-38.8933,9440017
-6.92163,-1.21147,-6.40449,0.125091,-0.323523,0.0392734,10.8633,53.939,-36.791,9514383
-7.13951,-1.20668,-6.13634,0.0700667,-0.45329,0.0593913,10.8633,53.939,-36.791,9571845
-7.25443,-1.25217,-5.96874,0.0711325,-0.514443,0.0659196,8.87168,56.308,-34.1631,9632459
-7.45554,-1.15401,-5.66468,0.0527466,-0.567469,0.0803086,8.87168,56.308,-34.1631,9693444
-7.50103,-1.18274,-5.44202,0.00851384,-0.714556,0.0837726,9.41484,58.6769,-32.2359,9752466
-7.83861,-1.10373,-4.33111,0.023569,-0.713224,0.0920329,9.41484,58.6769,-32.2359,9813121
-8.19535,-1.04866,-4.03183,0.0257007,-0.852584,0.12201,7.06113,59.2236,-26.4545,9885333
-8.66222,-1.03429,-3.44047,0.168525,-0.878032,0.147191,7.06113,59.2236,-26.4545,9943348
-8.85136,-1.14443,-2.67432,-0.0683605,-0.740404,0.177834,7.9664,59.4058,-21.0234,10004805
-8.69095,-1.0726,-2.22421,-0.068094,-0.891354,0.0751125,7.9664,59.4058,-21.0234,10062618
-8.59997,-0.701501,-1.91057,-0.174546,-0.911472,0.0312795,7.42324,62.5037,-15.242,10120184
-9.12669,-0.873883,-1.32639,0.177451,-1.0527,0.0324786,7.42324,62.5037,-15.242,10178856
-8.68616,-1.04387,-0.782904,0.116964,-1.06709,0.087503,6.15586,63.0504,-7.70859,10251747
-8.84418,-0.97444,0.155623,-0.134177,-0.98355,-0.00789049,6.15586,63.0504,-7.70859,10309290
-9.03811,-0.950498,0.519542,-0.163754,-1.12464,0.0763116,7.42324,62.1392,-1.22637,10367608
-9.41639,-0.787692,1.84353,0.0374251,-0.89362,0.0926991,7.42324,62.1392,-1.22637,10426136
-9.3302,-0.588974,1.93691,0.400613,-0.677651,0.165177,6.88008,60.1347,4.20469,10483646
-9.71088,-0.476446,2.14042,1.02134,-0.546552,0.119745,6.88008,60.1347,4.20469,10559042
-9.10754,-0.323217,2.52828,1.1134,-0.349903,0.11335,3.9832,58.3125,8.40937,10618164
-9.62469,-0.318429,2.82995,0.511461,-0.192024,0.160647,3.9832,58.3125,8.40937,10675546
-9.11472,-0.280121,2.51391,-0.160157,-0.412788,0.115881,2.17266,58.6769,9.46054,10733885
-9.40442,-0.342371,3.61524,-0.471651,-0.519906,0.0821738,2.17266,58.6769,9.46054,10794974
-9.04529,-0.21069,3.73974,-0.346947,-0.399998,0.0990942,2.17266,57.2191,13.6652,10852738
-9.73482,-0.0766144,3.49314,0.0943148,-0.533629,0.0640543,2.17266,57.2191,13.6652,10928843
-9.27992,-0.237026,4.4987,0.189575,-0.352967,0.101892,1.62949,55.5791,14.5412,10987312
-9.26077,-0.095768,4.22337,0.0510146,-0.271696,0.126007,1.62949,55.5791,14.5412,11045628
-9.27035,-0.0383072,4.61362,0.124558,-0.352568,0.082307,3.25898,54.3035,17.5195,11104007
-9.06684,0.0670376,5.07331,0.187976,-0.193489,0.0635214,3.25898,54.3035,17.5195,11162502
-8.97107,0.0646434,4.81713,0.152537,-0.211209,0.0324786,1.81055,53.2101,20.3226,11220160
-9.12909,0.0263362,4.96797,0.141212,-0.127274,-0.011621,1.81055,53.2101,20.3226,11297014
-9.13388,-0.0047884,5.18584,-0.0319884,0.00236029,-0.000429526,1.9916,51.9346,20.4978,11355504
-9.2895,0.0071826,5.03022,-0.0955397,0.0624476,-0.00349386,1.9916,51.9346,20.4978,11413168
-9.15063,0.095768,4.97754,-0.00254431,0.15038,0.00263478,1.08633,51.3879,19.2715,11471992
-9.40681,0.083797,5.15711,0.0675353,0.268556,0.022353,1.08633,51.3879,19.2715,11533328
-9.58398,-0.0407014,4.90811,0.0223699,0.369146,-0.00269447,1.62949,52.6635,18.7459,11594092
-9.70609,-0.0407014,4.86023,0.00278494,0.540215,-0.0349364,1.62949,52.6635,18.7459,11669829
-9.69412,-0.0742202,4.55377,0.0618063,0.655993,-0.0643805,1.44844,54.668,17.8699,11727264
-9.73721,-0.143652,4.32393,-0.032921,0.757381,-0.0870298,1.44844,54.668,17.8699,11787450
-9.84974,-0.217872,4.07972,-0.079019,0.901537,-0.0662458,3.80215,57.4014,12.4389,11845719
-9.62469,-0.179565,3.40216,-0.0948735,0.960159,-0.0569196,3.80215,57.4014,12.4389,11903817
-9.67496,-0.191536,3.05739,0.0161081,1.01252,-0.0550543,3.07793,58.1303,6.48223,11977411
-9.56244,-0.323217,2.25773,0.00904679,0.913129,-0.0603836,3.07793,58.1303,6.48223,12034981
-9.10275,-0.421379,1.95606,0.101776,0.790289,-0.0972886,4.70742,61.2281,1.75195,12092858
-8.95192,-0.430956,1.43652,0.160264,0.701158,-0.118206,4.70742,61.2281,1.75195,12153544
-8.9998,-0.373495,1.07739,-0.0201308,0.425769,-0.144719,3.80215,63.2326,-2.97832,12211120
-9.22246,-0.948104,-0.0287304,-1.26131,-0.0176244,-0.0923591,3.80215,63.2326,-2.97832,12272130
-9.18894,-0.263362,0.474052,-0.7132,1.97578,0.323455,5.79375,62.6859,-3.50391,12344836
-8.51138,-0.509965,-0.397437,2.1073,1.12097,0.0994938,5.79375,62.6859,-3.50391,12402487
-8.76517,-1.06542,-2.01592,-0.679092,1.07567,-0.0248109,5.79375,61.2281,-14.0156,12460038
-8.7508,-0.143652,-3.07415,0.44378,1.30549,-0.0114877,5.79375,61.2281,-14.0156,12523115
-8.02057,-0.775721,-3.53384,-0.0505075,1.09779,0.055794,5.9748,60.6814,-21.8994,12581010
-7.9272,-0.399832,-4.08211,0.490011,1.01478,0.041938,5.9748,60.6814,-21.8994,12641441
-7.70933,-0.794875,-4.83389,0.0623393,0.9511,0.0665857,7.24219,59.4058,-28.732,12713075
-7.27837,-0.588974,-5.35104,0.291897,0.780564,0.0916332,7.24219,59.4058,-28.732,12770409
-7.42442,-0.708683,-5.76045,0.263385,0.646666,0.0737802,5.06953,55.3969,-33.6375,12827791
-7.15148,-0.639252,-6.08127,0.253393,0.535551,0.0532626,5.06953,55.3969,-33.6375,12891387
-7.21373,-0.888249,-6.40928,0.336529,0.365682,0.0673851,7.9664,55.7613,-37.8422,12949313
-6.84981,-1.07978,-6.31111,0.138947,0.355156,0.0338109,7.9664,55.7613,-37.8422,13023405
-6.90487,-1.03669,-6.82108,0.0347604,0.261228,0.0155582,6.51797,52.8457,-38.543,13085452
-9.89045,-4.9943,-5.60243,2.17432,0.836387,1.17014,6.51797,52.8457,-38.543,13143095
-6.32308,-2.99993,-8.54012,0.136283,0.640404,0.155051,8.69062,52.1168,-41.6965,13200844
-8.12592,-4.22577,-6.21056,-2.1934,-0.666194,0.0128936,8.69062,52.1168,-41.6965,13259271
-5.94001,-1.96324,-9.31105,0.623775,0.279747,0.238321,6.88008,53.939,-41.6965,13321025
-6.84741,-0.830788,-5.8634,-0.699476,-0.242252,-0.00682464,6.88008,53.939,-41.6965,13391125
-6.99586,-0.969651,-7.1419,-0.0137357,-0.0101634,0.0504648,7.24219,52.1168,-39.9445,13453598
-6.92403,-0.414197,-6.58884,0.0123776,-0.130071,0.0438032,7.24219,52.1168,-39.9445,13511037
-7.00064,-0.825999,-6.74925,-0.0591676,-0.0691849,0.0332779,5.06953,52.4812,-39.5941,13568602
-6.91445,-0.469263,-6.8522,0.292962,-0.8751,0.101093,5.06953,52.4812,-39.5941,13627186
-7.3502,-0.749385,-6.33027,0.0110452,-0.442765,0.0556608,4.52637,55.5791,-35.5646,13692408
-7.63271,-1.13246,-5.4492,-0.0642304,-0.365491,0.0608568,4.52637,55.5791,-35.5646,13762174
-7.37174,-1.01514,-5.69102,-0.0764876,-0.303405,0.11375,3.9832,56.4902,-33.2871,13823812
-7.02698,-0.311246,-6.04775,0.0732642,-0.715356,0.102691,3.9832,56.4902,-33.2871,13881684
-7.46272,-0.215478,-5.57131,0.0506149,-0.944247,0.0509977,3.9832,58.3125,-29.7832,13940632
-8.15465,-0.253785,-5.02782,-0.0652962,-0.932523,0.0608568,3.9832,58.3125,-29.7832,14005563
-8.17141,-0.181959,-4.08211,-0.00361019,-1.06589,0.0248844,3.80215,59.5881,-24.7025,14064466
-8.27675,-0.299275,-3.22499,0.05701,-1.10599,0.00156891,3.80215,59.5881,-24.7025,14134959
-8.73883,-0.189142,-2.05662,0.145476,-1.11718,-0.00122893,4.16426,61.4103,-16.6435,14193375
-8.85615,-0.545878,-1.5682,0.0723316,-1.23203,0.034477,4.16426,61.4103,-16.6435,14252044
-8.74362,-0.519542,-0.35913,-0.0238613,-1.21817,0.0547282,4.52637,61.7748,-8.23418,14309586
-9.27992,-0.509965,0.45011,0.0151754,-1.24268,0.0447358,4.52637,61.7748,-8.23418,14371036
-9.54329,-0.593762,1.18034,-0.0779531,-1.11132,0.0867036,3.9832,62.3215,0.350391,14443552
-9.19134,-0.349553,1.96564,-0.0743559,-1.05456,0.0789762,3.9832,62.3215,0.350391,14501067
-8.94952,-0.385466,2.55222,0.00544956,-1.22923,0.0831064,2.71582,59.9525,6.48223,14561139
-8.86573,-0.600945,2.95684,-0.0575688,-1.05363,0.045402,2.71582,59.9525,6.48223,14618813
-8.58321,-0.538695,3.79481,-0.109396,-0.960235,0.0286149,2.89687,56.8547,13.6652,14680958
-8.74602,-0.253785,4.44364,-0.0307893,-0.926927,0.0422044,2.89687,56.8547,13.6652,14739426
-8.54969,-0.634463,5.00388,-0.011604,-0.740004,0.0462014,3.44004,54.1213,20.8482,14808271
-8.40125,0.095768,5.75805,-0.0378506,-0.780639,0.0549946,3.44004,54.1213,20.8482,14869746
-8.96628,-0.517147,5.71017,0.156933,-0.774378,0.137331,3.62109,49.9301,24.1769,14927268
-8.43956,-0.100556,6.53856,0.00305137,-0.563473,0.0631217,3.62109,49.9301,24.1769,14984651
-8.57842,-0.011971,6.63194,0.0792596,-0.467813,0.0663193,4.52637,47.1967,28.9072,15046191
-8.34858,-0.292093,6.66785,-0.020797,-0.318727,0.0551279,4.52637,47.1967,28.9072,15104803
-7.73327,-0.143652,6.98149,0.0514143,-0.172439,-0.00615849,3.80215,47.5611,28.5568,15173617
-7.75003,-0.205901,7.02698,0.1139,-0.101027,-0.0166838,3.80215,47.5611,28.5568,15235025
-7.61116,-0.0790086,6.99107,0.113766,-0.0631894,0.0355429,3.44004,45.01,30.3088,15293923
-7.79313,0.0047884,7.16584,0.0684679,-0.00523389,0.0224862,3.44004,45.01,30.3088,15354917
-7.74763,-0.191536,6.94558,-0.00134525,0.0922913,0.0266164,1.9916,44.6455,29.608,15417132
-7.94875,-0.217872,7.24485,0.0331616,0.268156,-0.00655818,1.9916,44.6455,29.608,15486013
-8.43956,-0.0430956,7.35977,0.0686011,0.476663,0.0127603,2.71582,45.7389,28.9072,15543963
-8.50899,-0.0933738,7.21373,0.0985782,0.62828,-0.0142856,2.71582,45.7389,28.9072,15602407
-8.5042,-0.292093,6.64151,0.033961,0.722475,0.000503078,2.89687,46.65,26.6297,15660975
-8.5066,-0.292093,6.34703,0.0326287,0.921123,-0.0261432,2.89687,46.65,26.6297,15721590
-8.65504,-0.134075,5.8227,0.0864541,1.06834,-0.0362687,3.25898,51.3879,23.1258,15780322
-8.78911,-0.28491,5.10204,0.112434,1.19265,-0.0406653,3.25898,51.3879,23.1258,15852575
-8.94952,-0.158017,4.29759,0.203831,1.27179,-0.0256102,4.70742,56.4902,15.7676,15910342
-9.16021,-0.371101,3.55539,0.114966,1.42647,-0.0198813,4.70742,56.4902,15.7676,15971997
-8.90164,-0.241814,2.6025,0.100577,1.43539,-0.0337373,1.62949,60.317,7.5334,16032910
-8.95431,-0.380678,2.10929,0.154002,1.46524,-0.0638476,1.62949,60.317,7.5334,16090709
-8.99741,-0.500388,0.926556,0.0634051,1.44885,-0.0333377,2.89687,61.2281,-1.05117,16149113
-8.32943,-0.531512,0.201113,0.177318,1.29257,-0.0445291,2.89687,61.2281,-1.05117,16218704
-8.75799,-0.304064,-0.507571,0.105373,1.19971,-0.0739732,4.52637,62.5037,-9.63574,16276290
-8.55448,-0.507571,-1.34794,0.0392903,1.24221,-0.156044,4.52637,62.5037,-9.63574,16334746
-8.52335,-0.371101,-2.10929,0.0879197,1.11977,-0.177094,6.51797,60.8637,-18.2203,16397314
-8.48026,-0.732625,-2.85389,0.0470177,0.974282,-0.135126,6.51797,60.8637,-18.2203,16456980
-8.24084,-0.749385,-3.57694,0.0632719,0.799483,-0.0685107,5.79375,59.7703,-25.2281,16518844
-8.06846,-0.641646,-4.10366,0.00491661,0.671581,-0.0489257,5.79375,59.7703,-25.2281,16589295
-8.29351,-1.03908,-4.97036,0.0678017,0.535951,-0.00509262,6.33691,58.4947,-28.5568,16649517
-8.29112,-1.01993,-4.82192,-0.0542381,0.569525,-0.0102887,6.33691,58.4947,-28.5568,16713758
-7.2688,-1.18992,-5.34864,0.0804587,0.459077,-0.00336063,6.69902,56.6724,-31.36,16772156
-7.60398,-1.17555,-5.67665,0.109503,0.282812,-0.00362709,6.69902,56.6724,-31.36,16830634
-7.57525,-1.12288,-5.73172,0.0620728,0.256032,0.0232856,6.33691,57.7658,-32.0607,16904040
-7.61595,-1.09415,-6.05972,0.12216,0.125466,0.0175567,6.33691,57.7658,-32.0607,16961626
-7.72848,-1.08457,-5.89452,-0.0160007,0.172097,0.0260835,7.06113,55.2146,-33.1119,17019373
-7.53216,-0.979228,-6.07888,0.0407558,0.126931,0.0186225,7.06113,55.2146,-33.1119,17080759
-7.53455,-1.01993,-6.18901,0.0482168,0.0210126,0.0519303,7.42324,55.2146,-34.1631,17139307
-7.58004,-0.988805,-6.00945,0.0177068,0.0271413,0.066186,7.42324,55.2146,-34.1631,17197164
-7.41005,-0.948104,-6.03818,0.0274327,-0.0153595,0.0604571,7.06113,55.5791,-34.8639,17271542
-7.38611,-1.09176,-5.85622,0.00171906,-0.0257515,0.050598,7.06113,55.5791,-34.8639,17332623
-7.39808,-0.945709,-5.9448,0.0359595,-0.148857,0.032745,4.16426,57.4014,-34.1631,17390961
-7.762,-0.952892,-6.11479,0.0258339,-0.269964,0.0768445,4.16426,57.4014,-34.1631,17448703
-7.86016,-0.945709,-5.87297,-0.0542381,-0.343908,0.110019,4.88848,57.7658,-32.7615,17509404
-7.66863,-0.766144,-5.34386,0.00878033,-0.411722,0.0976286,4.88848,57.7658,-32.7615,17578143
-7.8841,-0.725443,-5.03261,0.0151754,-0.549883,0.0853713,5.9748,58.1303,-31.0096,17639254
-8.19774,-0.562637,-4.63517,-0.0156009,-0.595048,0.0908338,5.9748,58.1303,-31.0096,17703156
-8.32703,-0.402226,-4.1707,0.0210376,-0.658733,0.0792427,5.79375,60.4992,-26.2793,17761054
-8.59997,-0.608127,-3.91691,0.0299641,-0.710826,0.0759119,5.79375,60.4992,-26.2793,17818267
-8.44913,-0.577003,-3.45004,0.0174404,-0.800357,0.0508645,5.43164,61.2281,-21.7242,17876748
-8.58321,-0.502782,-2.87783,0.0225031,-0.872036,0.0100957,5.43164,61.2281,-21.7242,17946549
-8.61433,-0.562637,-2.1452,0.0194388,-0.973292,0.00423354,5.06953,61.5926,-15.0668,18007204
-9.22725,-0.665588,-1.14682,-0.0343865,-1.03071,0.0270161,5.06953,61.5926,-15.0668,18070949
-9.18894,-0.610521,-0.253785,-0.115125,-0.924396,-0.00429325,5.79375,63.0504,-8.05898,18128970
-9.44273,-0.505176,0.308852,-0.0361185,-0.928259,0.00769755,5.79375,63.0504,-8.05898,18187061
-9.42118,-0.744596,0.677559,-0.0290573,-0.908275,0.0208874,4.70742,61.957,-0.700781,18249166
-9.39484,-0.344765,1.29047,-0.0205306,-0.861244,0.00156891,4.70742,61.957,-0.700781,18318311
-9.13388,-0.749385,1.55862,-0.0118705,-0.822474,0.0256838,5.79375,61.2281,2.80312,18381541
-9.35175,-0.746991,2.5163,-0.0105382,-0.695638,0.0306133,5.79375,61.2281,2.80312,18442801
-9.52892,-0.627281,2.806,-0.0178659,-0.685779,0.0547282,5.25058,58.8592,8.93496,18500275
-9.3709,-0.737414,2.99036,-0.023062,-0.618097,0.0643208,5.25058,58.8592,8.93496,18557888
-9.57681,-0.632069,3.72298,0.0584756,-0.502319,0.0520635,5.25058,58.1303,13.8404,18630943
-9.40442,-0.536301,3.64158,0.17452,-0.364692,0.0170237,5.25058,58.1303,13.8404,18691374
-9.35654,-0.574608,4.35266,0.0959135,-0.238788,0.0311463,5.43164,56.1258,15.0668,18749304
-9.27274,-0.608127,4.26168,0.169457,-0.250379,0.0500651,5.43164,56.1258,15.0668,18807647
-9.37569,-0.440533,4.50589,0.0540789,-0.176569,0.0509977,3.62109,54.668,17.1691,18866063
-9.44991,-0.37589,4.83868,0.143744,-0.135001,0.0705827,3.62109,54.668,17.1691,18923318
-9.44991,-0.476446,4.47716,0.0733975,-0.0506657,0.0347435,4.88848,54.1213,17.6947,18996370
-9.26077,-0.316035,4.78122,0.000653237,0.111077,-0.0184157,4.88848,54.1213,17.6947,19058369
-9.02614,-0.464475,4.44364,0.0328952,0.161305,-0.0160176,4.70742,53.939,18.2203,19116010
-9.01896,-0.464475,4.59687,0.0678017,0.26296,-0.0409318,4.70742,53.939,18.2203,19174441
-9.21049,-0.361524,4.27604,0.16546,0.322381,-0.0216133,5.25058,53.3924,17.6947,19237302
-9.63427,-0.514753,4.28083,0.127489,0.38993,0.0087634,5.25058,53.3924,17.6947,19295056
-9.96227,-0.581791,4.33111,0.0544786,0.597238,0.00649849,5.06953,57.2191,13.6652,19367030
-9.92157,-0.61531,3.89297,0.0169074,0.792821,-0.0246776,5.06953,57.2191,13.6652,19427912
-9.89045,-0.435745,3.39498,0.0307635,0.979877,-0.0305398,5.79375,58.3125,10.5117,19488854
-9.69651,-0.533907,2.75572,0.0474174,1.10831,-0.00735757,5.79375,58.3125,10.5117,19550201
-9.22007,-0.727837,1.72143,0.0776609,1.14522,-0.0261432,4.34531,61.5926,3.8543,19607989
-9.39484,-0.751779,1.06781,0.0197053,1.08007,0.00556585,4.34531,61.5926,3.8543,19681054
-9.6606,-2.14999,0.732625,0.0747298,1.07234,0.00423354,5.79375,61.5926,-3.50391,19742818
-8.78432,-0.603339,-0.215478,0.0658033,1.15601,-0.0329379,5.79375,61.5926,-3.50391,19802986
-8.70531,-0.45011,-0.931344,0.0398232,1.05036,-0.020281,5.61269,63.2326,-9.28535,19861716
-8.58561,-0.758962,-1.28808,0.288965,1.10765,-0.0221462,5.61269,63.2326,-9.28535,19919153
-8.60236,-0.667982,-2.56898,0.0704664,0.943639,-0.0278752,6.15586,61.2281,-17.1691,19978128
-8.57363,-0.835576,-2.96402,0.0953806,0.800815,0.013693,6.15586,61.2281,-17.1691,20046702
-8.41801,-0.852335,-3.65116,0.00678188,0.722608,0.0331447,6.33691,61.0459,-23.301,20107672
-8.19056,-0.890643,-4.14915,-0.0342533,0.647732,0.0144924,6.33691,61.0459,-23.301,20168703
-8.38928,-0.658405,-4.49152,-0.106731,0.625483,0.000902757,6.69902,60.317,-27.1553,20226263
-7.86734,-0.682347,-4.80756,-0.0828827,0.5157,-0.0109548,6.69902,60.317,-27.1553,20284172
-7.90326,-0.663194,-5.26485,0.0296976,0.336238,-0.00669141,5.25058,59.2236,-29.2576,20342355
-7.96311,-0.775721,-5.00627,0.0992443,0.257631,-0.00122893,5.25058,59.2236,-29.2576,20414844
-8.04451,-0.814028,-5.16669,0.0209044,0.237647,0.00689816,5.79375,57.5836,-31.1848,20472239
-7.89368,-0.761356,-5.55694,-0.00201139,0.158774,0.0238185,5.79375,57.5836,-31.1848,20530693
-7.78115,-0.648829,-5.3654,0.0827236,0.104282,0.0364755,7.78535,57.0369,-32.7615,20592031
-7.98945,-0.754173,-5.43244,0.0847221,0.0392653,0.0551279,7.78535,57.0369,-32.7615,20649619
-8.02536,-0.68953,-5.45638,0.0586088,0.0452607,0.0507312,5.9748,57.0369,-30.6592,20722577
-7.90805,-0.761356,-5.50427,0.0753959,0.00435876,0.0503315,5.9748,57.0369,-30.6592,20784324
-7.92241,-0.778115,-5.4085,0.0492826,0.0136849,0.0422044,6.88008,56.4902,-32.2359,20844368
-8.02776,-0.797269,-5.5306,0.0666027,-0.018557,0.0571263,6.88008,56.4902,-32.2359,20905189
-7.90805,-0.684741,-5.70059,0.0444863,-0.0461359,0.0403392,5.61269,57.7658,-32.4111,20962724
-7.91523,-0.656011,-5.42526,0.0480835,-0.0865049,0.0348767,5.61269,57.7658,-32.4111,21020057
-8.02057,-0.677559,-5.3271,0.0471509,-0.157251,0.0126271,5.43164,56.4902,-30.8344,21095089
-7.97029,-0.799663,-5.39653,0.0527466,-0.191891,0.0222198,5.43164,56.4902,-30.8344,21153349
-7.9248,-0.6608,-5.15471,0.0560774,-0.28875,-0.00229478,6.51797,60.4992,-30.1336,21213538
-7.75721,-0.770933,-5.08049,0.055278,-0.44543,-0.00176184,6.51797,60.4992,-30.1336,21274544
-7.7213,-0.730231,-4.93445,0.0407558,-0.66273,-0.00855665,7.24219,60.1347,-26.9801,21332109
-7.57046,-0.768538,-4.36463,0.0307635,-0.85738,-0.00602525,7.24219,60.1347,-26.9801,21405194
-7.78115,-0.6608,-3.23217,0.102708,-1.15848,0.0031677,6.69902,62.5037,-21.549,21466867
-7.94635,-0.694318,-2.00634,0.102975,-1.23283,0.00196862,6.69902,62.5037,-21.549,21524169
-8.81066,-0.758962,-1.21625,0.182247,-1.29997,0.0442029,5.9748,60.317,-13.49,21582581
-8.72447,-0.61531,-0.184353,0.00891355,-1.20591,0.0378078,5.9748,60.317,-13.49,21641883
-8.94234,-0.548272,0.071826,0.227279,-1.44107,0.0889686,4.70742,62.6859,-3.50391,21701329
-9.13148,-1.0726,1.62806,0.0363592,-1.23749,0.121477,4.70742,62.6859,-3.50391,21774851
-9.34935,-0.584185,2.28646,0.240736,-1.24508,0.173437,5.9748,59.5881,6.48223,21836647
-9.31823,-0.651223,3.05979,0.192373,-1.08121,0.180232,5.9748,59.5881,6.48223,21895458
-9.16261,-0.507571,3.5506,0.183446,-1.03218,0.133601,5.06953,58.6769,11.2125,21953949
-8.69813,-0.624887,3.96719,0.131087,-0.983817,0.0860375,5.06953,58.6769,11.2125,22012508
-8.2983,-0.320823,4.61123,0.116698,-0.958903,0.0144924,5.06953,55.0324,17.5195,22071191
-8.6263,-0.730231,5.07571,0.175586,-0.947045,0.0364755,5.06953,55.0324,17.5195,22147512
-8.54969,-0.351948,5.93283,0.021304,-0.803022,0.0323453,2.17266,50.2945,23.1258,22205158
-8.66461,-0.342371,6.17943,0.028765,-0.734941,0.0795092,2.17266,50.2945,23.1258,22262860
-8.53532,-0.155623,6.53378,-0.0266592,-0.632353,0.11788,4.34531,46.2855,26.9801,22321060
-8.37492,-0.366313,7.07965,0.00798094,-0.507382,0.152786,4.34531,46.2855,26.9801,22379686
-8.25281,-0.258574,7.30471,0.0574097,-0.27969,0.112151,1.9916,45.7389,28.2064,22437401
-8.14986,-0.241814,7.32626,0.0171739,-0.0585264,0.0621891,1.9916,45.7389,28.2064,22510324
-7.67102,-0.0646434,7.45315,-0.000412643,0.0625808,0.0200881,2.35371,44.6455,30.6592,22568111
-7.81228,-0.248997,7.1012,0.0162413,0.0773695,0.00290123,2.35371,44.6455,30.6592,22628042
-7.89368,-0.308852,7.35977,-0.019065,0.206071,0.000103384,3.80215,44.281,29.2576,22685482
-7.68538,-0.059855,7.26161,0.0146425,0.321849,-0.0348032,3.80215,44.281,29.2576,22743540
-7.83383,-0.177171,7.0174,0.066203,0.418441,-0.0418644,2.71582,44.6455,27.856,22802103
-8.23605,-0.301669,7.19218,0.0931157,0.608296,-0.0369349,2.71582,44.6455,27.856,22873071
-8.65743,-0.153229,6.75883,0.0360928,0.674911,-0.0422641,3.80215,48.6545,27.5057,22931611
-8.73165,-0.493205,6.32069,0.018373,0.773369,-0.0314724,3.80215,48.6545,27.5057,22990132
-8.63588,-0.608127,6.08606,-0.0678276,1.01132,-0.0789027,4.70742,50.2945,23.1258,23048010
-9.1243,-0.651223,5.27203,-0.0395826,1.06355,-0.032405,4.70742,50.2945,23.1258,23109409
-8.76038,-0.648829,5.06613,-0.101668,1.34267,-0.0591845,5.9748,55.5791,16.9939,23181455
-8.84179,-0.557849,3.53863,-0.0619654,1.29897,-0.0325382,5.9748,55.5791,16.9939,23242571
-8.65264,-0.902614,2.98078,-0.221177,1.49948,-0.0610497,6.33691,59.2236,8.93496,23303435
-8.93037,-1.00796,1.8172,-0.224108,1.41181,-0.0622488,6.33691,59.2236,8.93496,23361296
-8.61433,-1.24738,1.26174,-0.10873,1.20237,-0.028941,5.9748,63.9615,0.525586,23418726
-9.75876,-1.16598,2.85149,-0.31737,1.88545,-0.249172,5.9748,63.9615,0.525586,23477141
-8.51617,-0.653617,-0.890643,0.249662,2.08237,-0.0466608,8.69062,61.957,-10.5117,23550052
-8.31506,-1.09415,-1.25456,0.0556777,0.885949,-0.133528,8.69062,61.957,-10.5117,23607488
-8.46111,-1.28329,-2.53306,0.498272,1.20104,-0.154978,9.59589,62.1392,-20.1475,23666219
-8.60476,-1.56341,-3.50511,-0.284994,0.975747,-0.167102,9.59589,62.1392,-20.1475,23724575
-7.91044,-1.13006,-3.66792,-0.0502411,1.08433,-0.032405,10.3201,59.5881,-27.1553,23782111
-7.80749,-1.42694,-4.4987,0.18691,0.783761,-0.0835658,10.3201,59.5881,-27.1553,23840380
-7.50582,-1.66397,-4.79798,-0.0844815,0.887415,-0.0545214,11.0443,57.4014,-32.0607,23915585
-7.36217,-1.6089,-5.60722,0.147074,0.513435,-0.0354694,11.0443,57.4014,-32.0607,23973891
-7.28316,-1.75016,-5.64552,0.0415552,0.56846,0.0218201,11.0443,56.308,-33.1119,24037446
-7.28316,-1.76692,-6.00705,0.185312,0.434296,0.011961,11.0443,56.308,-33.1119,24095660
-6.93121,-1.70228,-6.24647,0.195304,0.367947,0.0803086,11.0443,54.8502,-36.2654,24154170
-6.936,-1.88902,-6.38773,0.105906,0.179291,0.120011,11.0443,54.8502,-36.2654,24219123
-6.96234,-1.76692,-6.57687,0.0915169,0.125732,0.0801753,10.5012,56.1258,-37.8422,24289078
-6.85939,-1.75255,-6.32787,0.0660697,0.112409,0.0426041,10.5012,56.1258,-37.8422,24350189
-6.99346,-1.76213,-6.20337,0.0368921,0.0516558,-0.0210804,10.8633,54.3035,-38.543,24411915
-7.18021,-1.70946,-6.42125,-0.0554371,0.0192806,-0.0332044,10.8633,54.3035,-38.543,24469693
-7.08684,-1.57299,-6.43322,0.0334281,-0.0497331,-0.0232121,13.398,55.0324,-37.1414,24530005
-7.13472,-1.65439,-6.10761,-0.0233284,-0.0405402,-0.0221462,13.398,55.0324,-37.1414,24604498
-7.14669,-1.64482,-6.33984,0.033961,-0.154186,-0.00122893,11.2254,54.668,-38.1926,24663858
-7.16584,-1.66397,-6.30633,0.0698002,-0.173238,0.0180896,11.2254,54.668,-38.1926,24722268
-7.1419,-1.71664,-6.15788,0.0536792,-0.24918,0.0348767,11.4064,55.5791,-36.2654,24784376
-7.09162,-1.81241,-6.12197,0.0582091,-0.333516,0.0451355,11.4064,55.5791,-36.2654,24842260
-7.10838,-1.66876,-5.91128,0.0791264,-0.420782,0.0664525,10.8633,55.3969,-33.9879,24907579
-7.12993,-1.63284,-5.75327,0.0440866,-0.620229,0.0861707,10.8633,55.3969,-33.9879,24976632
-7.45075,-1.57778,-5.17387,0.127356,-0.732809,0.151454,11.4064,58.8592,-30.6592,25036560
-7.48188,-1.61848,-4.68306,-0.0382503,-0.904811,0.16984,11.4064,58.8592,-30.6592,25095645
-7.75003,-1.51792,-3.77565,-0.0608996,-1.01193,0.14759,10.1391,60.1347,-26.2793,25153125
-8.10916,-1.43413,-3.20105,-0.0442456,-1.03991,0.150388,10.1391,60.1347,-26.2793,25212178
-8.95431,-1.17795,-2.16915,-0.0383835,-1.03098,0.133335,9.41484,60.4992,-18.9211,25273243
-8.98065,-1.29526,-1.88424,0.134551,-1.10532,0.0996271,9.41484,60.4992,-18.9211,25374794
-9.17218,-1.31442,-0.620098,-0.0539716,-1.04044,0.131469,9.41484,60.4992,-18.9211,25432593
-9.28232,-1.1157,-0.0167594,0.167592,-1.13796,0.145592,9.41484,60.4992,-18.9211,25489952
-9.10036,-1.01514,0.945709,0.247397,-0.943448,0.168108,8.50957,63.2326,-4.37988,25556720
-9.39724,-0.742202,1.43413,0.253393,-0.907609,0.284419,8.50957,63.2326,-4.37988,25614959
-9.30626,-0.873883,1.60651,0.522253,-0.891354,0.227263,6.88008,61.2281,1.40156,25685650
-9.11233,-0.711078,2.66953,1.17042,-0.216805,0.143327,3.9832,60.1347,5.60625,25747795
-9.33738,-0.349553,2.18112,0.131886,-0.432373,0.163711,3.9832,60.1347,5.60625,25805899
-9.54568,-0.600945,3.25611,-0.328694,-0.54482,0.158382,3.9832,60.1347,5.60625,25865912
-9.37569,-0.299275,3.60088,-0.098604,-0.271696,0.114149,3.62109,57.948,9.46054,25930159
-9.78749,-0.122104,3.36146,0.0364924,-0.396667,0.10389,3.62109,57.948,9.46054,25987640
-9.53371,-0.169988,3.89058,0.0567436,-0.413454,0.100027,2.89687,57.5836,13.3148,26059062
-9.43076,-0.237026,4.2928,0.180915,-0.220003,0.112417,1.08633,55.0324,14.366,26118492
-9.7444,-0.263362,4.08451,0.066203,-0.188294,0.0867036,1.08633,55.0324,14.366,26176011
-9.80425,-0.241814,4.38378,-0.0840818,-0.0948985,0.0925658,1.08633,55.0324,14.366,26237822
-9.92157,-0.0287304,4.46519,0.0398232,0.0637799,0.0764448,1.08633,55.0324,14.366,26296241
-9.60553,-0.035913,4.20422,0.155068,0.0689759,0.0611233,1.08633,55.0324,14.366,26353795
-9.66299,-0.203507,4.52265,0.0652704,0.110677,0.0202213,3.9832,55.3969,12.9645,26427129
-9.79467,0.0742202,4.22816,-0.0782197,0.249771,-0.00602525,2.17266,57.2191,13.6652,26484569
-9.89762,0.083797,4.25928,0.0735307,0.364083,-0.0170834,2.17266,57.2191,13.6652,26544812
-9.84016,-0.0191536,3.95522,0.126823,0.478528,-0.0118874,1.9916,57.0369,13.1396,26609062
-9.93114,-0.047884,3.82833,0.088719,0.577786,-0.00575878,1.9916,57.0369,13.1396,26666748
-9.67018,-0.0861912,3.29442,0.167325,0.630679,-0.0156179,1.9916,57.0369,13.1396,26727668
-9.83059,-0.141258,3.22259,0.163462,0.658391,-0.0471937,1.81055,57.948,8.40937,26800591
-9.87368,-0.177171,2.7653,0.32627,0.684504,-0.0653131,1.44844,61.957,5.25586,26859847
-9.89284,-0.256179,2.33913,0.289498,0.688368,-0.0968889,1.44844,61.957,5.25586,26921144
-9.60075,-0.263362,1.82678,0.20916,0.65426,-0.0942243,2.89687,61.5926,0.700781,26980048
-9.09078,-0.277727,1.38385,-0.043846,0.499712,-0.0621156,2.89687,61.5926,0.700781,27038838
-8.89685,-0.641646,0.596156,-1.1863,0.296402,0.0207542,2.89687,61.5926,0.700781,27097196
-8.916,-0.505176,0.852335,-1.74228,1.74223,0.204746,3.80215,62.8682,-0.525586,27170724
-9.20331,0.31364,-0.720654,1.49084,0.966288,-0.0626485,3.44004,62.8682,-8.23418,27229110
-8.74841,-0.749385,-0.694318,0.262053,0.979611,-0.149249,3.44004,62.8682,-8.23418,27290725
-9.10514,-0.560243,-1.18274,-0.274203,1.24807,-0.151247,5.61269,61.7748,-17.3443,27349305
-8.90164,-0.272939,-1.87227,0.631769,1.12696,-0.194414,5.61269,61.7748,-17.3443,27408491
-8.73165,-0.756567,-3.10528,0.227279,0.92885,-0.163638,5.61269,61.7748,-17.3443,27481629
-8.07325,-1.22104,-3.50511,0.291364,0.979877,-0.167368,7.42324,59.9525,-22.9506,27540570
-7.49146,-1.31202,-4.3766,0.135217,0.752585,-0.178826,7.24219,60.1347,-28.3816,27603529
-7.99663,-1.59214,-4.8722,0.113633,0.591242,-0.210135,7.24219,60.1347,-28.3816,27662245
-7.82186,-1.62806,-5.06613,-0.0118705,0.617488,-0.22106,9.958,56.308,-31.7103,27719815
-7.46272,-1.52271,-5.13317,0.0133102,0.472533,-0.224791,9.958,56.308,-31.7103,27778751
-7.68778,-1.53468,-5.29837,0.162129,0.402453,-0.137791,13.0359,56.8547,-32.9367,27847888
-7.62792,-1.74777,-6.06691,0.152004,0.36395,-0.0449288,13.0359,56.8547,-32.9367,27905526
-7.1826,-2.00395,-5.74129,0.0841892,0.326378,-0.0567864,13.217,55.5791,-35.2143,27967699
-7.185,-2.05183,-6.21535,0.00651538,0.224856,-0.0549211,13.217,55.5791,-35.2143,28025190
-7.15866,-1.92015,-6.14831,-0.0394494,0.158507,-0.0399992,13.217,55.5791,-35.2143,28087148
-7.20176,-1.90818,-6.19619,-0.0299899,0.106547,0.00836371,13.217,55.5791,-35.2143,28145048
-7.05092,-1.88184,-6.33745,-0.123918,0.0180816,0.001036,11.0443,54.4857,-37.3166,28213786
-7.18021,-1.71185,-6.53378,0.0550115,-0.0567944,0.00689816,11.0443,54.4857,-37.3166,28276270
-7.17303,-1.68552,-6.27281,0.0338278,-0.0591925,0.0342106,11.2254,53.5746,-37.1414,28334967
-7.33823,-1.79565,-5.82988,-0.0405152,-0.0388081,0.0299472,11.2254,53.5746,-37.1414,28392460
-7.32147,-1.77171,-6.41646,0.0496823,-0.102759,0.0580589,11.2254,53.5746,-37.1414,28454355
-7.31907,-1.8986,-5.94241,-0.0510404,-0.107422,0.0472672,11.9496,55.0324,-35.7398,28523347
-7.42681,-1.74058,-5.98071,-0.0871461,-0.150589,0.059258,10.6822,56.308,-36.6158,28583992
-7.33823,-1.59214,-5.97593,0.0161081,-0.27063,0.103491,10.6822,56.308,-36.6158,28648143
-7.28555,-1.52032,-5.75087,0.0354266,-0.358563,0.0981615,9.958,58.4947,-34.8639,28705755
-7.33344,-1.43173,-5.63595,0.0556777,-0.544287,0.125074,9.958,58.4947,-34.8639,28763339
-7.3885,-1.54187,-6.07409,0.0506149,-0.0298816,0.275093,9.958,58.4947,-34.8639,28821537
-6.85699,-0.629675,-4.97276,-0.0848812,-0.972626,0.137864,10.1391,57.2191,-32.2359,28891445
-7.96551,-0.497994,-3.60806,0.168258,-0.963832,0.356896,10.1391,57.2191,-32.2359,28951802
-7.91283,-1.08218,-2.77009,-0.0402487,-0.962766,0.313996,10.1391,57.2191,-32.2359,29010224
-8.11874,-0.361524,-2.87783,-0.0118705,-1.11199,0.23952,10.1391,57.2191,-32.2359,29068606
-7.83861,-0.742202,-2.05422,0.0380912,-1.32209,0.184895,7.42324,61.4103,-18.3955,29126469
-8.73644,-0.816422,-1.44131,0.259921,-1.52287,0.172904,7.42324,61.4103,-18.3955,29188241
-9.2081,-0.849941,0.138864,0.243534,-1.33595,0.226863,6.33691,62.8682,-9.63574,29257085
-8.82024,-0.703895,0.600945,0.220884,-1.25055,0.258305,6.33691,62.8682,-9.63574,29321275
-9.68454,-0.531512,1.50835,0.222616,-1.24415,0.227529,4.70742,62.6859,-0.700781,29382320
-9.8258,-0.213084,2.17154,-0.0124035,-1.15275,0.110952,4.70742,62.6859,-0.700781,29440495
-9.17937,-0.430956,2.85868,0.0809916,-1.12504,0.122943,3.62109,59.0414,5.60625,29499132
-9.11712,-0.399832,3.66792,0.141745,-1.0503,0.200616,3.62109,59.0414,5.60625,29557858
-9.15063,-0.222661,4.22337,0.136149,-0.918401,0.19169,2.71582,57.4014,14.5412,29630740
-8.84179,-0.294487,4.96797,0.151204,-0.808618,0.238054,2.71582,57.4014,14.5412,29688655
-9.44512,0.402226,5.53539,0.134817,-0.571733,0.165044,2.71582,57.4014,14.5412,29753030
-8.64307,0.533907,5.53779,-0.012137,-0.620095,0.129071,2.71582,57.4014,14.5412,29812805
-8.59518,0.146046,6.35421,0.0324955,-0.421448,0.208877,2.71582,57.4014,14.5412,29871316
-8.64307,0.258574,6.17464,-0.0100053,-0.359096,0.18716,2.71582,57.4014,14.5412,29933341
-8.66222,0.378284,6.72771,0.0757956,-0.157784,0.120011,-1.26738,47.9256,24.3521,30005749
-8.97346,0.533907,6.78756,0.0555445,-0.0300149,0.0579257,-0.543164,47.9256,26.1041,30063404
-8.73883,0.572214,6.91445,0.0705996,0.132261,0.00596556,-0.543164,47.9256,26.1041,30122301
-8.75559,0.332794,6.58166,0.145609,0.329842,0.01316,-0.543164,47.9256,26.1041,30180846
-9.2895,0.629675,6.44758,0.178917,0.481326,-0.03467,-0.543164,47.9256,26.1041,30238460
-8.86333,0.521936,6.34463,0.101642,0.675711,-0.0575857,-0.543164,47.9256,26.1041,30310944
-8.7963,0.270545,5.89931,-0.00614157,0.906467,-0.0513238,-2.17266,51.7523,22.425,30369540
-8.99741,0.294487,5.47075,-0.0902105,0.983741,-0.129264,1.08633,52.1168,16.8187,30428675
-9.23683,0.562637,4.87699,-0.0654294,1.19864,-0.137658,1.08633,52.1168,16.8187,30486130
-8.88248,0.26815,3.77326,0.0334281,1.31402,-0.085431,1.08633,52.1168,16.8187,30544519
-9.33499,0.229843,3.03345,0.0913837,1.32628,-0.0907603,1.08633,57.5836,10.8621,30605727
-9.19613,0.112527,2.3942,-0.0269256,1.2971,-0.123269,0.543164,59.9525,2.62793,30676099
-9.16261,0.0071826,1.75016,-0.0168001,1.2975,-0.161773,0.543164,59.9525,2.62793,30736764
-8.7532,-0.0550666,0.758962,-0.0265259,1.33827,-0.201742,0.543164,59.9525,2.62793,30795478
-9.2464,-0.107739,0.122104,-0.000545859,1.31335,-0.206139,1.9916,60.6814,-5.43105,30853089
-8.76756,-0.205901,-0.447716,0.0347604,1.34387,-0.263028,1.9916,60.6814,-5.43105,30914621
-8.44435,-0.179565,-1.48201,0.0695337,1.33374,-0.222792,3.44004,61.4103,-14.5412,30972376
-7.95354,-0.337582,-2.87304,0.061007,1.06661,-0.191217,3.44004,61.4103,-14.5412,31045872
-8.74123,-0.943315,-3.21062,0.12629,0.902204,-0.2565,3.44004,61.4103,-14.5412,31106872
-7.99663,-0.806846,-3.95761,0.0859212,0.804812,-0.30806,3.44004,61.4103,-14.5412,31164330
-7.96072,-1.20428,-4.11084,0.0519472,0.716346,-0.287676,8.87168,59.5881,-27.1553,31224241
-8.02297,-1.28329,-4.64714,0.0616731,0.651996,-0.314988,8.87168,59.5881,-27.1553,31282755
-7.75721,-1.56341,-4.87699,0.011445,0.598969,-0.226789,10.6822,60.317,-32.0607,31340390
-7.42681,-1.71904,-5.2002,0.0123776,0.536617,-0.162305,10.8633,55.7613,-33.6375,31416772
-7.4723,-1.82917,-5.65031,-0.00201139,0.395525,-0.116874,10.8633,55.7613,-33.6375,31474247
-7.36217,-1.85551,-5.93283,-0.135509,0.315054,-0.106615,10.8633,55.7613,-33.6375,31531914
-7.41484,-1.70467,-5.93522,-0.121253,0.353824,-0.200943,10.8633,57.5836,-36.4406,31590232
-7.08205,-1.82678,-6.38773,0.132819,0.347962,-0.0908935,10.8633,57.5836,-36.4406,31651532
-6.88333,-1.83156,-6.39491,0.1568,0.0747048,0.034477,12.6738,54.3035,-37.4918,31724393
-6.83544,-1.82438,-6.44758,0.176252,-0.00883113,0.0696501,12.4928,55.2146,-38.0174,31786773
-7.09881,-2.08774,-6.35421,0.464165,0.0584506,0.0247511,12.4928,55.2146,-38.0174,31844453
-7.09162,-2.1883,-6.58166,0.246598,0.0146176,0.0440697,12.4928,55.2146,-38.0174,31902215
-6.89051,-2.37984,-6.29675,-0.0060083,0.0198136,0.0560605,13.398,53.5746,-36.791,31960943
-6.93361,-2.0662,-6.29914,0.093915,0.0199468,0.0765781,13.398,53.5746,-36.791,32023060
-7.15148,-2.14281,-6.33984,0.0919166,-0.0951649,0.067918,13.0359,53.939,-38.1926,32094471
-7.37174,-2.00395,-6.03578,-0.0441124,-0.0669199,0.0969625,13.0359,53.939,-38.1926,32153041
-7.15148,-1.99916,-6.04057,0.00558278,-0.0718495,0.103224,13.0359,53.939,-38.1926,32211693
-7.24485,-2.03747,-6.02381,0.0442199,-0.136999,0.0600574,13.0359,53.939,-38.1926,32270527
-7.24964,-1.98958,-5.95677,-0.0644968,-0.156451,0.0565934,13.7602,54.668,-37.1414,32333057
-7.27837,-1.80762,-5.84185,-0.0892778,-0.155652,0.0211539,13.7602,54.668,-37.1414,32392041
-7.24006,-1.74298,-5.78678,-0.188935,-0.331784,0.0195551,11.2254,55.7613,-36.791,32465681
-7.26161,-1.67355,-5.68144,-0.191466,-0.450892,0.0380743,10.6822,56.308,-33.4623,32530922
-7.15627,-1.67355,-5.54497,-0.101402,-0.618497,0.0640543,10.6822,56.308,-33.4623,32589077
-7.37414,-1.46765,-5.09246,-0.0382503,-0.808485,0.0585919,10.6822,56.308,-33.4623,32647305
-7.57765,-1.45567,-4.60405,0.149606,-0.886958,0.142794,10.6822,56.308,-33.4623,32709274
-7.82904,-1.21386,-3.8379,0.233941,-0.860978,0.215805,10.6822,56.308,-33.4623,32780427
-8.01818,-1.3623,-2.69348,0.198368,-0.995275,0.266566,9.958,61.4103,-25.0529,32838681
-8.23126,-1.34794,-1.82199,0.192773,-1.19765,0.292679,8.14746,61.7748,-17.3443,32896938
-8.88248,-1.05824,-1.29766,0.175319,-1.2275,0.26963,8.14746,61.7748,-17.3443,32954732
-9.00938,-1.46286,-0.459687,0.0420881,-1.26214,0.282687,8.14746,61.7748,-17.3443,33012416
-8.72926,-0.83797,0.150835,0.121627,-1.24482,0.316927,6.33691,61.7748,-8.58457,33070363
-8.75799,-0.505176,0.787692,0.249396,-1.2644,0.371685,5.25058,61.4103,0.525586,33141804
-9.80665,-0.744596,1.18274,0.347188,-1.66543,0.122943,5.25058,61.4103,0.525586,33199435
-9.6606,-0.342371,2.5594,-0.690017,-1.18113,0.264701,5.25058,61.4103,0.525586,33260641
-9.96706,-0.955286,4.19464,0.0328952,-0.394802,0.16531,3.62109,58.3125,9.81094,33318165
-10.24,-0.687136,3.24893,0.146408,-0.481802,0.182497,3.62109,58.3125,9.81094,33380693
-9.4978,-0.430956,4.47237,0.255258,-0.503252,0.150921,3.07793,57.4014,12.0885,33438460
-8.90403,0.0430956,3.97437,0.0788599,-0.67552,0.0885689,2.35371,54.1213,16.2932,33512424
-9.03811,0.083797,4.48913,0.104973,-0.770914,0.0992274,2.35371,54.1213,16.2932,33573370
-8.59279,0.189142,4.39815,0.139214,-0.682448,0.175169,2.35371,54.1213,16.2932,33632138
-9.25837,-0.0790086,6.3159,0.29123,-0.504451,0.280688,0.905273,50.8412,19.0963,33696088
-8.2169,0.23942,5.80354,0.0205047,-0.429575,0.162113,0.905273,50.8412,19.0963,33753758
-8.916,0.208295,6.47153,-0.0433131,-0.506183,0.0619226,0.543164,47.9256,22.2498,33811364
-8.78911,0.672771,5.76045,-0.00467601,-0.37988,0.0111616,2.17266,46.2855,26.2793,33885905
-8.51138,0.416591,6.51462,0.142278,-0.0505325,0.0663193,2.17266,46.2855,26.2793,33943881
-8.31985,0.234632,6.42125,0.124825,0.0513894,0.0760452,2.17266,46.2855,26.2793,34001816
-8.45153,0.26815,6.70616,0.0326287,0.191282,0.0279487,2.17266,46.2855,26.2793,34066085
-8.45153,0.380678,6.36139,-0.0136025,0.28934,-0.0397327,2.17266,46.2855,26.2793,34123988
-8.73165,0.47884,5.94001,0.0853883,0.325046,-0.09982,0.724219,46.65,25.2281,34181394
-8.94473,0.265756,6.40688,0.0860544,0.602167,-0.0770375,0.724219,51.0234,23.4762,34256474
-8.42998,0.117316,5.63116,0.0919166,0.6468,-0.0366684,0.724219,51.0234,23.4762,34314311
-8.60955,0.143652,5.24091,-0.0405152,0.676377,-0.0421309,0.724219,51.0234,23.4762,34371595
-8.97586,-0.0263362,5.19063,0.0315629,0.812672,-0.0582519,0.724219,51.0234,23.4762,34435204
-9.0812,0.0861912,4.52504,-0.136442,0.877822,-0.120471,0.724219,51.0234,23.4762,34493004
-9.41639,-0.196324,4.08211,-0.081284,0.881686,-0.136325,2.17266,54.668,15.4172,34567095
-9.16979,0.100556,4.39815,-0.123785,1.19105,-0.0968889,2.71582,58.4947,9.98613,34629786
-9.48582,-0.0287304,2.45645,-0.16895,1.16134,-0.115941,2.71582,58.4947,9.98613,34688377
-9.20331,-0.196324,2.40617,-0.314572,1.16853,-0.111544,3.80215,61.0459,3.32871,34749196
-9.14824,-0.56982,2.29125,-0.474316,1.3456,-0.0860972,3.80215,61.0459,3.32871,34808610
-8.916,-0.466869,-0.335188,-0.369596,1.06821,-0.104883,4.34531,63.0504,-3.15351,34866359
-8.9998,-0.395043,0.105345,0.123093,1.06621,-0.100619,4.34531,63.0504,-3.15351,34943299
-8.87291,-0.732625,-0.842759,0.221151,1.17053,-0.0930252,6.15586,61.2281,-10.5117,35001486
-8.40843,-0.687136,-1.3216,0.31841,1.23475,-0.0931585,6.15586,61.2281,-10.5117,35060242
-8.41322,-0.861912,-2.42533,0.358645,1.02704,-0.118472,8.32851,62.6859,-19.6219,35118256
-8.29591,-1.12049,-3.0981,0.487746,0.892611,-0.236382,8.32851,62.6859,-19.6219,35176947
-8.8346,-1.64003,-3.21781,-0.0149348,0.971217,-0.235849,8.32851,62.6859,-19.6219,35234688
-7.77397,-1.45089,-4.42688,0.169324,0.786293,-0.1691,8.32851,62.6859,-19.6219,35311166
-7.62314,-1.78368,-4.34547,-0.0659624,0.719411,-0.196413,12.6738,58.6769,-30.1336,35368942
-7.70454,-1.48201,-5.09486,0.109903,0.563264,-0.154045,12.6738,58.6769,-30.1336,35428840
-7.55849,-1.84593,-5.45878,-0.011604,0.460276,-0.0919594,12.3117,57.2191,-33.6375,35487356
-7.37653,-1.68312,-5.43723,0.112434,0.48026,-0.0266761,12.3117,57.2191,-33.6375,35545269
-7.23767,-1.90578,-6.09085,0.120961,0.252302,0.00942956,13.398,55.3969,-33.6375,35607571
-7.31428,-1.99437,-5.91607,-0.000146151,0.283744,0.0544617,13.398,55.3969,-33.6375,35676430
-7.11557,-1.85072,-6.08366,0.126956,0.142519,0.06099,12.6738,55.3969,-35.039,35734133
-7.33344,-1.96324,-6.11239,-0.0724907,0.190483,0.0525965,12.6738,55.3969,-35.039,35791702
-7.22809,-1.7741,-6.11,-0.0493084,0.129196,0.0400727,12.6738,55.3969,-35.039,35850278
-7.23288,-1.74777,-6.16986,-0.0355857,0.122135,0.0290146,12.6738,55.3969,-35.039,35907735
-7.0174,-1.70946,-5.88255,-0.131379,0.0866956,0.0199548,12.6738,55.3969,-35.039,35983069
-7.56328,-1.74298,-6.29196,-0.0630312,0.0504568,-0.00988896,10.3201,54.1213,-36.2654,36042180
-7.20176,-1.50116,-6.33506,0.0326287,0.0480586,0.0118277,10.6822,54.8502,-36.9662,36099931
-7.27119,-1.55384,-5.92325,-0.0419808,0.0100877,0.0180896,10.6822,54.8502,-36.9662,36162166
-7.15866,-1.64721,-6.09803,-0.00960556,-0.0834406,0.0192887,10.6822,54.8502,-36.9662,36220006
-6.9767,-1.4437,-6.26562,0.0951141,-0.213208,0.04367,10.1391,55.7613,-37.1414,36280611
-7.31428,-1.58257,-6.05254,0.086987,-0.251179,0.0647205,11.7686,54.8502,-35.5646,36353331
-7.07965,-1.7358,-5.7796,-0.0281247,-0.420915,0.0591248,11.7686,54.8502,-35.5646,36410836
-6.77798,-1.53468,-5.94241,0.058742,-0.700168,0.0428706,10.8633,56.8547,-30.8344,36470904
-7.43399,-1.46286,-5.18344,0.03969,-0.817544,0.0772442,10.8633,56.8547,-30.8344,36531667
-7.93199,-1.35272,-4.40533,0.179183,-0.924263,0.168508,10.8633,56.8547,-30.8344,36589721
-7.71172,-1.42694,-3.7565,0.266316,-1.03498,0.161047,10.8633,56.8547,-30.8344,36650401
-8.60955,-1.34794,-3.00233,0.0459518,-0.916135,0.128538,11.2254,60.1347,-18.5707,36721884
-9.04529,-1.30484,-2.49955,0.224615,-0.960635,0.236322,11.2254,60.1347,-18.5707,36779539
-8.88967,-1.42694,-1.71425,0.0997772,-0.943581,0.137864,11.2254,60.1347,-18.5707,36836889
-8.87291,-1.20189,-0.909797,-0.75983,-1.08574,0.0395398,11.2254,60.1347,-18.5707,36900667
-8.60476,-0.667982,-2.36308,0.566886,-0.76705,0.164777,11.2254,60.1347,-18.5707,36961710
-9.29668,-0.560243,0.213084,0.198235,-0.825005,0.110286,7.06113,62.1392,-7.88379,37032722
-8.59518,-0.988805,0.435745,0.136149,-1.0968,0.108554,6.15586,61.957,-0.700781,37095052
-8.27197,-0.907402,0.85473,0.147207,-1.31676,0.219935,6.15586,61.957,-0.700781,37152984
-9.17458,-0.682347,3.23935,-0.0281247,-0.976356,0.191956,4.52637,61.0459,7.5334,37210522
-9.10994,-0.502782,2.12366,0.223283,-1.27533,0.172105,4.52637,61.0459,7.5334,37268810
-9.73482,-0.55306,4.81234,0.0756624,-0.990478,0.197818,4.52637,61.0459,7.5334,37330438
-9.20091,-0.816422,3.4285,-0.00574189,-0.960768,0.198884,4.52637,61.0459,7.5334,37402108
-8.84657,-0.505176,4.10605,0.0912504,-0.942915,0.18223,4.70742,53.5746,19.2715,37464241
-8.97346,-0.318429,5.33189,0.0456854,-0.741736,0.202482,4.70742,53.5746,19.2715,37521934
-8.89925,-0.320823,5.6575,0.0931157,-0.607172,0.124142,2.53477,47.7433,22.0746,37579923
-9.22725,0.023942,6.20816,-0.0935412,-0.529765,0.0905674,2.53477,47.7433,22.0746,37638388
-8.61673,0.035913,5.95917,0.0278324,-0.401197,0.0212871,3.07793,49.0189,25.4033,37704265
-8.4204,0.00957681,6.00705,0.201966,-0.519106,0.0946975,3.07793,49.0189,25.4033,37774933
-7.90565,-0.320823,6.58884,0.347587,-0.432506,0.075379,0.724219,45.5566,29.0824,37836388
-8.02776,0.0502782,7.20176,0.150805,-0.110886,0.0408721,0.724219,45.5566,29.0824,37894513
-7.7213,0.213084,6.67264,0.134684,-0.0477346,-0.0117542,2.35371,44.6455,28.2064,37951993
-7.78115,0.402226,7.36456,0.146275,0.132527,-0.0491922,2.35371,44.6455,28.2064,38013870
-7.81707,0.14844,6.44519,0.0272995,0.112143,-0.0463943,0.362109,45.9211,28.0312,38072368
-8.07085,0.40462,7.94156,0.0971126,0.488921,-0.0923591,0.362109,45.9211,28.0312,38140999
-8.77475,-0.28491,7.11317,-0.132045,0.478928,0.000103384,2.71582,47.1967,26.1041,38199681
-8.90882,-0.328006,7.46033,-0.121786,0.706087,-0.0262764,2.71582,47.1967,26.1041,38257612
-8.83699,-0.45011,6.61039,-0.0915428,1.01105,-0.0238782,2.71582,47.1967,26.1041,38316125
-8.90403,-0.567425,5.6958,-0.0474432,1.04596,0.0572596,2.71582,47.1967,26.1041,38378672
-9.4954,-0.100556,5.19063,-0.199593,1.1684,0.0450023,2.71582,47.1967,26.1041,38437089
-9.06923,-0.428562,4.84826,-0.372128,1.57702,0.150388,4.16426,55.2146,16.6435,38509319
-9.06923,0.0071826,3.02148,0.110569,1.50161,-0.00669141,5.25058,57.7658,9.63574,38566938
-8.76517,-0.153229,2.31519,0.30482,1.49655,-0.0935581,5.25058,57.7658,9.63574,38626872
-8.75559,-0.533907,1.92015,0.250995,1.44552,-0.140722,3.44004,61.4103,-0.175195,38690962
-8.72686,-0.519542,0.806846,0.0598079,1.32095,-0.151247,3.44004,61.4103,-0.175195,38748431
-8.68856,-0.459687,-0.31364,-0.0744891,1.10165,-0.107148,3.44004,61.4103,-0.175195,38819190
-8.39646,-0.665588,-0.871489,0.130953,1.20344,-0.170166,4.16426,62.5037,-7.88379,38881379
-8.47308,-0.356736,-1.92254,-0.173746,1.10205,-0.328844,7.06113,62.5037,-14.5412,38938916
-8.41083,-1.17316,-1.39821,0.00918001,1.07794,-0.1691,7.06113,62.5037,-14.5412,38996431
-8.6311,-1.07978,-3.02627,0.518123,1.09606,-0.206405,9.23379,61.0459,-21.8994,39057945
-8.00381,-1.21625,-3.4261,0.178384,1.04623,-0.233184,9.23379,61.0459,-21.8994,39119144
-7.76918,-1.1157,-4.55377,0.103508,0.572856,-0.21773,10.5012,58.3125,-28.0312,39187720
-8.04212,-1.52032,-4.98952,0.0972458,0.71608,-0.186021,10.5012,58.3125,-28.0312,39251135
-7.65905,-1.53468,-4.99909,0.231943,0.611893,-0.139123,12.1307,57.0369,-32.0607,39309263
-7.74524,-1.91057,-5.63355,-0.154961,0.396858,-0.119538,12.1307,57.0369,-32.0607,39369855
-7.54413,-1.66876,-5.55694,0.0187727,0.503976,-0.0487925,13.0359,57.2191,-34.6887,39431768
-7.25443,-1.8172,-5.99987,0.167059,0.301064,-0.00709109,13.0359,57.2191,-34.6887,39489489
-7.33823,-2.05422,-5.8203,-0.0999363,0.384734,-0.00362709,12.6738,55.3969,-36.0902,39560626
-7.06529,-1.93212,-5.86579,-0.0395826,0.23365,-0.01282,12.6738,55.3969,-36.0902,39621319
-7.15387,-1.74537,-6.50026,0.105906,0.22046,-0.0149518,11.9496,54.3035,-37.4918,39678922
-6.83784,-1.86748,-6.14112,-0.1479,0.224856,-0.00948925,11.9496,54.3035,-37.4918,39739693
-6.93361,-1.75495,-6.53378,0.103241,0.172497,0.011961,11.4064,54.4857,-37.667,39797927
-6.67264,-1.71664,-6.4835,0.0717987,0.0777691,0.0174234,11.4064,54.4857,-37.667,39856443
-7.15866,-1.97522,-6.49547,0.0651371,0.0259422,0.015425,12.4928,53.3924,-38.7182,39925564
-7.17542,-1.98958,-6.44279,0.0146425,0.034469,0.00916311,12.4928,53.3924,-38.7182,39987233
-6.8115,-1.85311,-6.33266,0.110436,-0.0535968,0.027549,13.217,55.2146,-37.667,40049181
-7.16105,-2.00395,-6.38294,0.0532795,-0.0984957,0.0591248,13.217,55.2146,-37.667,40107825
-7.10838,-1.95127,-6.3183,0.00838062,-0.153254,0.0568599,12.3117,56.4902,-38.543,40169858
-7.21852,-1.89381,-6.359,0.0872535,-0.203215,0.0776439,12.3117,56.4902,-38.543,40240406
-7.29992,-1.79805,-6.06212,0.0873867,-0.244917,0.119878,10.8633,55.3969,-37.1414,40299047
-7.2257,-1.95606,-5.83227,-0.00480923,-0.363093,0.136532,10.8633,55.3969,-37.1414,40360963
-7.35499,-1.70946,-5.85382,-0.045578,-0.551082,0.14759,11.2254,54.3035,-35.7398,40419539
-7.3909,-1.6496,-5.17147,0.357713,-0.409324,0.197552,11.2254,54.3035,-35.7398,40478059
-7.53695,-1.67594,-5.48512,-0.0834157,-0.691241,0.217803,11.0443,58.1303,-30.6592,40540232
-7.60877,-1.43652,-4.79319,0.177984,-0.690175,0.233258,11.0443,58.1303,-30.6592,40609149
-7.9679,-1.03429,-4.74052,0.227279,-0.738805,0.276691,9.05273,58.6769,-26.2793,40669978
-7.83143,-1.19949,-3.95283,0.203298,-0.998738,0.297475,9.05273,58.6769,-26.2793,40734234
-7.92241,-1.27611,-2.64559,-0.0210634,-1.07575,0.292945,7.42324,62.1392,-20.1475,40791777
-8.55209,-0.897825,-2.49236,0.0295644,-1.1734,0.218336,7.42324,62.1392,-20.1475,40851635
-8.50899,-1.075,-1.42934,-0.16482,-1.3971,0.223266,5.06953,61.5926,-10.5117,40909669
-9.43315,-0.782904,-0.414197,-0.31697,-1.4889,0.148256,5.06953,61.5926,-10.5117,40980252
-9.08599,-1.08936,1.47243,-0.380921,-0.802356,0.28322,4.88848,61.0459,-2.27754,41040805
-8.81305,-0.488417,0.562637,-0.158558,-0.898549,0.208344,4.88848,61.0459,-2.27754,41098510
-8.97346,-0.304064,1.14203,0.108171,-1.1321,0.161446,3.62109,60.1347,4.90547,41155905
-8.61673,-0.749385,3.20584,-0.167618,-0.746665,0.241252,3.62109,60.1347,4.90547,41214442
-9.66539,-0.184353,2.39899,0.253126,-1.12278,0.159581,3.62109,60.1347,4.90547,41271966
-9.28471,-0.244209,3.19626,0.159065,-1.25481,0.159448,3.44004,57.0369,8.93496,41345241
-9.05008,-0.107739,5.03261,0.125757,-0.876965,0.141728,2.35371,56.308,16.9939,41406014
-9.19852,-0.174777,5.10204,-0.0640971,-0.755858,0.207011,2.35371,56.308,16.9939,41466278
-8.88009,0.158017,4.65433,0.00158584,-0.786768,0.255907,3.07793,53.3924,20.1475,41527331
-9.05965,0.150835,5.63116,0.273644,-0.725082,0.188226,3.07793,53.3924,20.1475,41585213
-8.44435,0.531512,5.8227,0.266982,-0.735074,0.185428,3.07793,53.3924,20.1475,41656156
-8.40604,0.304064,6.43801,0.138814,-0.546818,0.228462,3.07793,53.3924,20.1475,41718781
-8.15225,0.354342,6.72771,0.248064,-0.482335,0.18223,-1.81055,45.5566,27.6809,41779546
-8.05888,0.533907,6.71334,0.0831233,-0.416252,0.135866,-1.81055,45.5566,27.6809,41839736
-7.77637,0.794875,7.04135,0.0326287,-0.179767,0.085771,-2.17266,43.3699,29.4328,41901073
-7.79073,0.797269,7.36696,-0.0863468,-0.0365432,0.0773775,-2.17266,43.3699,29.4328,41958901
-7.64947,0.617704,7.02698,-0.0662288,0.0799009,0.0797756,-1.08633,42.641,29.7832,42028813
-7.77637,0.730231,7.04374,0.032762,0.104948,0.0728476,-1.08633,42.641,29.7832,42093105
-7.96311,0.794875,7.33823,0.0683347,0.300532,0.0284816,-2.17266,43.0055,29.7832,42150933
-8.12831,0.842759,6.98628,0.123626,0.446819,0.0198216,-2.17266,43.0055,29.7832,42210937
-8.03973,0.744596,6.75644,0.18731,0.52436,-0.0125536,-1.26738,45.7389,27.856,42272002
-8.39167,0.670376,6.79235,0.106572,0.655593,-0.0417312,-1.26738,45.7389,27.856,42329538
-8.58561,0.703895,6.90727,-0.260746,0.938043,-0.0407986,-1.44844,48.4723,24.1769,42399899
-9.32541,0.380678,6.13155,-0.233167,1.10365,-0.0650467,-1.44844,48.4723,24.1769,42464173
-9.22486,0.490811,5.37259,-0.249155,1.40822,-0.0667787,0.362109,52.8457,18.9211,42522052
-8.83699,0.26815,3.88818,-0.314705,1.31815,-0.0230789,0.362109,52.8457,18.9211,42582363
-8.99262,0.246603,3.70144,-0.0385167,1.24834,-0.0419976,0.362109,57.948,11.2125,42643614
-9.02614,0.237026,2.90895,0.058742,1.23368,-0.0654463,0.362109,57.948,11.2125,42702290
-9.48343,-0.0430956,2.38462,0.14854,1.40888,-0.0936913,1.26738,60.6814,4.73027,42774035
-9.14824,-0.0311246,1.45089,0.18691,1.52213,-0.130863,1.26738,60.6814,4.73027,42832687
-8.7915,-0.0047884,0.543483,0.281904,1.46257,-0.109679,2.17266,61.957,-5.95664,42892028
-8.72447,-0.160411,-0.430956,0.436586,1.36438,-0.116207,2.17266,61.957,-5.95664,42949607
-8.37492,-0.253785,-1.47962,0.43925,1.27472,-0.128465,3.07793,62.5037,-15.5924,43011783
-7.69496,-0.143652,-2.34153,0.768731,1.23541,-0.199477,3.07793,62.5037,-15.5924,43069827
-7.98705,-0.392649,-2.99036,0.919282,1.20424,-0.331376,6.69902,60.317,-22.6002,43145666
-7.71172,-0.318429,-4.11084,0.563288,0.935645,-0.214665,6.69902,60.317,-22.6002,43207085
-7.86974,-0.761356,-4.8291,-0.300716,0.762045,-0.32085,6.33691,58.8592,-29.2576,43264947
-7.9679,-0.790086,-4.98473,-1.07279,0.83772,0.00236832,6.33691,58.8592,-29.2576,43322537
-7.04853,-0.584185,-4.91529,-0.336955,0.775767,-0.0799686,7.42324,57.7658,-33.8127,43380809
-6.95994,-0.378284,-6.05254,0.286834,0.519963,-0.0181493,7.42324,57.7658,-33.8127,43453611
-7.5154,-0.799663,-6.37815,-0.469919,0.287475,0.00823048,5.25058,56.308,-36.2654,43511879
-7.21373,-0.667982,-6.13155,-0.0896775,0.14998,0.000369847,5.25058,56.308,-36.2654,43570382
-7.3502,-0.4956,-6.1507,0.0408891,0.0727063,-0.0399992,5.9748,54.8502,-34.8639,43628589
-7.68778,-0.308852,-5.72932,0.0751295,0.0587171,-0.0190819,5.9748,54.8502,-34.8639,43686433
-7.37174,-0.445321,-6.00226,0.177584,-0.102226,0.0052994,6.33691,54.8502,-35.5646,43745722
-7.57525,-0.770933,-5.63834,0.122826,-0.0793104,-0.0555873,6.33691,54.8502,-35.5646,43817031
-7.86495,-0.797269,-5.76284,0.0271662,-0.154986,-0.0856975,7.9664,55.7613,-35.039,43878096
-7.93678,-1.13725,-5.70778,0.0719319,-0.0938326,-0.081967,7.9664,55.7613,-35.039,43935935
-7.97029,-1.2378,-5.72932,0.0797926,-0.0990286,-0.110878,8.14746,55.5791,-35.5646,43993619
-7.82664,-1.38145,-5.45878,0.120428,-0.0535968,-0.0751722,8.14746,55.5791,-35.5646,44052295
-7.89368,-1.63045,-5.31513,0.0542122,-0.0578602,-0.0855643,7.6043,56.1258,-34.3383,44111139
-7.87692,-1.652,-5.4516,-0.0289241,0.0036926,-0.0731738,7.6043,56.1258,-34.3383,44182953
-7.69496,-1.61369,-5.37259,0.0106456,-0.055995,-0.110878,9.23379,56.6724,-33.1119,44241704
-8.08043,-1.52032,-5.49469,0.125757,0.0100877,-0.0434632,9.23379,56.6724,-33.1119,44300102
-7.90565,-1.68552,-5.20978,-0.066895,0.02008,-0.00815694,8.69062,55.3969,-33.2871,44358048
-7.86734,-1.64003,-5.37498,0.117231,0.0214123,0.0134265,8.69062,55.3969,-33.2871,44420615
-7.74763,-1.67594,-5.54018,-0.102468,-0.027217,-0.00455971,8.69062,55.3969,-33.2871,44491109
-7.87932,-1.53708,-5.22894,0.0512811,-0.0108296,0.0216868,8.69062,55.3969,-33.2871,44549877
-7.90805,-1.43413,-5.35104,0.0648707,-0.0497331,0.0234188,10.3201,55.9435,-33.1119,44609036
-7.92241,-1.51313,-5.21218,0.0688676,0.0196803,0.025817,10.3201,55.9435,-33.1119,44667396
-8.04451,-1.5275,-5.34146,0.0727313,0.00409229,0.0427374,10.3201,55.9435,-33.1119,44724678
-7.95114,-1.60651,-5.3271,0.0588753,0.0251428,0.0272825,10.3201,55.9435,-33.1119,44786656
-7.93678,-1.5682,-5.30555,0.0860544,0.0397982,0.013693,9.59589,56.6724,-33.1119,44858717
-7.94396,-1.46286,-5.19542,0.062739,0.0435287,0.0323453,9.59589,56.6724,-33.1119,44918793
-7.94396,-1.51074,-5.27682,0.0891187,0.0512561,0.0383407,9.77695,57.948,-33.2871,44979841
-7.99663,-1.48201,-5.39174,0.0712658,0.0343358,0.0386072,9.77695,57.948,-33.2871,45038186
-7.93917,-1.52511,-5.21936,0.0626057,0.0645792,0.0338109,10.5012,56.4902,-32.5863,45095678
-7.92959,-1.51792,-5.38695,0.0383577,0.0348687,0.04367,10.5012,56.4902,-32.5863,45155017
-7.97029,-1.45089,-5.57849,0.12216,-3.78732e-05,0.0304801,11.0443,57.0369,-32.4111,45231412
-8.0924,-1.21147,-5.09007,0.229811,0.0660448,0.0625888,11.0443,57.0369,-32.4111,45290230
-8.011,-1.87466,-5.26245,-0.231702,-0.0372094,0.0934984,9.05273,57.2191,-33.6375,45349224
-7.85298,-1.41018,-5.4492,-0.0518399,-0.0205555,0.0665857,9.05273,57.2191,-33.6375,45408594
-8.10197,-1.33357,-5.22894,0.00931326,-0.131137,0.0435368,9.59589,57.7658,-34.1631,45467048
-8.18338,-0.907402,-5.35822,-0.0585014,-0.251712,0.0620559,9.59589,57.7658,-34.1631,45542690
-8.6263,-1.41258,-4.06775,0.231676,0.229653,-0.0581186,8.14746,56.6724,-32.7615,45601264
-8.30069,-1.09176,-5.44202,0.111235,-0.378015,-0.145385,8.14746,56.6724,-32.7615,45659511
