-8.40604,-1.49159,-4.49152,0.0586088,0.0445946,0.0291478,27.3392,59.5881,-22.2498,2816734
-8.42998,-1.43413,-4.53701,0.0454189,0.0303388,0.0294142,26.2529,60.317,-22.2498,2875376
-8.3797,-1.45807,-4.42448,0.0444863,0.0432623,0.0346103,26.2529,60.317,-22.2498,2933932
-8.41322,-1.52032,-4.65433,0.101909,0.00848892,0.0312795,27.1582,59.4058,-23.1258,2995840
-8.45392,-1.46765,-4.28083,-0.0153345,0.0673771,0.0440697,27.1582,59.4058,-23.1258,3057874
-8.43716,-1.50356,-4.51067,0.115099,0.0191474,0.0442029,26.434,59.7703,-22.0746,3130152
-8.42519,-1.49398,-4.55856,0.100843,0.00435876,0.0563269,26.434,59.7703,-22.0746,3192582
-8.38928,-1.54187,-4.2928,0.0310299,0.0516558,0.0700498,25.5287,58.8592,-22.2498,3251447
-8.41083,-1.49159,-4.44603,0.0741968,0.00875538,0.0587251,25.5287,58.8592,-22.2498,3309173
-8.50899,-1.58975,-4.47955,0.0543454,0.0118197,0.0553943,25.8908,61.0459,-22.9506,3367606
-8.41083,-1.6113,-4.39336,0.0530131,0.0296727,0.0563269,25.8908,61.0459,-22.9506,3430199
-8.44674,-1.63524,-4.37181,0.0335613,0.00782277,0.0459349,25.7098,59.0414,-22.7754,3500396
-8.42998,-1.79326,-4.48913,-0.0261262,-0.0114957,0.0418047,25.7098,59.0414,-22.7754,3558808
-8.35815,-1.59454,-4.2952,-0.0799517,0.0455272,0.0446026,26.615,59.2236,-23.6514,3620309
-8.57603,-1.41018,-4.34787,-0.0333207,0.0680433,0.00982927,26.615,59.2236,-23.6514,3678316
-8.3797,-1.51074,-4.57532,-0.0209302,0.0527217,-0.0104219,24.9855,60.1347,-22.7754,3743218
-8.10916,-2.03507,-4.6663,-0.197994,0.00422552,-0.0286746,24.9855,60.1347,-22.7754,3801110
-7.97508,-1.62806,-4.67348,-0.381054,-0.0476014,-0.0726408,26.0719,59.0414,-23.1258,3872462
-8.2576,-1.17795,-4.47476,-0.717596,0.0140846,-0.153779,26.0719,59.0414,-23.1258,3930850
-8.51378,-0.56982,-5.04219,-0.76063,-0.0785111,-0.292605,25.1666,58.8592,-22.9506,3988407
-8.22169,-0.586579,-5.12838,-0.852293,-0.134335,-0.3868,25.1666,58.8592,-22.9506,4049357
-8.48744,-0.560243,-4.89614,-0.92557,-0.111552,-0.510039,24.9855,58.3125,-24.1769,4107361
-8.28154,-0.517147,-4.70221,-0.977264,-0.139131,-0.579985,24.9855,58.3125,-24.1769,4178878
-8.36294,-0.486023,-4.67587,-1.04681,-0.208811,-0.696029,27.7014,58.1303,-24.3521,4237828
-8.40604,-0.572214,-4.53462,-1.17018,-0.186562,-0.785161,27.7014,58.1303,-24.3521,4295051
-8.46589,-0.605733,-4.55138,-1.20536,-0.266101,-0.866566,30.2361,58.8592,-25.0529,4358546
-8.37492,-0.684741,-4.34308,-1.319,-0.23679,-0.956896,30.2361,58.8592,-25.0529,4419861
-8.27436,-0.687136,-4.01268,-1.5359,-0.261571,-1.03017,33.133,56.308,-25.7537,4477326
-9.02853,-1.11091,-4.59208,-1.36923,-0.392137,-1.06135,33.133,56.308,-25.7537,4550373
-9.73961,-2.7677,-5.18344,-1.36816,-0.687111,-0.890014,35.4867,56.4902,-27.3305,4607931
-7.90086,-3.03824,-2.96163,-1.15273,-0.844457,-0.794088,35.4867,56.4902,-27.3305,4665591
-8.0086,-4.09408,-2.28167,-0.892928,-0.556544,-0.880688,36.7541,54.4857,-25.0529,4727104
-8.79869,-3.73974,-3.2202,-1.8482,-0.137266,-0.706288,36.7541,54.4857,-25.0529,4785727
-8.45632,-3.20584,-3.70383,-1.19257,-0.423313,-0.628748,36.9352,52.8457,-29.0824,4843134
-8.30309,-3.62961,-3.21062,-1.41186,-0.00283573,-0.565596,36.9352,52.8457,-29.0824,4916196
-8.09719,-3.31357,-3.78284,-1.16219,-0.325788,-0.52989,34.7625,52.1168,-32.5863,4973422
-8.20253,-3.7589,-3.50032,-1.30954,-0.217604,-0.528291,34.7625,52.1168,-32.5863,5030975
-8.12113,-3.56497,-3.64637,-1.45863,-0.308735,-0.546411,33.6762,51.3879,-34.3383,5092402
-8.2983,-3.632,-3.43328,-1.58733,-0.255975,-0.604633,33.6762,51.3879,-34.3383,5153539
-8.43477,-3.7158,-3.40455,-1.69431,-0.381612,-0.670982,31.8656,48.8367,-37.4918,5211561
-9.04529,-3.16753,-3.45244,-1.94359,-0.112485,-0.594774,31.8656,48.8367,-37.4918,5283188
-8.66701,-2.40378,-3.62721,-1.59186,-0.137799,-0.521763,26.9771,49.7478,-39.7693,5341529
-8.24563,-1.68073,-4.23055,-1.85699,0.0492577,-0.512037,26.9771,49.7478,-39.7693,5398793
-8.25042,-1.13725,-3.35188,-1.17604,-0.138598,-0.588512,23.8992,48.4723,-43.4484,5466329
-8.84657,-1.47722,-3.82354,-1.60691,0.000228588,-0.827129,23.8992,48.4723,-43.4484,5524023
-8.54012,-0.881066,-5.45399,-1.8418,-0.257041,-0.909333,19.5539,48.8367,-44.4996,5595120
-8.37492,-1.30723,-3.77565,-1.90189,-0.129805,-0.934647,19.5539,48.8367,-44.4996,5654552
-8.55209,-0.936133,-4.48913,-1.82355,-0.386408,-1.09492,15.5707,49.2012,-43.4484,5713326
-8.32703,-1.41018,-4.38618,-1.91161,-0.35763,-1.16127,15.5707,49.2012,-43.4484,5774898
-8.41322,-1.33596,-4.37899,-1.92054,-0.430774,-1.19951,13.7602,51.3879,-41.3461,5834421
-8.42998,-1.21147,-4.24013,-1.90788,-0.525901,-1.19498,13.7602,51.3879,-41.3461,5892774
-8.339,-1.42455,-3.97437,-1.96477,-0.508581,-1.20244,11.7686,53.0279,-39.4189,5965930
-8.68616,-1.20668,-4.06056,-1.82728,-0.455822,-1.22189,11.7686,53.0279,-39.4189,6026411
-8.69574,-1.24259,-4.29998,-1.79397,-0.405194,-1.18619,11.9496,54.668,-38.1926,6084938
-8.6694,-1.51553,-4.03183,-1.72376,-0.334848,-1.13676,11.9496,54.668,-38.1926,6150239
-9.42836,-2.48279,-4.59687,-1.34991,-0.53203,-1.00886,11.9496,55.0324,-33.9879,6208035
-7.84819,-3.32076,-4.61123,-1.09957,-1.27586,-0.791157,11.9496,55.0324,-33.9879,6265564
-7.82904,-4.09887,-1.24977,-0.804862,-0.997007,-0.698561,15.5707,58.6769,-28.3816,6338705
-9.00219,-3.87142,-3.76608,-1.839,-0.387874,-0.672847,15.5707,58.6769,-28.3816,6396003
-8.27436,-3.70622,-3.11007,-1.37283,-0.556011,-0.650731,15.7518,61.7748,-27.1553,6456610
-7.81707,-4.3766,-2.53306,-1.54056,-0.330584,-0.657392,15.7518,61.7748,-27.1553,6514916
-8.74602,-3.94564,-3.01909,-1.83261,-0.434371,-0.550674,15.9328,61.2281,-23.8266,6573004
-8.80587,-3.94804,-2.90417,-1.75507,-0.353101,-0.554005,15.9328,61.2281,-23.8266,6630664
-8.26478,-3.80199,-2.81797,-2.09361,-0.298076,-0.630613,17.0191,62.3215,-22.0746,6699702
-8.83939,-3.03345,-3.23696,-2.04032,-0.118214,-0.559467,17.0191,62.3215,-22.0746,6757855
-9.27992,-2.82276,-3.53384,-1.74614,-0.0453365,-0.490587,18.2865,63.2326,-21.549,6822014
-9.57441,-2.12366,-3.99592,-1.76106,0.231251,-0.395726,18.2865,63.2326,-21.549,6879899
-8.14268,-0.746991,-2.6001,-1.74787,0.262028,-0.326979,16.476,60.6814,-23.301,6937399
-8.88009,-0.500388,-6.21295,-1.1935,-0.350569,-0.716281,16.476,60.6814,-23.301,6995945
-8.49223,-1.70228,-3.29442,-2.06256,0.270288,-0.859771,18.1055,60.4992,-24.8777,7065573
-8.45153,-0.45011,-4.53701,-1.54296,-0.294079,-0.845915,18.1055,60.4992,-24.8777,7126015
-8.36773,-0.629675,-4.51067,-1.82395,-0.148324,-0.942774,19.3728,60.6814,-23.301,7184873
-8.2169,-0.531512,-4.35984,-1.61664,-0.288483,-1.00646,19.3728,60.6814,-23.301,7245946
-8.16901,-0.799663,-4.63278,-1.62876,-0.383078,-1.04376,23.7182,60.317,-23.301,7303762
-8.14746,-0.984017,-4.56095,-1.60878,-0.374018,-1.10518,23.7182,60.317,-23.301,7365482
-8.24084,-0.902614,-4.40294,-1.66221,-0.400664,-1.16447,26.9771,60.317,-24.7025,7434338
-8.49463,-0.847547,-4.53701,-1.55136,-0.435304,-1.13796,26.9771,60.317,-24.7025,7497717
-8.4204,-0.984017,-4.49152,-1.53444,-0.410257,-1.14289,31.5035,57.2191,-23.4762,7558797
-8.24323,-1.08697,-4.38139,-1.4894,-0.548151,-1.18512,31.5035,57.2191,-23.4762,7616244
-9.43555,-2.2697,-4.52504,-1.00924,-0.720952,-1.03977,34.9435,55.2146,-23.301,7673598
-8.81784,-4.02705,-3.77087,-1.8049,-0.837396,-0.954498,34.9435,55.2146,-23.301,7745861
-7.02698,-4.58729,-1.8986,-0.941025,-1.00087,-0.997798,36.9352,56.4902,-23.8266,7807922
-9.58159,-4.59926,-2.58574,-2.58376,-0.466214,-0.815138,36.9352,56.4902,-23.8266,7865665
-8.35337,-4.27365,-3.08852,-1.39175,-0.791831,-0.767708,37.6594,53.5746,-26.6297,7924044
-8.10916,-5.22175,-1.66158,-2.06936,-0.31513,-0.842717,37.6594,53.5746,-26.6297,7985394
-8.63828,-3.99353,-3.02627,-2.55126,-0.352701,-0.811141,39.1078,52.8457,-28.732,8043276
-8.64546,-4.09408,-2.67193,-2.25748,-0.401863,-0.742127,39.1078,52.8457,-28.732,8116378
-9.06923,-2.96163,-3.11007,-2.22204,-0.117681,-0.579985,34.7625,51.0234,-36.0902,8178247
-8.45632,-2.7246,-3.4261,-1.65554,-0.322457,-0.470069,34.7625,51.0234,-36.0902,8236464
-8.60715,-2.89459,-2.91614,-1.3635,0.0824322,-0.405186,29.693,51.3879,-37.8422,8295739
-9.07163,-1.89621,-5.6575,-1.90562,0.100152,-0.448353,29.693,51.3879,-37.8422,8355228
-7.58004,-0.265756,-2.7246,-1.70377,0.158374,-0.405452,25.1666,50.1123,-43.6236,8414100
-7.77397,-1.60172,-6.24887,-0.798468,-0.758123,-0.879222,25.1666,50.1123,-43.6236,8491292
-8.81305,-0.562637,-5.93044,-2.57071,-0.122344,-0.963957,22.0887,49.2012,-44.4996,8549857
-8.24563,-0.85473,-3.68228,-1.61331,-0.609437,-0.973683,22.0887,49.2012,-44.4996,8610795
-8.39646,-0.960075,-4.01747,-2.35541,-0.295944,-1.19152,18.1055,49.2012,-43.4484,8672118
-8.9184,-0.627281,-4.38378,-2.0162,-0.374817,-1.2608,18.1055,49.2012,-43.4484,8729877
-8.60236,-0.88346,-4.26168,-2.13997,-0.362293,-1.2532,15.7518,50.4767,-42.2221,8790725
-8.3797,-0.912191,-4.07732,-2.12865,-0.37535,-1.30556,15.7518,50.4767,-42.2221,8863273
-8.20971,-0.912191,-4.18267,-2.12372,-0.525102,-1.32781,13.7602,53.939,-41.3461,8920874
-8.76278,-1.47483,-4.04381,-1.98276,-0.500054,-1.39643,13.7602,53.939,-41.3461,8979186
-9.09078,-3.59848,-4.3359,-1.83474,-0.861777,-1.24348,12.3117,53.939,-38.1926,9037622
-8.4228,-3.56497,-1.62327,-1.96611,-0.626624,-1.05749,12.3117,53.939,-38.1926,9095385
-9.39245,-3.5099,-3.78763,-2.35154,-0.652471,-1.08946,12.4928,56.6724,-33.1119,9154662
-8.68137,-3.46441,-3.20823,-1.91175,-0.567602,-0.974349,12.4928,56.6724,-33.1119,9226652
-8.31027,-4.33829,-2.49715,-2.44587,-0.373485,-0.987939,11.0443,57.7658,-31.36,9285692
-8.59758,-3.58891,-3.77565,-2.30611,-0.22813,-0.927719,11.0443,57.7658,-31.36,9343198
-8.41562,-3.40695,-3.31118,-2.32756,-0.386009,-0.813673,10.8633,59.0414,-28.732,9401207
-8.42759,-3.12683,-3.27048,-2.04298,-0.226797,-0.724541,10.8633,59.0414,-28.732,9462515
-8.31985,-2.87304,-3.85945,-2.00461,-0.33618,-0.614892,10.8633,59.0414,-28.732,9520109
-8.46111,-2.49715,-3.43568,-1.48381,-0.152721,-0.544146,11.2254,61.2281,-25.5785,9597310
-8.63349,-1.42455,-2.82037,-2.43668,0.0864291,-0.56906,11.5875,60.8637,-24.8777,9655805
-8.85136,1.33836,-4.50349,-1.80982,-0.0176244,-0.662588,11.5875,60.8637,-24.8777,9713400
-9.13627,-1.02711,-3.99592,-0.681757,-0.352301,-0.897608,11.7686,62.1392,-23.301,9771623
-8.85854,-0.995988,-3.52187,-2.49024,0.0697753,-0.967688,11.7686,62.1392,-23.301,9833588
-8.98544,-0.0023942,-3.98874,-1.46103,-0.304471,-0.927852,15.9328,61.5926,-21.3738,9905267
-8.86333,-0.486023,-3.86903,-1.76466,-0.276759,-0.942374,15.9328,61.5926,-21.3738,9968643
-8.67179,-0.28491,-4.09887,-1.78251,-0.224133,-0.908933,19.5539,62.3215,-21.3738,10026584
-8.60236,-0.481234,-3.82354,-1.588,-0.31926,-0.912131,19.5539,62.3215,-21.3738,10084114
-8.59279,-0.474052,-3.87621,-1.68232,-0.257973,-1.01165,23.175,60.8637,-20.3226,10142910
-8.41322,-0.512359,-4.01747,-1.54483,-0.382545,-1.11478,23.175,60.8637,-20.3226,10207126
-8.36055,-0.866701,-3.76847,-1.59932,-0.41039,-1.23895,27.8824,60.8637,-19.6219,10276292
-8.53054,-1.49398,-3.67031,-1.74681,-0.469811,-1.28491,27.8824,60.8637,-19.6219,10338047
-9.31823,-2.48997,-4.27604,-1.5435,-0.745066,-1.24468,33.3141,59.4058,-21.3738,10395767
-8.63349,-3.9217,-2.74854,-1.72682,-0.920132,-1.00699,33.3141,59.4058,-21.3738,10453283
-8.90403,-3.89297,-1.88902,-1.44704,-0.995941,-0.844449,35.4867,58.6769,-19.9723,10511708
-9.19373,-4.65193,-1.78368,-2.15036,-0.421448,-0.926786,35.4867,58.6769,-19.9723,10573188
-8.63349,-4.56095,-2.57377,-2.189,-0.518041,-0.952233,38.3836,53.5746,-21.0234,10641690
-8.37012,-4.16352,-2.48279,-2.55512,-0.369355,-0.859637,38.3836,53.5746,-21.0234,10699958
-8.45392,-4.13957,-2.22182,-2.54086,-0.437835,-0.763844,38.7457,52.8457,-25.5785,10762112
-8.88727,-3.5075,-2.68869,-2.76256,-0.354966,-0.71335,38.7457,52.8457,-25.5785,10820876
-8.73644,-2.7246,-2.98796,-2.37179,-0.257973,-0.693498,34.4004,52.4812,-33.6375,10885432
-8.45632,-2.51152,-2.78924,-2.09241,-0.340044,-0.594108,34.4004,52.4812,-33.6375,10944976
-8.74841,-2.32238,-2.89219,-1.55176,-0.0221543,-0.547343,30.4172,52.1168,-37.1414,11013809
-8.73165,-0.866701,-4.38857,-3.12095,0.0800341,-0.635942,30.4172,52.1168,-37.1414,11072885
-7.41723,1.41258,-4.24013,-1.6626,-0.0722492,-0.662322,22.4508,51.0234,-43.098,11131506
-9.03571,-1.63763,-4.7501,-0.312573,-0.640347,-1.26506,22.4508,51.0234,-43.098,11190198
-9.08839,-1.42455,-3.85706,-3.91301,0.341833,-1.23029,21.9076,48.6545,-43.974,11255157
-8.30548,-0.466869,-4.1707,-1.09717,-0.800491,-1.2985,21.9076,48.6545,-43.974,11325457
-8.67658,-0.909797,-4.12281,-3.17358,-0.121012,-1.27372,17.7434,48.4723,-44.1492,11386619
-8.65982,-0.0933738,-4.12042,-1.65448,-0.364825,-1.22269,17.7434,48.4723,-44.1492,11449212
-8.23605,-0.715866,-4.05817,-2.22231,-0.403995,-1.2127,15.0275,50.1123,-45.0252,11507122
-8.44195,-0.45011,-4.02465,-1.82541,-0.392404,-1.262,15.0275,50.1123,-45.0252,11567763
-8.39407,-0.622492,-4.02465,-1.89802,-0.394402,-1.28971,14.3033,51.5701,-42.2221,11626386
-8.588,-1.04148,-4.38618,-1.85059,-0.511779,-1.29037,14.3033,51.5701,-42.2221,11696265
-9.48822,-3.2633,-5.09486,-1.02429,-1.24482,-1.20937,12.3117,55.7613,-38.8933,11753715
-8.13789,-3.99592,-2.1069,-1.48421,-1.18579,-0.877224,12.3117,55.7613,-38.8933,11812042
-8.43477,-4.18027,-1.38624,-1.51485,-0.681915,-0.996066,14.8465,57.5836,-33.2871,11870968
-9.16979,-3.74692,-2.78685,-2.33329,-0.370954,-0.951567,14.8465,57.5836,-33.2871,11933424
-8.4228,-4.10605,-2.70784,-1.65967,-0.453024,-0.882953,14.3033,58.1303,-30.3088,11992154
-8.44195,-4.3766,-2.48997,-2.3153,-0.24092,-0.845515,14.3033,58.1303,-30.3088,12061072
-8.6263,-3.85945,-2.87783,-2.21871,-0.566137,-0.73067,15.3896,59.2236,-28.2064,12121926
-8.62391,-3.79002,-2.59053,-2.40883,-0.308068,-0.784495,15.3896,59.2236,-28.2064,12179865
-8.42759,-3.3423,-2.62883,-2.15676,-0.312598,-0.777967,16.1139,59.5881,-26.1041,12242825
-8.34618,-2.83473,-3.17232,-2.03032,-0.421848,-0.747723,16.1139,59.5881,-26.1041,12301673
-10.07,-3.06458,-3.83072,-1.9248,-0.165911,-0.784495,15.0275,60.6814,-22.9506,12359077
-9.01417,-0.488417,-2.00873,-2.79707,0.251369,-0.629814,15.0275,60.6814,-22.9506,12431529
-9.25359,-0.667982,-6.31351,-0.441008,-0.992477,-0.940642,16.8381,60.6814,-22.6002,12489033
-8.49702,-2.08535,-3.15795,-2.77269,0.230052,-0.854708,16.8381,60.6814,-22.6002,12551768
-8.29591,-1.15401,-4.28801,-1.19963,-0.569868,-1.17127,17.5623,61.7748,-21.549,12616586
-8.41801,-1.65918,-4.51786,-2.55192,-0.232526,-1.10958,17.5623,61.7748,-21.549,12674369
-8.05409,-1.36948,-4.23534,-1.91508,-0.575197,-1.12463,22.9939,58.8592,-19.7971,12745560
-8.33421,-1.25217,-4.11084,-2.46039,-0.515776,-1.17673,22.9939,58.8592,-19.7971,12805682
-8.77953,-1.1971,-3.90015,-1.95345,-0.541223,-1.22642,26.9771,59.9525,-21.549,12863172
-8.42519,-1.33357,-3.92649,-2.20992,-0.536693,-1.28944,26.9771,59.9525,-21.549,12925135
-8.73165,-1.7765,-4.21619,-1.63449,-0.909474,-1.24055,31.1414,58.3125,-21.0234,12983670
-8.88967,-3.74692,-3.58412,-1.83527,-0.900414,-1.14928,31.1414,58.3125,-21.0234,13040973
-8.22408,-3.61764,-1.62327,-1.98343,-0.779707,-0.92652,34.7625,56.8547,-19.6219,13113231
-9.15782,-3.90255,-2.45406,-1.7512,-0.801557,-0.865366,34.7625,56.8547,-19.6219,13172453
-8.94713,-3.94086,-2.10929,-1.97117,-0.386675,-0.799284,37.8404,56.6724,-20.8482,13232828
-8.68856,-3.81875,-2.33435,-2.04684,-0.381745,-0.808077,37.8404,56.6724,-20.8482,13291420
-8.76756,-3.96719,-2.91135,-2.36047,-0.260372,-0.822066,36.7541,54.8502,-25.4033,13354193
-8.81784,-3.29681,-2.92571,-2.12199,-0.499122,-0.7344,36.7541,54.8502,-25.4033,13412005
-8.71729,-3.59609,-2.57137,-1.99542,-0.350036,-0.701758,36.392,53.0279,-29.2576,13484577
-8.60476,-3.05261,-3.08134,-1.8899,-0.362293,-0.647666,36.392,53.0279,-29.2576,13542801
-8.57363,-2.90656,-2.09971,-1.52764,-0.176569,-0.563198,31.8656,51.7523,-33.2871,13607044
-9.27514,-0.888249,-5.19063,-3.0598,0.0982867,-0.572924,31.8656,51.7523,-33.2871,13668199
-7.63511,0.646434,-4.07254,-1.22507,-0.131004,-0.480195,29.1498,50.1123,-39.0685,13726994
-8.76996,-1.22344,-3.32794,-0.744642,-0.264235,-0.854708,29.1498,50.1123,-39.0685,13787731
-8.82263,-0.919373,-5.54258,-2.34555,-0.30607,-1.04043,25.1666,50.1123,-39.4189,13857230
-7.91283,-1.38145,-4.11563,-1.29742,-0.292347,-1.16767,25.1666,50.1123,-39.4189,13917961
-8.2983,-1.66636,-4.71897,-2.48704,-0.379747,-1.26466,24.0803,49.7478,-42.5725,13976531
-8.35097,-1.27372,-4.08451,-2.00621,-0.441033,-1.24787,24.0803,49.7478,-42.5725,14035168
-8.60236,-1.44131,-4.07732,-2.33089,-0.484067,-1.25547,21.9076,50.8412,-42.5725,14093288
-8.64067,-1.13485,-4.15154,-2.04032,-0.476206,-1.25893,21.9076,50.8412,-42.5725,14166621
-8.588,-1.30005,-3.74692,-2.2712,-0.369621,-1.23775,19.735,52.299,-43.2732,14225013
-8.15704,-1.05345,-4.42927,-1.96384,-0.579061,-1.2083,19.735,52.299,-43.2732,14288137
-8.42998,-2.17872,-4.03662,-1.81555,-0.716955,-1.20111,15.3896,52.6635,-41.1709,14347276
-9.87608,-3.33512,-4.33111,-2.00421,-0.799425,-1.08493,15.3896,52.6635,-41.1709,14405010
-8.03494,-2.3535,-3.05021,-1.78265,-0.912405,-0.823266,15.2086,53.5746,-37.4918,14464067
-8.06128,-4.23295,-2.65517,-0.822582,-1.33155,-1.00846,15.2086,53.5746,-37.4918,14533226
-9.39963,-4.00789,-2.50673,-2.44161,-0.115416,-0.827928,16.1139,57.4014,-32.7615,14594756
-8.84896,-3.68946,-3.37822,-1.64582,-0.716156,-0.848313,16.1139,57.4014,-32.7615,14653723
-8.33421,-4.20422,-2.57377,-2.6312,-0.0886366,-0.817137,15.9328,59.4058,-31.1848,14711182
-8.68616,-2.88022,-3.20823,-2.19899,-0.551082,-0.726673,15.9328,59.4058,-31.1848,14769380
-8.24563,-3.4668,-2.64799,-1.83834,-0.559209,-0.704556,12.8549,59.5881,-27.5057,14830450
-8.80348,-3.31118,-2.70784,-2.07775,-0.363493,-0.719345,12.8549,59.5881,-27.5057,14899086
-8.68856,-3.32315,-2.61207,-1.64449,-0.46688,-0.627282,14.6654,62.1392,-26.1041,14964480
-10.307,-3.57215,-3.18189,-1.9268,-0.0789107,-0.580518,14.6654,62.1392,-26.1041,15022333
-9.5792,-0.349553,-2.23139,-3.16798,0.287075,-0.376808,11.7686,59.2236,-25.4033,15079774
-8.43477,0.548272,-5.0374,-0.582366,-0.704831,-0.58718,11.7686,59.2236,-25.4033,15141528
-9.42358,-1.74298,-3.33033,-1.60398,0.194213,-0.732934,13.9412,61.0459,-22.6002,15198997
-8.38928,-0.751779,-4.65433,-1.41293,-0.291281,-0.880288,13.9412,61.0459,-22.6002,15274547
-8.28394,-1.47962,-4.1683,-1.90242,-0.183764,-1.01339,16.657,60.8637,-21.3738,15333896
-8.43477,-0.682347,-4.14676,-1.74507,-0.284087,-1.05509,16.657,60.8637,-21.3738,15391585
-8.34379,-0.823605,-4.44364,-1.59479,-0.338312,-1.03657,19.735,60.6814,-21.8994,15452212
-8.43477,-1.11809,-4.35026,-1.47741,-0.385342,-1.01339,19.735,60.6814,-21.8994,15510610
-8.49223,-1.46286,-4.27125,-1.37243,-0.347505,-0.971551,25.5287,63.2326,-20.1475,15581247
-8.59518,-1.38145,-4.1707,-1.54989,-0.302073,-0.877357,25.5287,63.2326,-20.1475,15646360
-8.59997,-1.3623,-4.60644,-1.32287,-0.345107,-0.79089,26.9771,59.9525,-21.8994,15704123
-8.87051,-2.92093,-5.04219,-0.774486,-0.913338,-0.718279,26.9771,59.9525,-21.8994,15761802
-7.41245,-4.48194,-1.98719,-0.914778,-0.77944,-0.618222,30.2361,59.2236,-19.0963,15820239
-9.03332,-4.36702,-2.59771,-1.61677,-0.549083,-0.619155,30.2361,59.2236,-19.0963,15882393
-9.3302,-3.35188,-3.16992,-1.85166,-0.569734,-0.465273,32.9519,59.0414,-17.1691,15954307
-8.26478,-4.16591,-2.35829,-1.81542,-0.360295,-0.655794,32.9519,59.0414,-17.1691,16016747
-8.66222,-3.65355,-2.27928,-2.29012,-0.24465,-0.79049,33.6762,59.0414,-21.0234,16075587
-8.96628,-2.66235,-3.11964,-2.30052,-0.351102,-0.762379,33.6762,59.0414,-21.0234,16134300
-8.90882,-2.94726,-2.81797,-1.96024,-0.194156,-0.785294,34.0383,58.3125,-24.5273,16193094
-9.14345,-2.78206,-3.1795,-2.25668,-0.396401,-0.797019,34.0383,58.3125,-24.5273,16252538
-8.58321,-2.80122,-2.32716,-1.70777,-0.356831,-0.830194,34.9435,55.2146,-28.5568,16324830
-9.86411,-2.40138,-2.95444,-2.39644,-0.119679,-0.822066,34.9435,55.2146,-28.5568,16383182
-8.97346,-0.447716,-3.99113,-2.43042,0.0355348,-0.794354,32.7709,52.6635,-33.4623,16442677
-7.85298,-0.0407014,-3.70622,-1.22587,-0.103292,-0.822199,32.7709,52.6635,-33.4623,16501223
-8.39167,-0.902614,-3.61285,-0.939026,-0.0622568,-0.887616,31.1414,51.3879,-36.4406,16563111
-8.51857,-0.818817,-5.61679,-1.52178,-0.181632,-1.02218,31.1414,51.3879,-36.4406,16620887
-7.76679,-2.22421,-4.87938,-1.26278,-0.345773,-1.12796,32.9519,50.659,-37.8422,16695554
-8.14028,-2.15239,-5.09246,-1.74867,-0.508847,-1.17206,32.9519,50.659,-37.8422,16756926
-8.18338,-2.59531,-4.84586,-1.55882,-0.582791,-1.03564,32.5898,47.0144,-40.2949,16814382
-8.2983,-2.4349,-4.32632,-2.02886,-0.5708,-0.992069,32.5898,47.0144,-40.2949,16871787
-8.28633,-2.08535,-4.13478,-1.66314,-0.589053,-0.953565,28.7877,49.3834,-41.8717,16930296
-8.24563,-1.69509,-3.77565,-1.82022,-0.422114,-0.860037,28.7877,49.3834,-41.8717,17001780
-8.7125,-1.54665,-4.83389,-1.43558,-0.451958,-0.807944,27.5203,49.2012,-42.0469,17061850
-7.94396,-1.69749,-4.41969,-1.59146,-0.481136,-0.782363,27.5203,49.2012,-42.0469,17120233
-8.25999,-2.53785,-4.21619,-1.36483,-0.582658,-0.877091,23.356,50.1123,-41.5213,17177945
-8.80108,-3.52187,-4.18506,-1.79877,-0.815945,-0.792756,23.356,50.1123,-41.5213,17235662
-8.02297,-3.69665,-3.13401,-1.52897,-1.02405,-0.792489,21.0023,51.7523,-39.9445,17294208
-8.42759,-3.95761,-1.70228,-1.94679,-0.678451,-0.759847,21.0023,51.7523,-39.9445,17364987
-9.39724,-3.48356,-2.88262,-1.77678,-0.71842,-0.702558,16.8381,53.0279,-36.9662,17423840
-8.78193,-3.96719,-2.22661,-2.07815,-0.41865,-0.728938,16.8381,53.0279,-36.9662,17482265
-8.74602,-3.50272,-2.17154,-2.49543,-0.311133,-0.774902,15.7518,57.4014,-36.2654,17539758
-8.95671,-2.78446,-2.63841,-2.14956,-0.310999,-0.750654,15.7518,57.4014,-36.2654,17601468
-8.96868,-2.78685,-2.50194,-2.23923,-0.186961,-0.746524,12.4928,56.6724,-34.1631,17659242
-8.94234,-2.78206,-2.79643,-2.0122,-0.279957,-0.85191,12.4928,56.6724,-34.1631,17732869
-8.98304,-2.38941,-2.38462,-2.01527,-0.293013,-0.892279,10.3201,58.4947,-34.5135,17793811
-9.92396,-1.89621,-3.07176,-2.0984,-0.135001,-0.956363,10.3201,58.4947,-34.5135,17851376
-8.83221,-0.579397,-3.31118,-2.37033,-0.00643297,-0.770106,10.5012,57.5836,-32.2359,17908870
-7.81707,-0.61531,-5.43962,-0.839103,-0.443964,-1.05495,10.5012,57.5836,-32.2359,17967135
-8.49223,-2.57855,-3.56736,-1.59426,0.146516,-1.18166,10.5012,57.5836,-32.2359,18039347
-8.0517,-1.23541,-5.6575,-1.3603,-0.600111,-0.983276,10.5012,57.5836,-32.2359,18097749
-7.94875,-2.35111,-4.26647,-1.57934,-0.355898,-0.776235,13.7602,60.4992,-26.6297,18159700
-8.70771,-1.64482,-4.32393,-1.61597,-0.463283,-0.765843,13.7602,60.4992,-26.6297,18217620
-8.12592,-1.65679,-4.5394,-1.53563,-0.447029,-0.773837,15.9328,60.8637,-24.5273,18275185
-8.01818,-1.68791,-4.38378,-1.46795,-0.479004,-0.791423,15.9328,60.8637,-24.5273,18336918
-8.00621,-1.56581,-4.25689,-1.56894,-0.539491,-0.806611,15.9328,60.8637,-24.5273,18408598
-8.31266,-1.6113,-4.04381,-1.51565,-0.553613,-0.84778,15.9328,60.8637,-24.5273,18471060
-8.5473,-1.54187,-3.94564,-1.5355,-0.487264,-0.951967,21.5455,60.6814,-19.7971,18532594
-8.69334,-1.72622,-4.00071,-1.53777,-0.433172,-0.972218,21.5455,60.6814,-19.7971,18591087
-9.03571,-2.42054,-4.04381,-1.39521,-0.465148,-0.916127,26.0719,62.3215,-19.2715,18651404
-8.09719,-3.79241,-2.99754,-1.05187,-0.769448,-0.687636,26.0719,62.3215,-19.2715,18710789
-8.74123,-3.80199,-2.76051,-1.76546,-0.552547,-0.701892,29.3308,61.2281,-15.7676,18783792
-9.00698,-3.49314,-3.38301,-1.2821,-0.742535,-0.501645,29.3308,61.2281,-15.7676,18842120
-8.94952,-4.07493,-2.28886,-1.85153,-0.328453,-0.620088,30.9603,61.0459,-17.3443,18901673
-8.80827,-3.19865,-3.06458,-2.03352,-0.152321,-0.687503,30.9603,61.0459,-17.3443,18960374
-8.87291,-2.90895,-3.20584,-1.8827,-0.189493,-0.665253,33.133,58.8592,-19.4467,19022291
-8.52335,-2.63601,-3.1364,-1.76093,-0.0917009,-0.617556,33.133,58.8592,-19.4467,19080877
-8.34618,-2.82995,-3.24654,-1.71936,-0.14939,-0.672314,32.9519,56.8547,-24.1769,19153240
-8.29351,-2.77967,-3.37582,-1.64222,-0.232793,-0.731869,32.9519,56.8547,-24.1769,19211834
-8.7532,-2.45884,-3.87382,-1.55162,-0.212142,-0.711351,33.4951,55.5791,-26.1041,19270500
-9.78031,-1.99437,-4.06056,-1.55509,-0.110087,-0.694964,33.4951,55.5791,-26.1041,19328208
-8.41322,-0.914585,-2.68629,-1.9713,0.0893603,-0.59504,34.0383,54.3035,-30.8344,19387524
-7.12035,-0.509965,-5.85382,-0.962608,-0.672322,-0.911198,34.0383,54.3035,-30.8344,19463170
-9.2488,-1.71185,-4.84826,-1.76639,-0.0662538,-0.888549,33.6762,52.4812,-32.2359,19521657
-8.19774,-1.38145,-5.06613,-1.10676,-0.591984,-0.920124,33.6762,52.4812,-32.2359,19580600
-8.5473,-2.05422,-4.43885,-1.83714,-0.166977,-0.885085,33.8572,51.2056,-34.5135,19638491
-8.06367,-1.59214,-4.45082,-1.48767,-0.483001,-0.927186,33.8572,51.2056,-34.5135,19697580
-8.42759,-1.66397,-4.41491,-1.81129,-0.263169,-0.932648,32.0467,50.8412,-36.9662,19755529
-8.24802,-1.00317,-4.54659,-1.48607,-0.441833,-0.905469,32.0467,50.8412,-36.9662,19827421
-8.26957,-1.35512,-4.31196,-1.55482,-0.353101,-0.945705,30.4172,50.2945,-39.5941,19888342
-8.37012,-0.933739,-4.68785,-1.32833,-0.380146,-0.939976,30.4172,50.2945,-39.5941,19945698
-8.05409,-1.55144,-4.40054,-1.28476,-0.361228,-0.909599,30.7793,47.3789,-39.9445,20005703
-8.36294,-1.92973,-5.28161,-1.32859,-0.466214,-0.893611,30.7793,47.3789,-39.9445,20064195
-8.57842,-2.74615,-4.68545,-1.1851,-0.580393,-0.782763,28.6066,48.4723,-40.6453,20125324
-7.98466,-3.45004,-3.26569,-0.999513,-0.866707,-0.629814,28.6066,48.4723,-40.6453,20197617
-9.00459,-3.54821,-3.49074,-1.39188,-0.674721,-0.568527,27.3392,50.1123,-39.4189,20255085
-8.19535,-3.40695,-3.11246,-1.29982,-0.869105,-0.489255,27.3392,50.1123,-39.4189,20312725
-8.18338,-4.43167,-2.1883,-1.30568,-0.6145,-0.731336,25.8908,51.9346,-38.3678,20376969
-9.37329,-4.02944,-2.81558,-2.14224,-0.340843,-0.765443,25.8908,51.9346,-38.3678,20434738
-9.15542,-3.5075,-2.79643,-2.04911,-0.504984,-0.728671,23.175,53.2101,-39.5941,20495416
-8.6287,-3.37582,-2.42533,-2.22311,-0.267566,-0.727206,23.175,53.2101,-39.5941,20570577
-8.88248,-2.93529,-2.74375,-2.03432,-0.367356,-0.702957,17.9244,54.1213,-40.4701,20628533
-8.70531,-3.12443,-2.59771,-1.78784,-0.298476,-0.678043,17.9244,54.1213,-40.4701,20686169
-8.82502,-3.24893,-2.83473,-1.95118,-0.42731,-0.675645,15.5707,55.0324,-37.4918,20744635
-8.50181,-3.23696,-2.13323,-1.75054,-0.280889,-0.687103,15.5707,55.0324,-37.4918,20806391
-9.49301,-2.3104,-3.06937,-2.42122,-0.157384,-0.642204,12.3117,55.3969,-36.4406,20876251
-8.8346,0.0861912,-3.80917,-2.12652,0.0306053,-0.539616,12.3117,55.3969,-36.4406,20938465
-8.17141,-0.198719,-4.56095,-0.94702,-0.381346,-0.813673,8.69062,54.668,-35.3894,20996169
-8.80587,-1.19231,-3.6344,-1.79917,0.148915,-1.12583,8.69062,54.668,-35.3894,21053611
-8.87291,0.0191536,-5.17147,-1.53923,-0.179101,-1.08093,9.41484,56.1258,-34.6887,21112334
-8.30788,-0.943315,-4.42448,-1.35551,-0.25784,-0.983675,9.41484,56.1258,-34.6887,21178477
-8.11634,-1.02232,-4.87459,-1.27623,-0.384676,-0.985807,12.1307,59.2236,-32.7615,21246945
-7.83143,-1.99437,-4.57053,-1.32833,-0.523903,-0.937444,12.1307,59.2236,-32.7615,21309931
-8.86094,-2.27449,-4.33829,-1.43318,-0.427577,-0.833924,13.9412,59.2236,-28.9072,21368509
-8.47308,-1.49159,-4.06296,-1.65354,-0.362693,-0.765843,13.9412,59.2236,-28.9072,21426311
-8.35097,-1.03908,-4.04859,-1.20709,-0.387741,-0.710552,14.4844,60.8637,-26.6297,21488177
-8.29591,-1.16119,-4.51786,-1.153,-0.415719,-0.767975,14.4844,60.8637,-26.6297,21549128
-8.35097,-1.77889,-4.53462,-1.08998,-0.459019,-0.735199,18.4676,60.8637,-25.5785,21621651
-8.65982,-3.30879,-4.47237,-1.26158,-0.630888,-0.669383,18.4676,60.8637,-25.5785,21682732
-8.09479,-3.66792,-3.29921,-1.14287,-0.738005,-0.655261,21.0023,61.957,-22.0746,21740634
-8.64067,-3.51469,-2.92571,-1.5355,-0.452757,-0.648599,21.0023,61.957,-22.0746,21800652
-8.49941,-3.81157,-3.1795,-1.315,-0.668325,-0.658592,21.5455,61.7748,-19.7971,21863069
-8.77953,-3.91212,-2.86346,-1.82981,-0.237589,-0.674446,21.5455,61.7748,-19.7971,21932741
-8.51378,-3.27287,-3.68228,-1.6694,-0.448894,-0.650864,25.5287,62.1392,-18.7459,21994968
-8.3821,-3.33991,-2.85149,-2.03312,-0.0530639,-0.656593,25.5287,62.1392,-18.7459,22052686
-8.31985,-2.59292,-3.60088,-1.61438,-0.29781,-0.70349,26.615,59.2236,-19.7971,22110058
-8.53293,-2.806,-3.28006,-1.74614,-0.148058,-0.728138,26.615,59.2236,-19.7971,22168783
-8.5042,-2.79403,-3.53145,-1.72309,-0.281822,-0.876025,28.9687,61.2281,-21.3738,22230961
-8.59997,-2.91135,-3.9648,-1.77692,-0.366557,-0.92572,28.9687,61.2281,-21.3738,22301231
-8.68856,-2.50912,-3.96001,-1.91081,-0.280756,-0.801415,31.5035,58.6769,-23.8266,22359747
-9.94312,-2.26252,-6.25605,-1.46969,-0.564405,-0.658592,31.5035,58.6769,-23.8266,22417131
-8.14507,-0.830788,-1.04866,-2.19313,0.172896,-0.392662,31.1414,58.6769,-24.8777,22474598
-7.93199,0.129287,-6.49307,-0.643786,-0.917201,-0.795287,31.1414,58.6769,-24.8777,22538817
-8.9998,-2.23139,-4.74291,-1.74081,0.0708411,-1.02444,31.6846,55.9435,-25.7537,22596692
-7.38611,-1.61369,-5.34386,-1.86205,-0.573997,-1.1209,31.6846,55.9435,-25.7537,22669438
-8.73165,-2.1069,-4.86262,-1.8807,-0.285286,-1.22016,35.1246,55.7613,-28.3816,22727221
-7.8841,-1.75734,-4.36463,-2.10187,-0.474341,-1.27159,35.1246,55.7613,-28.3816,22787126
-8.51617,-1.76213,-4.96318,-1.83487,-0.485799,-1.21816,36.392,51.9346,-29.608,22848144
-8.04451,-1.68552,-4.42209,-1.9733,-0.568535,-1.06095,36.392,51.9346,-29.608,22908749
-8.29591,-1.68552,-4.14436,-1.70417,-0.55348,-0.926653,35.1246,50.2945,-33.9879,22966124
-8.31985,-1.17555,-3.66792,-1.80583,-0.425045,-0.814872,35.1246,50.2945,-33.9879,23037350
-8.57603,-1.34554,-4.31435,-1.30488,-0.450093,-0.812473,32.0467,48.6545,-36.9662,23094663
-9.32063,-2.89219,-4.80037,-1.11476,-0.665394,-0.812873,32.0467,48.6545,-36.9662,23154814
-8.60236,-3.68707,-3.4285,-1.51712,-1.0046,-0.590777,31.8656,49.5656,-37.4918,23216132
-7.40526,-3.73017,-3.27527,-1.29022,-0.884427,-0.79089,31.8656,49.5656,-37.4918,23276894
-8.82024,-4.23774,-1.94409,-1.51259,-0.576129,-0.733867,31.6846,51.5701,-35.2143,23337455
-8.86573,-3.98156,-2.89698,-1.83287,-0.577595,-0.715215,31.6846,51.5701,-35.2143,23407317
-8.67179,-4.24013,-2.80122,-2.07469,-0.285019,-0.83952,27.8824,50.659,-36.4406,23465054
-8.7915,-3.7589,-2.74136,-2.47465,-0.281955,-0.892945,27.8824,50.659,-36.4406,23523259
-8.54251,-3.62003,-2.89219,-2.0992,-0.429575,-0.885218,24.4424,51.2056,-39.7693,23584764
-8.91361,-3.54342,-2.62404,-2.57204,-0.289283,-0.807677,24.4424,51.2056,-39.7693,23642208
-9.02374,-2.9329,-2.87065,-2.15556,-0.38441,-0.757582,19.916,53.2101,-39.9445,23714529
-8.64307,-3.24175,-2.76051,-2.1469,-0.433705,-0.769973,19.916,53.2101,-39.9445,23773430
-8.72926,-2.79164,-2.19548,-2.0547,-0.269698,-0.696829,14.1223,53.2101,-41.6965,23832108
-9.24401,-1.40779,-3.81157,-2.25002,-0.231594,-0.577187,14.1223,53.2101,-41.6965,23893795
-9.7827,0.3304,-4.29998,-1.37882,-0.0763793,-0.491653,10.1391,53.939,-39.2437,23955859
-8.40125,-0.871489,-3.92888,-1.54296,-0.138065,-0.66019,10.1391,53.939,-39.2437,24014265
-7.8458,-0.421379,-3.96959,-1.68872,0.0194139,-1.06348,8.87168,54.1213,-37.3166,24087872
-8.51138,-1.04866,-4.52983,-1.62863,-0.348837,-1.09159,8.87168,54.1213,-37.3166,24146699
-8.5042,-1.2378,-4.20661,-1.83794,-0.536959,-1.11824,10.1391,56.4902,-35.039,24204372
-9.28711,-1.89381,-4.05338,-1.72389,-0.478205,-1.10878,10.1391,56.4902,-35.039,24266958
-8.66701,-1.99676,-3.84269,-2.41616,-0.465548,-1.14542,9.77695,58.3125,-32.5863,24325506
-8.36294,-1.48201,-3.62961,-2.1076,-0.53203,-1.16674,9.77695,58.3125,-32.5863,24383475
-8.52335,-1.17076,-3.3447,-2.27747,-0.534428,-1.18259,11.5875,58.6769,-28.732,24457212
-8.91122,-0.881066,-3.57215,-1.97596,-0.38361,-1.11078,11.5875,58.6769,-28.732,24514607
-8.61912,-1.17316,-3.98874,-2.03192,-0.47967,-1.15741,13.217,61.7748,-24.0018,24572459
-8.83221,-1.10851,-3.74453,-1.87551,-0.403329,-1.08666,13.217,61.7748,-24.0018,24633964
-8.73883,-1.40779,-3.33512,-1.56788,-0.450892,-0.895077,17.2002,61.7748,-20.1475,24695353
-9.0429,-2.29125,-4.87938,-0.904386,-0.882161,-0.732135,17.2002,61.7748,-20.1475,24752769
-7.29274,-3.37822,-3.2202,-0.620737,-1.24748,-0.653129,21.0023,63.4148,-18.5707,24822463
-8.69813,-4.58968,-0.490811,-1.22547,-0.427177,-0.72201,21.0023,63.4148,-18.5707,24879856
-9.82341,-3.65116,-3.94325,-1.84806,-0.358829,-0.67418,25.8908,63.5971,-14.5412,24941118
-8.40604,-3.85227,-1.94888,-1.75453,-0.339511,-0.702025,25.8908,63.5971,-14.5412,24999867
-9.01896,-3.88339,-3.0981,-2.25388,-0.0942323,-0.806878,28.7877,61.0459,-14.1908,25060519
-9.01656,-2.78685,-2.70784,-1.91974,-0.271163,-0.687769,28.7877,61.0459,-14.1908,25129506
-8.69095,-3.19386,-2.17154,-1.7123,-0.191358,-0.631146,30.7793,60.1347,-18.5707,25190166
-8.68137,-2.63601,-3.10767,-1.59079,-0.144327,-0.568927,30.7793,60.1347,-18.5707,25251230
-8.47068,-3.01669,-2.78446,-1.12928,-0.14899,-0.527892,32.4088,59.9525,-20.4978,25312079
-8.71968,-3.16513,-3.06458,-1.39161,-0.0353441,-0.454881,32.4088,59.9525,-20.4978,25369409
-10.6422,-2.72221,-5.60722,-1.50579,-0.154186,-0.430367,32.4088,58.4947,-22.6002,25427871
-8.27675,-0.641646,-2.16436,-2.39951,0.505175,-0.213866,32.4088,58.4947,-22.6002,25527871
-9.30865,-2.54982,-3.37343,-1.46569,0.216596,-0.741861,30.7793,57.5836,-24.8777,25590975
-7.55131,-0.773327,-5.86579,-1.70764,-0.545486,-0.913862,30.7793,57.5836,-24.8777,25652354
-8.09,-1.70707,-3.74214,-1.96038,-0.0619904,-1.09506,30.5982,56.308,-28.5568,25710036
-8.14746,-0.411803,-5.18105,-2.10427,-0.432773,-1.18765,30.5982,56.308,-28.5568,25772222
-7.99424,-1.17076,-4.44124,-1.98702,-0.455022,-1.22496,31.6846,54.4857,-31.36,25829892
-8.19535,-0.864306,-4.19943,-2.06296,-0.533495,-1.30836,31.6846,54.4857,-31.36,25902117
-8.43956,-1.18752,-4.28083,-1.83088,-0.611302,-1.32328,32.9519,52.1168,-33.2871,25966245
-8.44674,-1.41018,-4.0462,-2.06923,-0.610636,-1.33208,32.9519,52.1168,-33.2871,26024215
-8.48265,-1.60411,-4.00789,-1.98649,-0.618896,-1.30556,32.5898,50.2945,-36.4406,26084324
-8.36773,-2.31759,-4.38618,-1.88017,-0.754393,-1.31102,32.5898,50.2945,-36.4406,26142684
-7.82904,-3.28006,-3.94325,-1.99568,-1.19006,-1.07854,32.2277,51.0234,-37.8422,26199977
-8.59997,-5.24091,-1.99437,-0.486706,-1.62,-1.0347,32.2277,51.0234,-37.8422,26276389
-10.0293,-4.46279,-1.41497,-3.41952,0.0640463,-0.802215,33.8572,53.3924,-33.4623,26334408
-8.66701,-3.59609,-4.08211,-1.9356,-1.13357,-0.99167,33.8572,53.3924,-33.4623,26394296
-7.89368,-4.97036,-1.37188,-2.76163,0.0755042,-0.980478,29.5119,52.6635,-36.6158,26455525
-8.44435,-3.67989,-3.5075,-2.51462,-0.865108,-0.953965,29.5119,52.6635,-36.6158,26514243
-8.88248,-3.881,-2.46124,-2.68062,-0.381079,-0.924521,22.8129,52.8457,-39.9445,26572603
-8.69334,-3.86424,-3.21541,-2.59802,-0.729745,-1.06002,19.3728,53.3924,-38.0174,26651751
-8.38449,-2.8898,-2.16675,-2.56858,-0.516042,-1.02977,19.3728,53.3924,-38.0174,26710449
-10.2161,-2.1069,-2.48518,-1.99941,-0.257441,-0.72614,19.3728,53.3924,-38.0174,26771598
-8.51857,-0.562637,-3.24414,-2.47385,-0.160981,-0.656726,15.5707,55.0324,-37.8422,26832882
-8.05888,-1.25935,-4.85065,-1.19296,-0.738272,-1.04363,15.5707,55.0324,-37.8422,26891021
-9.29908,-3.22978,-3.98634,-2.65171,-0.288084,-1.30783,13.7602,56.1258,-36.4406,26967387
-8.10677,-2.56898,-3.87621,-2.43921,-1.10439,-1.64663,12.8549,57.4014,-32.0607,27027434
-9.09557,-2.04225,-2.01113,-3.48867,-0.336846,-1.4713,12.8549,57.4014,-32.0607,27085834
-9.2895,-0.617704,-4.00071,-2.60055,-0.801823,-1.45332,13.5791,59.9525,-30.6592,27147760
-8.29112,-1.50835,-2.71502,-2.17728,-0.459419,-1.33501,13.5791,59.9525,-30.6592,27205790
-8.33421,-2.06859,-3.66073,-2.20539,-0.795695,-1.34047,13.5791,59.9525,-30.6592,27263309
-10.2017,-3.67989,-3.74692,-1.90762,-0.741736,-1.13489,17.2002,59.5881,-26.1041,27336552
-7.56568,-2.5163,-3.83551,-2.05843,-0.948644,-0.733334,20.2781,62.6859,-21.7242,27393865
-7.65187,-4.49152,-2.80361,-0.657109,-1.2211,-0.947837,20.2781,62.6859,-21.7242,27453365
-9.76116,-4.5825,-2.77727,-2.75843,-0.116482,-0.847247,20.2781,62.6859,-21.7242,27510818
-7.94875,-2.7653,-3.38301,-1.6722,-0.661264,-0.753319,23.8992,62.3215,-17.5195,27568577
-8.40364,-3.28484,-2.82516,-1.98516,-0.0898357,-0.715481,23.8992,62.3215,-17.5195,27627139
-8.48505,-2.67193,-4.30717,-1.52951,-0.432506,-0.641405,27.8824,61.5926,-18.2203,27698433
-8.31985,-3.29203,-3.59848,-1.43465,-0.19229,-0.671248,27.8824,61.5926,-18.2203,27760541
-8.1762,-2.98557,-3.90255,-1.44024,-0.33165,-0.64287,27.8824,60.4992,-19.9723,27818320
-8.55687,-2.81558,-3.40216,-1.16925,-0.120612,-0.520564,27.8824,60.4992,-19.9723,27875949
-9.05726,-2.87783,-4.57292,-1.36164,-0.186961,-0.527892,30.7793,59.7703,-20.3226,27937548
-8.21929,-1.37906,-2.93769,-1.73375,0.245108,-0.392262,30.7793,59.7703,-20.3226,27995491
-8.85376,-0.847547,-5.87776,-0.702008,-0.40133,-0.768641,30.4172,59.7703,-23.8266,28066419
-8.51378,-2.49476,-4.21379,-2.09707,-0.0290823,-0.798751,30.4172,59.7703,-23.8266,28124781
-8.12113,-1.15879,-4.5394,-1.45317,-0.378548,-0.887749,31.5035,58.3125,-25.5785,28183285
-7.85059,-1.4054,-4.73334,-1.83194,-0.363359,-1.001,31.5035,58.3125,-25.5785,28240767
-7.94635,-1.80762,-4.42209,-1.76906,-0.505917,-1.16127,32.9519,56.1258,-26.9801,28302465
-8.18577,-1.72143,-4.63996,-2.31197,-0.527234,-1.2155,32.9519,56.1258,-26.9801,28374571
-8.23126,-1.55384,-4.43406,-1.94172,-0.728945,-1.29184,34.2193,54.1213,-29.608,28435506
-8.06846,-1.84593,-3.68228,-2.24429,-0.689775,-1.34247,34.2193,54.1213,-29.608,28496578
-9.07402,-2.15957,-4.30717,-1.82035,-0.828469,-1.44652,35.4867,54.668,-30.484,28554247
-7.90805,-3.49553,-3.81875,-2.22564,-1.38085,-1.1233,35.4867,54.668,-30.484,28611701
-8.12352,-3.52426,-1.90339,-1.69911,-1.13637,-1.05482,35.3057,54.1213,-32.0607,28669902
-8.88248,-3.99353,-2.20266,-1.9709,-0.768782,-0.963291,35.3057,54.1213,-32.0607,28743094
-8.68856,-4.9129,-2.19788,-1.86605,-0.75386,-0.939709,34.5814,51.9346,-32.4111,28800452
-8.65982,-4.65193,-2.30801,-2.59616,-0.483934,-0.939709,34.5814,51.9346,-32.4111,28859253
-8.70771,-4.38618,-2.75094,-2.53927,-0.695238,-0.870029,31.5035,51.3879,-36.0902,28917753
-8.99501,-3.79241,-2.38702,-2.75563,-0.477938,-0.812473,31.5035,51.3879,-36.0902,28976392
-8.43477,-3.36146,-2.91135,-2.15569,-0.526567,-0.79542,28.6066,51.7523,-37.4918,29038647
-8.36055,-3.70383,-2.67193,-2.15503,-0.576262,-0.815938,28.6066,51.7523,-37.4918,29111128
-8.5042,-3.21062,-2.25534,-2.08908,-0.512978,-0.836056,24.8045,51.5701,-39.4189,29172449
-10.3262,-1.96085,-3.15795,-2.5879,-0.127673,-0.637275,24.8045,51.5701,-39.4189,29233471
-8.17141,-0.442927,-3.14359,-2.07655,-0.503918,-0.650464,17.9244,53.0279,-40.1197,29292659
-8.03733,-1.74058,-4.25689,-0.965539,-0.871503,-1.15394,17.9244,53.0279,-40.1197,29352751
-9.69651,-2.97839,-3.00951,-3.11256,-0.342042,-1.19485,16.657,55.7613,-37.8422,29414589
-8.99022,-1.70946,-3.51229,-2.23736,-0.961301,-1.3009,13.9412,57.7658,-34.8639,29484080
-8.99741,-1.57538,-1.96564,-2.82878,-0.254243,-1.20177,13.9412,57.7658,-34.8639,29542478
-8.72926,-1.04627,-3.52666,-2.51435,-1.0058,-1.19911,13.9412,57.7658,-34.8639,29601065
-7.90326,-1.92733,-2.49715,-2.07882,-0.782504,-1.21723,14.8465,59.4058,-32.9367,29659028
-9.31344,-4.28323,-3.60327,-2.25162,-1.27799,-1.26946,14.8465,59.4058,-32.9367,29724689
-9.70848,-3.60088,-2.25055,-3.26698,-0.816745,-1.01379,15.5707,60.8637,-27.6809,29794025
-7.82664,-4.21619,-1.70467,-1.31394,-1.59335,-0.943173,15.5707,60.8637,-27.6809,29854997
-9.35893,-4.99191,-0.445321,-2.58909,0.0251428,-1.04829,15.5707,60.8637,-27.6809,29913758
-9.21049,-3.19147,-3.85945,-2.35714,-0.697636,-0.822066,15.5707,60.8637,-27.6809,29971412
-8.60955,-4.14197,-2.13563,-1.99755,-0.38401,-0.647933,21.7266,62.3215,-19.2715,30030457
-8.59279,-3.36385,-2.73418,-2.43588,-0.211742,-0.598238,21.7266,62.3215,-19.2715,30091510
-8.5066,-3.02388,-3.02148,-1.61664,-0.415586,-0.575722,24.4424,63.2326,-18.7459,30160767
-8.69334,-3.03106,-3.22978,-1.95678,-0.0241527,-0.515635,24.4424,63.2326,-18.7459,30219464
-8.24563,-2.67911,-3.43568,-1.22574,-0.281289,-0.50844,25.3477,60.4992,-19.9723,30277238
-8.23605,-2.63362,-2.92811,-1.30488,-0.0813089,-0.502978,25.3477,60.4992,-19.9723,30338706
-9.14345,-2.41814,-4.87938,-1.0187,-0.202016,-0.524428,25.8908,61.0459,-19.4467,30399679
-8.11395,-0.955286,-3.51469,-1.58107,0.277616,-0.263428,25.8908,61.0459,-19.4467,30457364
-8.57603,-0.723049,-4.31674,-0.301249,-0.155785,-0.345099,27.5203,61.2281,-22.7754,30529087
-9.23922,-1.00078,-4.98473,-1.53643,0.117739,-0.276884,27.5203,61.2281,-22.7754,30586698
-7.77158,-0.567425,-4.48673,-0.461392,-0.0907683,-0.360953,25.5287,59.9525,-23.301,30644014
-8.62152,-0.651223,-4.5011,-1.02509,0.104016,-0.337638,25.5287,59.9525,-23.301,30707475
-8.36773,-0.162806,-5.02303,-0.697478,-0.0865049,-0.339903,27.7014,59.9525,-24.3521,30768352
-7.92002,-0.354342,-4.62081,-1.0171,0.0497906,-0.389065,27.7014,59.9525,-24.3521,30839641
-8.5473,-0.397437,-5.00867,-0.649648,-0.0178908,-0.56866,27.5203,59.7703,-25.5785,30901686
-8.49463,-1.68312,-5.39413,-0.629663,-0.0923671,-0.44742,27.5203,59.7703,-25.5785,30959413
-6.66785,-1.79326,-4.05578,-0.532005,-0.0152262,-0.531622,29.5119,57.0369,-26.4545,31016764
-8.07085,-1.16837,-4.72615,-0.0045428,0.0112868,-0.346964,29.5119,57.0369,-26.4545,31075089
-8.35097,-2.00395,-4.90093,-0.04731,-0.24132,-0.1254,31.3225,56.6724,-25.7537,31136865
-8.33182,-2.28646,-4.84826,0.0595414,-0.0903686,-0.0935581,31.3225,56.6724,-25.7537,31205481
-8.22169,-1.92733,-4.56095,0.159731,0.0311382,0.0279487,32.0467,59.5881,-24.7025,31263894
-8.30069,-2.23618,-4.9129,0.195437,-0.0758464,0.0928323,32.0467,59.5881,-24.7025,31325116
-8.17141,-2.21703,-4.65672,0.232742,0.0946895,0.139197,32.5898,57.2191,-26.6297,31382829
-8.25999,-2.24815,-4.61602,0.228345,0.0885608,0.126407,32.5898,57.2191,-26.6297,31447601
-8.17141,-2.05901,-4.77883,0.281771,0.114008,0.115348,32.0467,57.7658,-25.4033,31506419
-8.17859,-2.11647,-4.73573,0.2009,0.147849,0.0811079,32.0467,57.7658,-25.4033,31576232
-8.02297,-2.05662,-4.80756,0.21742,0.125866,0.0712488,31.5035,56.8547,-25.5785,31634772
-8.14986,-2.11647,-4.92727,0.150538,0.111477,0.0691171,31.5035,56.8547,-25.5785,31694655
-8.02776,-1.95606,-5.08049,0.150139,0.100285,0.0835061,31.3225,57.7658,-25.4033,31753284
-7.97748,-1.96564,-4.86262,0.0855215,0.100152,0.0835061,31.3225,57.7658,-25.4033,31814817
-7.97987,-1.92015,-4.96557,0.0889855,0.0639131,0.0699165,31.8656,56.8547,-25.2281,31875956
-8.03494,-1.90339,-5.27682,0.134417,0.0139514,0.0529962,31.8656,56.8547,-25.2281,31947118
-8.05648,-1.97282,-4.84586,-0.00774035,0.0639131,0.0440697,29.874,57.7658,-26.1041,32008794
-8.09958,-1.93212,-4.90332,0.0135767,0.0503235,0.0386072,29.874,57.7658,-26.1041,32067170
-7.98945,-1.87705,-5.00388,0.0280989,0.00875538,0.0331447,30.7793,57.5836,-25.2281,32128872
-8.06128,-1.91776,-4.8698,-0.0454448,0.0408641,0.0234188,30.7793,57.5836,-25.2281,32191017
-8.11395,-1.89381,-4.9129,0.00518307,0.00222706,0.0184893,30.4172,58.3125,-26.9801,32260058
-8.10916,-1.93691,-4.94881,-0.0234616,0.0054246,0.00596556,30.5982,58.1303,-25.7537,32317584
-8.03733,-1.85551,-4.96557,-0.00920591,0.0144843,0.00210185,30.5982,58.1303,-25.7537,32376482
-8.12592,-1.89142,-4.85544,-0.0253268,0.00116121,0.013693,30.5982,58.1303,-25.7537,32437970
-8.14028,-1.82917,-4.89853,0.0202382,0.00422552,0.0162244,30.9603,58.1303,-26.4545,32495584
-8.13071,-1.79805,-4.89135,0.0639381,0.0441949,0.0340773,30.9603,58.1303,-26.4545,32555456
-8.11634,-1.91057,-4.76446,0.0416884,0.0500571,0.0625888,30.7793,57.5836,-24.8777,32624585
-8.12113,-1.87466,-4.88177,0.164794,0.0330035,0.0707159,30.7793,57.5836,-24.8777,32683780
-8.1331,-1.82678,-4.83389,0.127623,0.0845639,0.0884356,31.1414,57.948,-24.8777,32742338
-8.10437,-1.87227,-4.9129,0.154535,0.0495241,0.0887021,31.1414,57.948,-24.8777,32803304
-8.05409,-1.83635,-4.98233,0.179849,0.0608488,0.094431,30.9603,57.4014,-25.7537,32864409
-8.06606,-1.85072,-5.00867,0.160797,0.0350019,0.10056,30.9603,57.4014,-25.7537,32932890
-8.0517,-1.91776,-4.98233,0.165593,0.0363342,0.0921661,31.1414,59.7703,-26.6297,32991456
-7.98705,-1.89142,-4.98952,0.145342,0.0140846,0.0868369,31.1414,59.7703,-26.6297,33049777
-8.07325,-1.83635,-4.89375,0.13122,0.0150172,0.0783101,30.9603,58.8592,-25.0529,33111435
-8.09479,-1.8579,-4.93205,0.085255,0.00355937,0.0617894,30.9603,58.8592,-25.0529,33169084
-8.10437,-1.89381,-4.93205,0.128022,-0.0106964,0.0529962,29.874,57.7658,-24.7025,33230882
-8.18817,-1.89142,-4.75967,0.019572,0.0274078,0.0459349,29.874,57.7658,-24.7025,33300014
-8.2169,-1.78607,-4.69263,0.0624725,0.014884,0.06099,29.5119,57.4014,-24.3521,33359942
-8.20014,-1.71904,-4.74052,0.120561,0.00182736,0.0908338,29.5119,57.4014,-24.3521,33421155
-8.1762,-1.94888,-4.5825,0.124558,-0.0152262,0.126939,30.5982,57.7658,-25.0529,33482095
-8.36294,-2.05183,-4.74531,0.20876,-0.0409399,0.146524,30.5982,57.7658,-25.0529,33539573
-8.20253,-2.43011,-4.65911,0.17825,-0.105024,0.161713,29.3308,59.4058,-23.1258,33598147
-8.04451,-2.32238,-4.11563,0.12216,0.00635722,0.145459,29.3308,59.4058,-23.1258,33667626
-8.55448,-2.42293,-4.55138,0.259921,0.0965547,0.129471,28.7877,59.9525,-22.9506,33724998
-8.67179,-2.38223,-4.99909,0.0217037,0.10255,0.174903,28.7877,59.9525,-22.9506,33786394
-7.73566,-1.69031,-4.58489,0.268581,-0.0341451,0.286284,27.7014,60.317,-22.6002,33844947
-8.42519,-1.89142,-4.29041,0.163595,0.0787018,0.222999,27.7014,60.317,-22.6002,33902683
-8.6287,-1.39103,-4.75249,0.105373,0.0308718,0.259238,28.2445,60.1347,-23.1258,33964484
-8.20014,-0.933739,-4.45321,0.14401,0.05925,0.264834,28.2445,60.1347,-23.1258,34033954
-8.51617,-0.907402,-4.45561,0.224082,-0.0869046,0.232858,26.615,59.5881,-24.0018,34094641
-8.86094,-0.656011,-4.53701,-0.0422472,0.0731061,0.138664,26.615,59.5881,-24.0018,34158829
-8.74123,-0.289698,-4.72136,-0.011604,0.0864291,0.0147588,26.0719,59.4058,-23.1258,34216829
-8.18338,-0.380678,-4.47476,-0.231169,0.119604,-0.0882289,26.0719,59.4058,-23.1258,34274599
-8.47068,-0.0814028,-4.76207,-0.220644,0.160239,-0.180158,24.8045,60.317,-24.7025,34347013
-8.35576,-0.4956,-4.77164,-0.426353,0.191549,-0.199877,24.8045,60.317,-24.7025,34407556
-9.06923,-1.29287,-5.50187,-0.284994,-0.0448035,-0.136059,26.434,59.7703,-25.9289,34466035
-6.99107,-1.11091,-4.35266,-0.176011,0.10668,-0.203474,26.434,59.7703,-25.9289,34528595
-8.40843,-1.14203,-4.69503,0.0294312,0.0405976,-0.177894,25.5287,58.1303,-24.3521,34588052
-8.6287,-1.48919,-5.32231,-0.193998,-0.0526642,-0.0465275,25.5287,58.1303,-24.3521,34645753
-7.8434,-1.5706,-4.84586,-0.223575,-0.0105631,-0.116207,25.8908,57.4014,-25.7537,34718981
-8.32703,-1.18274,-4.86262,-0.0482426,-0.0621236,-0.0741064,25.8908,57.4014,-25.7537,34777019
-8.43716,-1.16598,-4.52025,-0.0991369,-0.0240195,-0.0084234,28.4256,59.9525,-26.1041,34838037
-8.30548,-1.14443,-4.75967,0.207028,-0.0795769,0.0338109,28.4256,59.9525,-26.1041,34896333
-8.43956,-1.19949,-4.61123,0.181981,0.0380662,0.0693836,28.9687,59.0414,-26.2793,34954868
-8.35097,-1.2378,-4.64714,0.330667,-0.0205555,0.116281,28.9687,59.0414,-26.2793,35012714
-8.41562,-1.4437,-4.67827,0.333864,0.0391321,0.121077,28.2445,59.0414,-24.1769,35085512
-8.31746,-1.51074,-4.52743,0.338794,0.0340693,0.133468,28.2445,59.0414,-24.1769,35146408
-8.39167,-1.6927,-4.63757,0.344123,0.0182148,0.122143,26.9771,59.5881,-23.6514,35206535
-8.52335,-1.42694,-4.58968,0.397149,0.0866956,0.184495,26.9771,59.5881,-23.6514,35265274
-8.42759,-1.57538,-4.23774,0.450175,0.113475,0.242184,25.7098,59.0414,-23.8266,35323253
-8.48984,-1.42216,-4.64954,0.637232,0.11081,0.312797,25.7098,59.0414,-23.8266,35393586
-8.35815,-1.45567,-4.49631,0.720101,0.130529,0.419115,26.9771,59.9525,-23.6514,35452047
-8.50181,-1.16598,-4.458,0.719702,0.142253,0.509313,26.9771,59.9525,-23.6514,35512860
-8.38689,-0.679953,-4.38378,0.969644,0.116006,0.662795,25.8908,59.2236,-22.2498,35571260
-8.39886,-0.251391,-4.21858,1.24144,0.0140846,0.841192,25.8908,59.2236,-22.2498,35628719
-9.02135,-0.232238,-3.82593,1.5468,0.131861,0.904077,22.9939,61.4103,-21.549,35686950
-8.90882,-0.21069,-4.21379,1.57385,0.0631137,0.907408,22.9939,61.4103,-21.549,35759213
-8.9591,-0.560243,-3.98634,1.43782,0.251236,0.767248,19.3728,63.5971,-20.1475,35820825
-8.44435,-0.61531,-4.27604,1.52122,0.238979,0.564337,19.3728,63.5971,-20.1475,35882387
-8.56166,-0.565031,-4.19464,1.17895,0.405651,0.43497,18.1055,62.3215,-21.7242,35941321
-8.60476,-0.318429,-4.40533,1.17575,0.404985,0.419515,18.1055,62.3215,-21.7242,35998782
-8.77714,-0.785298,-4.72855,1.37253,0.306793,0.460284,16.657,63.0504,-21.3738,36058613
-8.41322,-0.952892,-3.71819,1.35402,0.409914,0.558209,16.657,63.0504,-21.3738,36129426
-8.72447,-1.88902,-3.88339,1.48711,0.35076,0.45189,15.3896,62.1392,-24.7025,36190064
-8.55448,-1.88424,-4.36942,1.27568,0.407916,0.683579,15.3896,62.1392,-24.7025,36251899
-8.01579,-2.66235,-3.58173,1.73159,0.218461,0.766316,16.2949,61.957,-26.2793,36309506
-9.17458,-2.89938,-4.11084,1.43249,0.373542,0.769513,16.2949,61.957,-26.2793,36367372
-8.69095,-2.3104,-4.18746,1.84337,0.29427,1.03291,12.8549,61.4103,-29.2576,36425458
-8.24084,-3.04064,-3.51469,1.88361,0.205804,0.979752,12.8549,61.4103,-29.2576,36495165
-8.48505,-2.52109,-4.31674,1.98034,0.250304,1.07568,13.217,58.1303,-28.2064,36555708
-8.75559,-2.54504,-3.32076,2.05934,0.358087,1.17067,13.217,58.1303,-28.2064,36614032
-8.59758,-2.63362,-3.38301,2.13728,0.381803,1.20078,10.8633,58.6769,-32.5863,36672609
-8.58081,-2.65517,-3.304,2.16899,0.442956,1.21331,10.8633,58.6769,-32.5863,36730294
-8.68856,-2.56658,-3.65116,2.25133,0.360486,1.23835,9.59589,56.6724,-34.8639,36792144
-9.77792,-1.8172,-4.07014,2.14061,0.4716,1.19945,9.59589,56.6724,-34.8639,36862329
-8.23845,-0.37589,-2.94247,1.74971,0.351692,1.36266,8.50957,56.308,-37.667,36923617
-8.74123,0.217872,-3.86424,2.19031,0.0954889,1.24128,8.50957,56.308,-37.667,36984954
-9.38287,0.153229,-3.74453,2.01191,0.397657,1.21997,9.59589,54.8502,-37.667,37043631
-8.67179,-0.083797,-3.19386,2.48821,0.284677,1.10206,9.59589,54.8502,-37.667,37101287
-8.55687,-0.186748,-3.24414,2.21189,0.433097,1.04837,11.2254,52.4812,-40.2949,37159832
-8.94713,-0.366313,-3.7158,2.53844,0.314921,0.954039,11.2254,52.4812,-40.2949,37233163
-8.91122,-0.651223,-3.77087,2.18764,0.503443,0.870236,15.5707,52.8457,-41.3461,37291147
-8.9184,-0.811634,-4.04381,2.20789,0.49465,0.811215,15.5707,52.8457,-41.3461,37349760
-8.12831,-0.893037,-4.06056,1.98646,0.600568,0.76938,21.3644,50.2945,-42.3972,37408112
-9.10754,-1.61848,-4.78122,2.12343,0.470801,0.775908,21.3644,50.2945,-42.3972,37467682
-8.14746,-2.59053,-2.44209,2.05934,0.615623,0.966962,24.8045,50.1123,-41.5213,37529276
-9.08839,-2.77248,-4.61841,1.6727,0.517032,0.79163,24.8045,50.1123,-41.5213,37601205
-9.31823,-2.56419,-5.57131,2.14687,0.339036,1.1359,30.0551,49.9301,-43.098,37661525
-8.27436,-3.02148,-2.77967,2.07,0.534086,1.26367,30.0551,49.9301,-43.098,37723445
-8.41322,-2.73897,-4.12521,2.18191,0.296535,1.23982,31.1414,50.2945,-38.543,37781472
-8.5473,-2.59053,-4.26168,2.14048,0.415244,1.36666,31.1414,50.2945,-38.543,37838920
-8.53054,-2.62404,-3.62003,2.33726,0.327045,1.3484,33.133,52.299,-34.5135,37897695
-8.42998,-2.71263,-3.89536,2.08959,0.365415,1.29271,33.133,52.299,-34.5135,37969619
-8.40125,-2.53546,-3.28724,2.21362,0.339568,1.2209,32.0467,53.7568,-32.4111,38027323
-8.43956,-2.53785,-3.40934,2.15034,0.377939,1.12671,32.0467,53.7568,-32.4111,38085246
-8.83939,-2.63123,-3.98874,2.00378,0.310257,0.977354,31.8656,56.1258,-28.3816,38142887
-9.24162,-0.861912,-5.01346,1.44168,0.408849,1.00933,31.8656,56.1258,-28.3816,38204372
-8.17141,0.107739,-3.71819,2.02936,0.0795012,1.29205,31.3225,57.7658,-25.7537,38265313
-9.38048,-0.232238,-2.92811,2.09491,0.262294,1.03931,31.3225,57.7658,-25.7537,38335613
-9.05247,0.0287304,-4.27365,2.28424,0.245907,0.963098,26.7961,59.4058,-22.425,38396867
-8.6287,-0.897825,-3.16513,2.10984,0.651063,0.874899,26.7961,59.4058,-22.425,38454307
-8.64067,-0.715866,-4.07014,2.10531,0.459876,0.874766,26.615,60.6814,-21.549,38514373
-8.40125,-1.54187,-4.14676,2.03349,0.463473,0.788299,26.615,60.6814,-21.549,38575268
-8.73165,-1.31681,-4.15873,1.71534,0.592574,0.733008,23.8992,60.8637,-21.3738,38635954
-8.28872,-1.17555,-4.18267,1.6739,0.55114,0.739536,23.8992,60.8637,-21.3738,38708112
-8.81545,-1.75016,-5.05895,1.82605,0.421372,0.68278,22.6318,61.0459,-22.6002,38766811
-7.49385,-2.34632,-3.05021,1.5857,0.338502,0.757256,22.6318,61.0459,-22.6002,38824359
-9.25359,-3.40934,-4.84107,1.53095,0.419907,0.517973,19.735,60.6814,-21.549,38882838
-8.6694,-2.58095,-5.18105,1.47379,0.50211,0.959767,19.735,60.6814,-21.549,38941241
-8.58321,-2.7653,-4.23055,2.27558,-0.673522,0.915934,19.3728,61.7748,-23.301,39002022
-7.90805,-4.02705,-1.51792,1.26062,0.971217,0.83,19.3728,61.7748,-23.301,39074998
-8.73883,-2.07338,-4.90093,1.92558,0.157575,0.985081,17.9244,61.7748,-24.7025,39132542
-8.53532,-3.07894,-2.9305,2.10264,0.59324,1.04077,17.9244,61.7748,-24.7025,39190090
-8.53293,-2.78924,-4.09648,1.88201,0.365282,1.07608,14.8465,61.957,-26.2793,39248292
-8.1762,-2.82037,-3.05739,2.09305,0.355956,1.04983,14.8465,61.957,-26.2793,39310127
-8.68377,-2.73418,-3.23696,1.96475,0.418441,1.01719,11.7686,59.5881,-27.1553,39367976
-9.22964,-2.85628,-3.07176,2.0243,0.681573,0.96976,11.7686,59.5881,-27.1553,39441174
-9.09557,-2.01352,-3.79241,1.67244,0.972816,1.14256,11.7686,58.4947,-30.6592,39499419
-8.31506,-1.47962,-3.3423,1.94276,0.852508,1.28552,11.7686,58.4947,-30.6592,39559210
-8.1762,-1.00078,-4.37181,1.66791,0.521163,1.3075,11.0443,55.2146,-37.667,39620509
-9.11951,-0.507571,-4.34547,2.15567,0.498913,1.30004,11.0443,55.2146,-37.667,39682127
-8.32703,-1.36709,-4.5011,1.896,0.414577,1.29564,10.8633,53.939,-42.0469,39740958
-7.53455,-1.00556,-5.05895,2.13115,0.3417,1.24448,10.8633,53.939,-42.0469,39813225
-8.13549,-0.976834,-5.05176,1.93877,0.343299,1.36799,11.4064,50.1123,-42.2221,39873157
-8.54969,0.122104,-4.3766,2.4108,0.262694,1.33335,11.4064,50.1123,-42.2221,39931962
-8.66701,0.390255,-3.75411,2.48142,0.41591,1.23476,13.217,49.0189,-44.3244,39996779
-8.96389,-2.1069,-4.42688,2.99156,0.37181,1.13497,13.217,49.0189,-44.3244,40054866
-7.77637,-2.96402,-2.92811,1.66231,0.583648,1.03438,18.6486,50.1123,-45.0252,40113442
-8.40364,-1.98,-5.25288,2.15647,0.417109,1.08461,18.6486,50.1123,-45.0252,40185920
-9.19852,-3.08852,-4.3742,1.76557,0.293737,1.09007,23.5371,48.1078,-43.4484,40244623
-8.14986,-2.34632,-4.03423,1.85483,0.238046,1.04237,23.5371,48.1078,-43.4484,40301967
-8.40364,-2.11408,-4.13957,1.91439,0.287875,0.946711,25.1666,49.7478,-42.2221,40363904
-8.2576,-2.48279,-4.33111,1.88494,0.270022,0.968294,25.1666,49.7478,-42.2221,40422324
-7.93678,-2.37984,-3.96719,1.84551,0.250037,0.971092,27.7014,49.7478,-41.1709,40480311
-8.08282,-2.37505,-4.27844,1.74598,0.195945,0.931922,27.7014,49.7478,-41.1709,40551221
-7.79073,-2.12126,-3.31357,1.70028,0.24684,0.892352,30.5982,52.6635,-35.5646,40609450
-9.3302,-2.81558,-4.51786,1.92278,0.158774,0.725414,30.5982,52.6635,-35.5646,40671542
-8.73165,-1.14922,-3.35188,0.854665,0.556602,0.875566,32.5898,51.7523,-34.3383,40730611
-8.13549,-0.562637,-4.80995,2.06907,-0.204148,0.877431,32.5898,51.7523,-34.3383,40788584
-9.43555,-0.979228,-2.96402,1.43022,0.482525,0.838527,31.5035,55.0324,-30.484,40846116
-9.2895,-0.0047884,-4.34308,1.76876,0.219527,0.882227,31.5035,55.0324,-30.484,40915864
-9.02135,-1.19471,-3.18429,1.65805,0.643336,0.826137,32.5898,54.668,-28.0312,40973497
-8.52335,-0.727837,-4.22816,1.89933,0.583381,0.825737,32.5898,54.668,-28.0312,41034990
-8.45153,-1.39342,-4.29041,1.7677,0.695562,0.825337,32.0467,56.6724,-26.8049,41093438
-8.24084,-1.02951,-4.56813,1.50603,0.616023,0.886357,32.0467,56.6724,-26.8049,41150798
-8.12592,-1.02711,-4.57771,1.79328,0.464406,0.911671,31.5035,57.2191,-28.732,41212564
-8.11874,-1.075,-4.38139,1.5115,0.58951,0.825204,31.5035,57.2191,-28.732,41281531
-8.87291,-1.82678,-5.73411,1.91519,0.372343,0.760853,31.1414,56.4902,-26.2793,41344612
-7.16105,-2.00155,-3.3016,1.35855,0.457744,0.820541,31.1414,56.4902,-26.2793,41405562
-9.54329,-2.58095,-5.46596,1.57172,0.340235,0.770579,29.874,57.4014,-24.7025,41463688
-8.63588,-2.57616,-4.6639,1.58051,0.35036,0.92153,29.874,57.4014,-24.7025,41523373
-8.50899,-2.50194,-3.89058,1.72853,0.221925,0.912204,28.9687,60.1347,-24.1769,41582298
-8.30069,-2.89698,-4.30238,1.72253,0.348495,0.900213,28.9687,60.1347,-24.1769,41650799
-8.26717,-2.77488,-4.4987,1.75771,0.421372,1.05343,24.2613,60.1347,-23.1258,41712451
-8.06606,-2.86825,-4.28562,1.88841,0.278682,1.11498,24.2613,60.1347,-23.1258,41770805
-8.10437,-2.81558,-3.96001,1.81926,0.369545,1.16201,22.2697,61.4103,-22.6002,41828718
-8.4228,-2.61926,-4.21619,1.97847,0.302397,1.21224,22.2697,61.4103,-22.6002,41890939
-8.06846,-2.49236,-3.65116,1.96701,0.407117,1.23875,18.2865,62.1392,-23.301,41948677
-9.24162,-2.83234,-4.80516,2.19684,0.393793,1.08447,18.2865,62.1392,-23.301,42018831
-8.46111,-0.713472,-4.29998,1.28607,0.410314,1.29884,14.3033,61.4103,-24.3521,42083256
-8.10677,-0.565031,-3.14359,2.25586,0.090959,1.0878,14.3033,61.4103,-24.3521,42141008
-9.58878,-0.0766144,-4.3766,1.26515,0.547143,1.16934,10.1391,60.8637,-26.2793,42201298
-8.60955,-0.167594,-3.72298,2.32314,0.153578,1.0493,10.1391,60.8637,-26.2793,42262376
-8.59279,-0.76375,-3.51708,1.9854,0.685303,0.911005,7.24219,60.1347,-30.484,42319965
-8.99501,-1.04148,-4.67348,2.11143,0.656792,1.00014,7.24219,60.1347,-30.484,42395238
-8.07803,-1.52032,-4.23534,1.75264,0.686236,1.05863,7.6043,55.7613,-36.0902,42455784
-8.02057,-0.914585,-5.05655,2.09252,0.442156,1.05823,7.6043,55.7613,-36.0902,42513640
-7.99663,-1.37667,-4.76925,1.80527,0.538749,1.02265,8.87168,54.8502,-39.7693,42573692
-8.13789,-1.68791,-4.8291,2.0319,0.473199,0.957369,8.87168,54.8502,-39.7693,42632913
-7.34301,-3.1364,-4.10845,1.54041,0.438293,1.02745,11.2254,52.8457,-42.0469,42690733
-8.71729,-2.63841,-6.56251,1.74398,0.330908,1.03797,11.2254,52.8457,-42.0469,42765917
-9.2081,-1.08936,-5.05895,2.30648,0.345164,1.61313,11.0443,51.9346,-43.2732,42823348
-8.52096,-1.59454,-3.51469,3.21033,0.0925578,1.40276,11.0443,51.9346,-43.2732,42883418
-8.14028,-3.24893,-2.94247,2.47009,0.545677,1.39304,16.657,50.659,-43.7988,42944556
-8.84657,-2.67911,-4.22816,2.82569,0.333306,1.43847,16.657,50.659,-43.7988,43001968
-8.07325,-3.08373,-3.47638,2.45957,0.446153,1.4807,20.4592,49.7478,-42.2221,43059322
-8.42519,-3.02388,-3.37343,2.48035,0.380604,1.28725,20.4592,49.7478,-42.2221,43134027
-8.67658,-2.82995,-3.6727,2.32727,0.424303,1.19266,23.7182,50.1123,-41.8717,43191587
-8.41083,-2.72939,-3.37343,2.35871,0.501444,1.03398,23.7182,50.1123,-41.8717,43250515
-8.82024,-2.29125,-4.35266,1.67071,0.503309,0.961499,29.693,50.2945,-40.9957,43308202
-7.78594,-1.22104,-4.38618,1.84844,0.440558,1.10606,29.693,50.2945,-40.9957,43365749
-8.48744,-1.56341,-3.73017,2.26265,0.200475,1.05689,30.7793,51.0234,-37.8422,43423672
-9.21767,-1.01275,-4.53462,1.68256,0.47693,1.02052,30.7793,51.0234,-37.8422,43499206
-8.91361,-1.21625,-3.43568,2.13661,0.590709,1.00773,32.2277,51.7523,-33.9879,43556925
-8.83939,-0.995988,-4.13957,2.12609,0.734466,1.07701,32.2277,51.7523,-33.9879,43618896
-8.4204,-1.38145,-3.89776,2.19724,0.640538,1.06902,34.2193,51.5701,-31.7103,43676588
-8.70292,-1.76931,-4.41251,2.22228,0.768573,1.03038,34.2193,51.5701,-31.7103,43734245
-8.0493,-1.7741,-4.57292,1.96248,0.699959,0.928192,34.7625,53.939,-31.1848,43799441
-8.05648,-2.38223,-4.80516,1.90613,0.655593,0.73927,34.7625,53.939,-31.1848,43868340
-6.73249,-2.47321,-3.75411,1.40584,0.432031,0.765517,34.9435,54.4857,-28.2064,43925622
-9.19373,-4.12281,-4.92487,1.93291,0.310124,0.696236,34.9435,54.4857,-28.2064,43983906
-9.63905,-2.35589,-3.22499,0.707045,1.06794,1.0866,34.5814,55.5791,-26.1041,44042480
-8.27197,-2.43011,-6.23929,2.44011,-0.364425,1.15149,34.5814,55.5791,-26.1041,44099857
-8.20732,-3.70383,-2.42293,1.47526,0.642136,0.946045,32.9519,59.0414,-24.1769,44164655
-8.15704,-2.21464,-4.04141,2.40161,0.219794,1.13257,32.9519,59.0414,-24.1769,44233553
-8.51138,-3.38061,-3.48835,2.1101,0.433896,1.15042,32.0467,60.6814,-21.1986,44293646
-8.3414,-3.04303,-3.27766,2.00605,0.62868,1.22476,32.0467,60.6814,-21.1986,44354355
-8.18577,-2.73418,-3.39737,2.49341,0.298933,1.27339,27.5203,61.957,-19.9723,44412077
-9.20091,-3.16035,-2.61207,2.418,0.67731,1.2197,27.5203,61.957,-19.9723,44472470
-9.58638,-2.58334,-4.83868,2.04389,0.642136,1.19985,22.2697,61.4103,-21.549,44530853
-8.05888,-0.782904,-3.18429,2.10757,0.545277,1.42181,22.2697,61.4103,-21.549,44600721
-8.96628,-1.30005,-3.98156,2.67767,0.164369,1.23942,16.476,63.5971,-21.8994,44658295
-9.12909,-1.59214,-3.89536,1.45847,0.622951,1.21024,16.476,63.5971,-21.8994,44717492
-7.97269,-0.514753,-3.73735,2.19111,0.203273,0.867438,14.4844,60.8637,-24.5273,44775996
-8.66701,-1.14443,-3.37822,1.99832,0.783361,0.889821,14.4844,60.8637,-24.5273,44836793
-8.90643,-1.04387,-3.58412,2.12396,0.637473,0.92153,10.3201,59.9525,-27.856,44894912
-8.33421,-1.18274,-3.28484,1.90173,0.831058,1.0545,10.3201,59.9525,-27.856,44967638
-9.29908,-2.13563,-3.48596,3.00355,0.87276,0.993608,11.5875,60.1347,-33.6375,45026590
-8.82742,-4.42688,-3.39977,1.90453,0.818668,1.38704,11.5875,60.1347,-33.6375,45090048
-8.37492,-3.40695,-5.01106,2.05628,0.868363,1.36559,10.3201,55.5791,-36.9662,45152142
-9.06684,-3.36625,-5.48033,2.04668,0.559267,1.63205,10.3201,55.5791,-36.9662,45210909
-7.97748,-2.49236,-4.86741,2.7664,0.451882,1.68641,11.7686,53.0279,-40.8205,45272906
-7.41963,-1.97282,-3.51708,3.00142,0.618954,1.82017,11.7686,53.0279,-40.8205,45341910
-8.96149,-1.76213,-3.73495,4.03516,0.535152,2.07318,14.3033,50.8412,-43.6236,45399608
-8.7963,-2.72939,-2.73657,3.9339,0.69383,1.83257,14.3033,50.8412,-43.6236,45457961
-8.6263,-3.62003,-3.10767,3.83278,0.710484,1.7421,21.7266,50.2945,-42.7477,45522224
-7.78594,-4.27125,-2.52588,3.58217,0.583381,1.56104,21.7266,50.2945,-42.7477,45580108
-7.77876,-3.85466,-2.66714,3.20633,0.65919,1.4783,29.693,49.5656,-40.6453,45641787
-9.95509,-1.55384,-3.65834,2.4589,0.874758,1.58569,29.693,49.5656,-40.6453,45710658
-9.72285,-1.37667,-3.65355,2.83888,0.381403,1.58449,30.7793,51.7523,-37.8422,45770988
-9.94072,-1.84832,-2.54743,3.00035,0.93338,1.35133,30.7793,51.7523,-37.8422,45829313
-8.40364,-1.42455,-3.48835,2.80304,0.874225,1.49456,34.5814,52.299,-34.5135,45890317
-8.31506,-2.3128,-3.03585,3.2006,0.923921,1.28672,34.5814,52.299,-34.5135,45948232
-8.28394,-2.79403,-4.40772,2.61012,0.906201,1.16934,35.8488,52.4812,-30.1336,46005853
-7.98945,-2.229,-4.04141,2.24933,0.860636,1.25448,35.8488,52.4812,-30.1336,46078094
-8.04691,-2.78206,-3.60327,2.671,0.717279,1.32362,36.0299,54.1213,-27.1553,46135434
-7.92959,-4.05338,-0.703895,2.81969,0.310524,1.44087,36.0299,54.1213,-27.1553,46196025
-11.1761,-4.7884,-5.1188,2.24227,1.02491,1.15562,35.3057,57.7658,-21.8994,46254181
-8.82502,-2.80361,-4.98233,3.24976,0.587911,1.84655,35.3057,57.7658,-21.8994,46315204
-7.87932,-3.73017,-1.37427,3.53168,0.383535,1.63032,30.9603,60.317,-19.7971,46372866
-8.56166,-4.29759,-3.1364,3.28587,0.892478,1.64617,30.9603,60.317,-19.7971,46445500
-8.39407,-4.26168,-2.03747,2.79118,0.742193,1.51508,26.2529,61.7748,-19.0963,46503374
-8.49223,-3.41174,-2.20506,3.40964,0.893011,1.4394,26.2529,61.7748,-19.0963,46566571
-9.53371,-2.77009,-4.16112,2.42013,0.845447,1.50695,19.1918,61.5926,-20.673,46627552
-7.94635,-0.972046,-2.26491,2.38762,0.682639,1.42288,19.1918,61.5926,-20.673,46685099
-9.85453,-1.63284,-4.50349,3.09042,0.416842,1.17254,14.6654,62.8682,-23.301,46742403
-9.13627,-2.01113,-2.65277,1.87855,1.03344,1.21304,14.6654,62.8682,-23.301,46816289
-8.66701,-1.43891,-3.99353,3.18155,0.901537,1.3468,11.7686,59.2236,-28.9072,46876660
-8.36055,-1.94649,-3.70144,2.48022,1.11551,1.49602,11.7686,59.2236,-28.9072,46934389
-7.87213,-2.07338,-4.73334,2.94,0.725672,1.44833,11.9496,57.5836,-35.7398,46992574
-7.77876,-2.28167,-4.11324,2.29623,0.806943,1.46778,11.9496,57.5836,-35.7398,47053645
-8.05888,-2.42533,-3.91931,2.72536,0.569925,1.62632,14.1223,56.1258,-37.1414,47111681
-9.55765,-2.6001,-5.21457,2.91549,0.604565,1.62366,14.1223,56.1258,-37.1414,47184363
-8.96389,-1.97522,-3.93128,2.87618,0.486656,1.65563,13.0359,53.5746,-41.6965,47245298
-8.71968,-2.21703,-2.78924,3.61735,0.478662,1.59488,13.0359,53.5746,-41.6965,47306787
-8.09958,-3.90255,-2.3942,2.96784,0.509838,1.42128,18.8297,51.7523,-43.4484,47368025
-8.95671,-3.06697,-3.34949,3.18741,0.828927,1.62512,18.8297,51.7523,-43.4484,47425837
-8.93995,-3.19626,-2.90895,3.18301,0.233516,1.56717,24.0803,50.4767,-41.1709,47483566
-8.62152,-3.44526,-1.92494,3.07203,0.670115,1.48776,24.0803,50.4767,-41.1709,47559812
-9.54807,-2.80122,-2.43251,2.95426,0.662521,1.51961,28.4256,51.9346,-38.3678,47618599
-8.88009,-1.01754,-3.07894,2.4637,0.635741,1.53772,28.4256,51.9346,-38.3678,47679389
-8.7963,-1.89621,-3.58412,3.3722,-0.0870378,1.32389,30.2361,53.7568,-35.2143,47740354
-9.82819,-1.70707,-2.31519,1.95889,0.878888,1.01972,30.2361,53.7568,-35.2143,47798822
-8.37252,-0.847547,-3.27766,2.64516,0.602833,1.06156,32.9519,53.939,-32.5863,47858994
-9.05487,-1.64482,-3.12204,2.47436,0.872493,0.931256,32.9519,53.939,-32.5863,47932577
-8.53293,-1.28808,-3.54581,2.44425,0.681972,0.988013,34.2193,54.1213,-28.5568,47990426
-8.65025,-2.0662,-4.08929,2.11516,0.695828,0.881827,34.2193,54.1213,-28.5568,48048714
-8.06606,-1.81002,-3.02866,2.17858,0.856639,0.820541,33.3141,54.3035,-26.2793,48109889
-9.41639,-2.51152,-3.29442,1.99766,0.525026,1.10139,33.3141,54.3035,-26.2793,48167464
-9.4547,-2.31998,-5.44441,2.30808,0.6893,1.12298,33.8572,57.7658,-25.4033,48229004
-7.33583,-3.41174,-2.62883,2.27304,0.354091,1.18426,33.8572,57.7658,-25.4033,48301066
-9.60075,-3.18908,-2.89219,2.76946,0.502777,1.16854,30.9603,58.8592,-22.2498,48361160
-8.5449,-3.64876,-2.70305,2.68406,0.60763,1.20811,30.9603,58.8592,-22.2498,48419656
-8.82502,-3.4692,-3.36864,2.89697,0.654394,1.29138,30.0551,61.957,-18.9211,48477363
-8.24802,-3.78523,-2.12605,2.59267,0.555136,1.31216,30.0551,61.957,-18.9211,48536213
-8.4635,-3.62721,-2.05901,2.62397,0.857172,1.34014,24.2613,62.3215,-19.6219,48596652
-9.44752,-2.37265,-3.74692,2.10864,0.847579,1.25248,24.2613,62.3215,-19.6219,48699885
-8.29351,-1.02472,-2.82037,2.17046,0.64107,1.43793,17.3812,61.2281,-23.1258,48759134
-8.73883,-0.995988,-5.66228,2.49354,0.330908,1.3039,17.3812,61.2281,-23.1258,48819311
-7.98705,-1.41976,-3.15556,1.74358,1.00706,1.4021,13.217,62.5037,-24.3521,48880429
-7.99424,-0.517147,-4.51786,2.92428,0.163703,1.31017,13.217,62.5037,-24.3521,48942480
-8.61673,-1.21625,-4.22577,1.94343,0.713149,1.38651,9.41484,58.6769,-28.0312,49000134
-8.70053,-0.102951,-3.97677,2.92041,0.490386,1.4402,9.59589,57.7658,-33.4623,49074166
-8.49223,-0.656011,-3.25611,2.43092,0.695962,1.43181,9.59589,57.7658,-33.4623,49131594
-10.2041,-2.09732,-6.2752,3.35115,0.261362,1.40623,9.59589,57.7658,-33.4623,49189062
-8.65982,-2.57855,-2.3104,2.16766,0.821998,1.43114,8.87168,54.8502,-37.667,49250180
-7.85537,-3.14598,-3.99832,2.64449,0.292538,1.21584,8.87168,54.8502,-37.667,49308854
-9.07402,-2.46124,-4.6232,2.27664,0.418441,1.30004,11.2254,55.3969,-39.9445,49366373
-8.09479,-2.32238,-3.45244,2.56096,0.0671106,1.19492,11.2254,55.3969,-39.9445,49439354
-8.97346,-2.51152,-3.33033,2.63716,0.514101,1.25887,13.7602,53.2101,-41.6965,49496592
-8.35097,-2.57616,-3.69904,2.73616,0.157575,1.3139,13.7602,53.2101,-41.6965,49553949
-8.24563,-3.08134,-1.70707,2.68966,0.446153,1.25368,17.3812,51.7523,-40.9957,49620796
-9.52174,-2.37744,-3.94325,2.86579,0.292271,1.37691,17.3812,51.7523,-40.9957,49678652
-9.83777,-2.21464,-4.34547,2.4609,0.482392,1.39517,22.6318,52.6635,-40.4701,49736339
-7.77876,-0.416591,-1.83396,1.96941,0.538749,1.46032,22.6318,52.6635,-40.4701,49808981
-10.7141,0.347159,-5.60243,2.93547,-0.154986,1.12444,23.356,53.0279,-40.8205,49866864
-8.36773,-0.780509,-1.74777,1.73599,0.777499,1.10939,23.356,53.0279,-40.8205,49930113
-9.1674,0.107739,-3.63679,3.19967,0.258564,0.962565,25.8908,53.0279,-37.3166,49991521
-9.22246,-1.35991,-3.1388,2.12422,0.820666,1.03638,25.8908,53.0279,-37.3166,50048946
-8.57603,-1.1133,-3.69425,2.81077,0.458943,0.95204,28.9687,55.0324,-32.9367,50106547
-8.0493,-1.74298,-3.47159,1.78515,0.657191,0.841592,28.9687,55.0324,-32.9367,50178375
-8.46589,-0.833182,-3.99113,2.18977,0.614024,0.833864,32.0467,54.8502,-31.36,50236926
-8.97586,-2.03507,-4.74052,2.09651,0.456146,0.692506,32.0467,54.8502,-31.36,50300823
-9.0405,-2.26731,-2.95444,1.78062,0.995599,0.833864,33.6762,55.7613,-30.1336,50361134
-8.19535,-3.0143,-5.21936,2.16659,0.223124,0.841858,33.6762,55.7613,-30.1336,50420688
-8.99022,-3.15316,-4.707,2.12449,0.543679,1.15588,33.8572,55.2146,-27.5057,50482620
-8.02057,-3.1771,-3.05979,2.2464,0.177826,1.23915,31.3225,57.4014,-23.301,50553481
-8.65982,-3.16035,-3.32315,2.13395,0.586845,1.25514,31.3225,57.4014,-23.301,50614262
-7.79073,-2.95444,-3.50511,2.3266,0.225523,1.32309,31.3225,57.4014,-23.301,50672786
-8.15465,-2.92332,-2.69348,2.34326,0.492118,1.29404,31.3225,57.4014,-23.301,50731344
-8.91122,-2.15239,-3.12204,2.31421,0.513568,1.27313,31.3225,57.4014,-23.301,50789124
-11.224,-0.840364,-5.04937,2.12849,0.470268,1.24795,24.6234,62.3215,-19.2715,50847288
-7.77876,0.304064,-3.56018,1.91425,0.325979,1.46018,24.6234,62.3215,-19.2715,50919658
-9.18415,-0.215478,-2.04944,3.03646,0.526758,1.089,24.6234,62.3215,-19.2715,50980702
-8.93995,0.0981622,-3.68228,1.95316,0.54581,1.26114,24.6234,62.3215,-19.2715,51039820
-9.21767,0.301669,-2.61926,3.45094,0.691832,1.28392,15.5707,62.3215,-21.3738,51098139
-8.98544,-1.08697,-3.08373,2.81556,0.726605,1.263,15.5707,62.3215,-21.3738,51156913
-8.77235,-1.64721,-3.1771,3.55579,0.672113,1.28405,12.6738,62.3215,-26.9801,51215376
-8.01818,-1.95606,-3.02388,2.63237,0.778965,1.33375,12.6738,62.3215,-26.9801,51287000
-10.1921,-2.59531,-5.81551,2.88711,0.432564,1.60208,13.0359,59.4058,-31.1848,51345625
-7.43399,-3.09091,-2.56898,3.86649,0.438559,1.45805,13.0359,59.4058,-31.1848,51402933
-9.56962,-4.24013,-2.17154,2.70551,0.616822,1.19679,12.4928,59.2236,-34.1631,51462949
-9.93833,-2.72939,-3.90973,3.78135,0.909798,1.78394,12.4928,59.2236,-34.1631,51521543
-8.82502,-4.07014,-1.52511,3.66371,0.538882,1.7497,13.398,56.4902,-37.8422,51578974
-8.57842,-3.53623,-1.76692,3.58924,1.09752,1.92183,13.398,56.4902,-37.8422,51655105
-9.19613,-3.13401,-2.16915,3.93284,0.726738,1.99457,18.2865,54.4857,-40.4701,51712948
-9.97185,-3.39737,-2.99515,3.38619,0.902604,1.85082,18.2865,54.4857,-40.4701,51772832
-8.20493,-0.782904,-2.33195,2.67154,0.78909,1.6964,20.8213,52.299,-39.7693,51834785
-9.2464,-1.88902,-3.59848,3.5077,0.178625,1.36839,20.8213,52.299,-39.7693,51892363
-9.12191,-1.22823,-3.18429,2.21762,0.953631,1.26567,25.3477,53.2101,-38.543,51949775
-9.10994,-0.952892,-3.81636,3.35701,0.491319,1.16588,25.3477,53.2101,-38.543,52026996
-7.99663,-1.78129,-3.22978,2.75801,0.852775,1.17014,29.693,51.0234,-36.4406,52084952
-8.46829,-2.3535,-4.09887,3.01314,0.58045,1.0854,29.693,51.0234,-36.4406,52142100
-7.98466,-2.24815,-3.79241,1.97794,0.892478,1.02545,33.6762,54.668,-33.6375,52200375
-7.8434,-2.17393,-3.47638,2.35658,0.623217,0.967628,33.6762,54.668,-33.6375,52258850
-8.69334,-4.38618,-3.47399,2.1117,0.356888,1.10019,35.6678,53.3924,-31.0096,52316255
-10.6901,-2.94247,-5.33667,1.5492,0.972683,1.08101,35.6678,53.3924,-31.0096,52392643
-8.18817,-2.98557,-5.43484,2.51992,-0.138465,1.25274,35.1246,56.1258,-30.1336,52449873
-7.91523,-3.73735,-2.29364,1.99086,0.920989,1.25381,35.1246,56.1258,-30.1336,52507382
-7.79313,-3.21062,-3.15556,2.71004,0.260829,1.24328,34.5814,57.0369,-26.1041,52571049
-8.93755,-3.41413,-3.67749,2.00965,0.823198,1.34574,34.5814,57.0369,-26.1041,52629795
-6.94079,-3.45483,-2.83952,2.54457,0.217129,1.43514,31.5035,60.1347,-22.425,52690596
-9.30865,-2.73178,-4.70939,2.24973,0.376074,1.24981,31.5035,60.1347,-22.425,52764311
-9.24162,0.241814,-3.28963,1.39452,0.801081,1.5216,25.7098,61.5926,-20.3226,52823799
-8.4204,0.323217,-3.86903,3.07869,-0.303272,1.37478,25.7098,61.5926,-20.3226,52884176
-9.5385,-0.782904,-2.15239,2.17192,0.82453,1.14123,20.8213,61.4103,-19.7971,52945438
-9.2057,0.438139,-3.77565,2.86246,0.456679,1.10979,20.8213,61.4103,-19.7971,53004806
-8.60476,-0.991199,-2.87304,2.65195,0.905268,1.12444,16.8381,62.8682,-21.549,53065894
-8.11634,-1.3623,-3.97677,2.8578,0.636141,1.0501,15.2086,60.4992,-24.8777,53139897
-8.89925,-1.76692,-4.19943,2.00711,0.753784,1.04717,15.2086,60.4992,-24.8777,53198045
-7.85537,-1.98479,-4.60644,2.16646,0.307993,1.0882,15.2086,60.4992,-24.8777,53259180
-8.92797,-1.95127,-3.73256,2.29449,0.409381,1.05263,15.5707,60.1347,-27.6809,53320792
-8.8777,-3.45004,-3.86424,1.72906,0.572856,0.985748,15.5707,60.1347,-27.6809,53381871
-7.45075,-3.50511,-3.89776,1.81806,0.383002,0.916734,12.6738,60.1347,-31.8855,53441799
-9.18655,-2.8898,-4.76685,1.67937,0.652129,0.995074,11.2254,58.6769,-32.5863,53511335
-8.0493,-3.0143,-3.95761,2.22481,0.203939,1.03997,11.2254,58.6769,-32.5863,53568679
-8.31985,-2.71502,-3.21781,1.96635,0.727804,1.14722,11.2254,58.6769,-32.5863,53626981
-8.34618,-2.8084,-4.32632,2.5435,0.321849,1.23715,11.5875,57.2191,-36.791,53685678
-8.36534,-3.304,-3.00233,2.27784,0.596305,1.22836,11.5875,57.2191,-36.791,53747695
-8.69095,-2.42533,-3.3016,2.66088,0.566328,1.38717,13.9412,54.8502,-37.667,53805629
-9.26316,-2.67432,-3.87142,2.82582,0.484391,1.42967,13.9412,54.8502,-37.667,53874682
-8.43716,-1.06302,-2.59053,2.41453,0.722075,1.66056,15.9328,52.4812,-42.0469,53935869
-9.70848,-0.531512,-4.05817,3.11147,0.147715,1.524,15.9328,52.4812,-42.0469,53993332
-9.2488,-1.33836,-3.05261,2.70058,0.669715,1.3572,19.5539,53.5746,-40.2949,54057879
-8.41562,-1.16119,-2.50912,2.72789,0.588311,1.24342,19.5539,53.5746,-40.2949,54118975
-9.86411,-0.658405,-4.0462,2.69286,0.82,1.32296,21.9076,51.9346,-39.7693,54176647
-8.59518,-1.26653,-3.18908,2.65702,0.512636,1.24035,21.9076,51.9346,-39.7693,54247789
-8.64307,-1.48201,-3.51947,2.3274,0.821066,1.14603,21.9076,51.9346,-39.7693,54306213
-8.84657,-1.47722,-3.39498,2.49341,0.756715,1.2666,21.9076,51.9346,-39.7693,54363796
-10.0628,-2.42054,-3.5075,2.2841,0.590576,1.33934,31.1414,50.2945,-37.4918,54425006
-8.00142,-3.68707,-4.01268,2.51672,0.488787,0.986014,31.1414,50.2945,-37.4918,54486190
-9.17218,-2.81319,-3.60088,2.04988,0.804145,1.16015,33.3141,51.0234,-34.6887,54543739
-8.34858,-2.53785,-4.10127,2.72403,0.227521,1.28032,33.3141,51.0234,-34.6887,54616395
-8.48026,-3.50511,-3.0143,2.25812,0.69463,1.06489,34.9435,53.3924,-31.0096,54674313
-8.44913,-2.71742,-4.72855,2.30715,0.431365,1.17907,34.9435,53.3924,-31.0096,54738466
-7.99424,-3.32315,-3.00951,2.25772,0.356755,1.02225,36.573,55.3969,-26.6297,54800384
-8.40364,-2.81558,-3.36385,1.94077,0.516633,1.02105,36.573,55.3969,-26.6297,54858908
-8.08043,-2.87065,-3.10528,2.34432,0.371544,0.996673,35.1246,57.5836,-24.8777,54919706
-9.59356,-3.22259,-4.09887,1.99299,0.767374,0.902878,32.0467,59.9525,-21.8994,54989465
-8.97586,-0.177171,-3.10049,1.70708,0.905268,1.41235,32.0467,59.9525,-21.8994,55047281
-8.49941,-0.600945,-4.59208,2.69272,-0.359096,1.20278,32.0467,59.9525,-21.8994,55109160
-9.11951,-1.21386,-2.33913,1.62434,0.901537,1.14922,32.0467,59.9525,-21.8994,55167536
-9.00698,-0.11971,-2.94247,2.77732,0.280813,1.09473,32.0467,59.9525,-21.8994,55226172
-9.67496,-1.1157,-3.31836,2.29076,0.922055,1.09033,25.8908,62.8682,-19.4467,55287879
-8.4204,-1.27132,-3.56018,2.74681,0.648798,1.06729,21.3644,63.0504,-21.0234,55357596
-8.3414,-2.13084,-3.43089,1.96048,0.857438,0.977754,21.3644,63.0504,-21.0234,55421862
-9.06923,-2.12126,-4.16352,2.74468,0.731135,0.986147,18.8297,60.8637,-25.5785,55483225
-9.18415,-2.98078,-3.00951,1.23158,0.841717,1.07461,18.8297,60.8637,-25.5785,55541807
-7.59919,-2.94247,-4.41491,2.56042,0.509971,1.06862,18.8297,60.8637,-25.5785,55603009
-9.03332,-3.76847,-3.50032,1.97407,0.723674,0.997472,17.7434,60.1347,-26.2793,55664293
-8.76756,-2.82276,-3.88579,2.50273,1.01185,1.38784,13.7602,58.6769,-29.7832,55836179
-7.70454,-3.03824,-3.5506,2.43479,0.311989,1.43247,12.6738,57.948,-33.9879,55893604
-8.19056,-3.47399,-3.16274,2.66914,0.75445,1.43007,12.6738,57.948,-33.9879,55951823
-8.80827,-2.94008,-3.52666,2.66648,0.61549,1.5296,14.4844,56.4902,-36.4406,56013286
-9.59835,-2.72221,-5.18823,2.54417,0.653594,1.51574,14.4844,56.4902,-36.4406,56070997
-7.48906,-0.744596,-2.72699,1.96715,0.862368,1.74716,13.398,55.7613,-39.9445,56130226
-8.83699,-0.517147,-4.76925,3.61202,-0.0991619,1.4378,13.398,55.7613,-39.9445,56202272
-8.35337,-1.51313,-2.59292,1.59303,0.937776,1.28192,16.1139,54.1213,-40.4701,56261349
-8.92797,-0.325611,-4.13239,3.62268,0.367947,1.23049,16.1139,54.1213,-40.4701,56318915
-8.78432,-1.92015,-3.48835,2.05641,1.02571,1.2662,19.1918,51.7523,-43.098,56376686
-8.09719,-0.866701,-4.11084,3.0739,0.489853,1.33068,19.1918,51.7523,-43.098,56435329
-8.71968,-1.91297,-3.48356,2.34179,0.723807,1.25741,23.356,50.8412,-40.8205,56495622
-9.8665,-1.94888,-4.81234,2.86592,0.691832,1.2269,23.356,50.8412,-40.8205,56568450
-8.55209,-2.39181,-3.04303,2.55603,0.773236,1.29484,28.2445,49.5656,-41.6965,56625658
-8.02297,-4.16591,-3.41413,2.52552,0.563264,1.08447,28.2445,49.5656,-41.6965,56683041
-9.43794,-3.55539,-4.59208,2.25013,0.951766,1.28818,32.4088,50.4767,-39.4189,56741790
-7.92241,-3.22738,-3.41413,2.4645,0.300532,1.3071,32.4088,50.4767,-39.4189,56800057
-8.53772,-3.53623,-3.82115,2.26612,0.651329,1.2257,34.0383,50.2945,-35.3894,56861158
-8.42998,-2.66235,-3.82833,2.51486,0.682372,1.46245,34.0383,50.2945,-35.3894,56934781
-7.6782,-3.23217,-2.17154,2.65342,0.481193,1.38104,34.9435,53.0279,-31.0096,56992472
-8.29351,-3.2609,-2.86107,2.62477,0.659323,1.44193,34.9435,53.0279,-31.0096,57052301
-9.87608,-2.64799,-4.28083,2.55256,0.57179,1.34494,35.3057,56.308,-25.7537,57114242
-8.68377,-0.938527,-3.45483,2.17618,0.691032,1.40836,35.3057,56.308,-25.7537,57174939
-8.2983,-1.15161,-3.60088,2.68939,0.147449,1.19639,32.2277,59.0414,-24.1769,57232717
-9.73482,-1.06781,-3.70862,2.26678,0.869296,1.24688,32.2277,59.0414,-24.1769,57306579
-8.27675,-0.991199,-2.85868,2.72083,0.48106,1.1748,28.7877,58.8592,-20.4978,57363980
-9.19134,-1.76453,-4.18506,2.61465,0.800815,1.06662,28.7877,58.8592,-20.4978,57424004
-8.39167,-1.58736,-3.54821,2.51819,0.652129,1.17041,26.434,60.1347,-20.673,57485065
-8.58321,-2.37744,-3.79481,2.45064,0.639339,1.07808,26.434,60.1347,-20.673,57545720
-8.3821,-2.04944,-3.93367,2.01298,0.736197,1.03185,24.2613,60.8637,-21.3738,57605962
-8.3414,-2.806,-3.84988,2.4124,0.615091,0.84732,24.2613,60.8637,-21.3738,57675660
-9.72524,-3.10288,-3.33752,1.33163,0.76351,1.09673,20.8213,60.317,-21.8994,57734108
-7.97508,-3.6344,-4.29041,2.1165,0.367813,1.01866,20.8213,60.317,-21.8994,57797657
-9.36851,-3.18189,-3.77326,1.64726,0.77177,1.06409,17.2002,59.9525,-25.0529,57859729
-8.24084,-2.99515,-3.90973,2.30049,0.496515,1.20744,17.2002,59.9525,-25.0529,57921066
-8.05648,-3.29681,-2.9305,2.23987,0.939375,1.23596,15.5707,59.4058,-27.6809,57982450
-8.38928,-2.94487,-4.58968,2.5936,0.552072,1.45379,15.5707,59.4058,-27.6809,58052321
-8.06606,-3.69186,-3.01669,2.52605,0.747256,1.43767,14.1223,57.948,-31.5351,58110935
-8.01818,-2.96163,-3.60088,2.57521,0.684637,1.51281,14.1223,57.948,-31.5351,58175610
-8.68137,-3.25611,-4.11802,2.85966,0.538216,1.40649,12.3117,57.2191,-34.3383,58237498
-8.31266,-1.43891,-3.4285,1.75251,0.842782,1.54519,12.3117,57.2191,-34.3383,58295205
-7.77158,-0.366313,-4.57053,2.81903,0.0170157,1.67748,11.0443,55.2146,-39.0685,58357290
-10.6087,-1.41737,-2.83713,2.64622,0.636541,1.32895,11.0443,55.2146,-39.0685,58426839
-8.17859,-0.469263,-4.18985,2.6337,0.35036,1.22397,13.5791,50.8412,-39.7693,58484454
-9.18415,-1.30484,-3.3447,2.89177,0.980144,1.31816,13.5791,50.8412,-39.7693,58542879
-8.2552,-1.36469,-4.26886,2.84247,0.49798,1.29977,18.4676,51.7523,-42.7477,58604478
-8.11874,-2.38941,-3.9648,2.43399,0.809608,1.17587,18.4676,51.7523,-42.7477,58662000
-8.22408,-1.74298,-3.77805,2.56709,0.652795,1.18999,21.5455,50.1123,-41.1709,58720231
-7.85059,-2.16915,-2.5618,2.22188,0.454147,1.41489,21.5455,50.1123,-41.1709,58790545
-10.1418,-3.82833,-5.88016,2.32007,0.565395,1.03984,28.0635,50.8412,-41.1709,58847931
-8.75799,-3.16753,-2.86346,2.07679,0.923387,1.40836,28.0635,50.8412,-41.1709,58909056
-9.5792,-2.73657,-3.54342,3.10001,0.0934904,1.20545,31.5035,49.5656,-40.2949,58967804
-8.09958,-3.67989,-2.19548,2.08879,0.944971,1.20611,31.5035,49.5656,-40.2949,59028513
-8.8753,-2.70784,-3.92649,2.81716,0.496382,1.28538,32.4088,51.2056,-35.2143,59086601
-8.31506,-3.41413,-2.33913,2.61398,0.701691,1.32176,32.4088,51.2056,-35.2143,59156567
-8.55209,-3.44526,-3.05261,2.4998,0.673846,1.28019,35.3057,51.5701,-32.4111,59218146
-8.35097,-2.04944,-3.51947,2.39042,0.726205,1.32495,35.3057,51.5701,-32.4111,59278756
-8.63588,-2.48518,-5.51145,2.42533,0.185553,1.25128,35.3057,55.2146,-28.5568,59338824
-7.69496,-1.28329,-2.61207,1.72973,0.525959,1.20465,35.3057,55.2146,-28.5568,59399720
-10.0676,-1.38145,-5.10683,2.0323,0.0699085,0.803087,34.5814,56.6724,-24.3521,59457247
-8.02057,-1.64242,-3.99832,1.18121,0.713681,0.68651,34.5814,56.6724,-24.3521,59527081
-8.76996,-1.76213,-4.1707,1.84617,0.426035,0.474939,31.8656,57.2191,-22.7754,59588211
-8.5042,-1.41018,-5.13317,0.835746,0.542879,0.505049,31.8656,57.2191,-22.7754,59648903
-7.72369,-1.81241,-4.5825,1.09288,0.193414,0.427775,32.4088,57.4014,-21.549,59708943
-7.79313,-1.26893,-4.67587,0.367039,0.296801,0.318926,32.4088,57.4014,-21.549,59770229
-8.72926,-1.30484,-5.29358,0.563022,0.0785685,0.279756,31.5035,59.7703,-22.0746,59827784
-8.48505,-2.51152,-4.56335,0.285501,0.0211459,0.168108,31.5035,59.7703,-22.0746,59896663
-7.17781,-3.03585,-3.74932,0.284835,-0.0274835,-0.0262764,31.5035,59.4058,-22.0746,59958322
-8.4204,-3.33991,-4.27844,0.102042,-0.0454697,-0.0922258,31.5035,59.4058,-22.0746,60016945
-8.84179,-3.78523,-4.10127,-0.180142,-0.0830409,0.0340773,30.9603,60.6814,-20.4978,60074264
-8.47068,-3.75411,-4.05338,-0.238896,-0.0826412,-0.0232121,30.9603,60.6814,-20.4978,60132530
-8.13549,-2.86346,-3.43328,-0.24689,0.194346,0.0296807,30.7793,60.4992,-21.7242,60193606
-8.81784,-3.01909,-3.88579,0.217021,-0.0366765,0.015425,30.7793,60.4992,-21.7242,60263194
-9.05726,-2.229,-3.85706,-0.330293,0.482659,0.107221,31.1414,60.1347,-23.1258,60328678
-7.91283,-1.40061,-4.65193,0.255258,-0.14486,0.150788,31.1414,60.1347,-23.1258,60386606
-7.85777,-2.01831,-3.56018,-0.00281078,0.122801,0.0127603,30.2361,58.4947,-22.6002,60445296
-8.80587,-1.26414,-4.6639,0.164128,0.0167493,-0.00122893,30.2361,58.4947,-22.6002,60507669
-8.62152,-1.50595,-4.27604,-0.024794,0.101618,0.0462014,29.693,59.7703,-24.1769,60577921
-8.40364,-1.38145,-4.23295,0.147207,0.0579177,0.0207542,29.693,59.7703,-24.1769,60638959
-8.76517,-1.58257,-4.22098,0.0708661,0.15944,-0.0088231,29.1498,58.1303,-22.6002,60697488
-8.63828,-1.64242,-4.48434,0.0222367,0.173429,0.00556585,29.1498,58.1303,-22.6002,60756055
-8.38449,-1.64003,-4.50349,0.0179733,0.188085,0.0577925,29.693,59.0414,-24.8777,60813873
-7.88171,-1.69749,-4.61362,0.0596746,0.160372,0.0680513,29.693,59.0414,-24.8777,60872187
-7.94875,-1.55144,-4.95121,0.0556777,0.0818993,0.0848384,29.693,58.6769,-23.8266,60945218
-8.01818,-1.57778,-4.97036,0.0411555,0.0283404,0.0388737,29.693,58.6769,-23.8266,61008041
-8.13549,-1.49877,-4.80995,0.110702,-0.00883113,0.0298139,29.5119,58.8592,-25.0529,61069961
-8.24084,-1.59454,-4.72615,0.0851218,-0.0408066,0.0422044,29.5119,58.8592,-25.0529,61128697
-8.36294,-1.86029,-4.81474,0.0781938,-0.0414728,0.0472672,29.3308,59.4058,-24.8777,61186973
-8.20732,-1.81959,-4.58489,0.00997943,0.00928831,0.0625888,29.3308,59.4058,-24.8777,61249033
-8.35097,-1.74537,-4.47237,-0.0201308,0.0587171,0.0807083,30.0551,59.4058,-23.8266,61321254
-8.34618,-1.58975,-4.70939,0.0757956,0.0364675,0.0688507,30.0551,59.4058,-23.8266,61378923
-8.18098,-1.72143,-4.44364,0.0181065,0.0900264,0.06099,28.9687,58.6769,-23.8266,61437377
-8.33661,-1.65439,-4.75249,0.0499488,0.0432623,0.0230191,28.9687,58.6769,-23.8266,61496745
-8.2552,-1.69988,-4.64235,0.073131,0.0795012,0.00330094,28.2445,58.3125,-24.5273,61555603
-8.33661,-1.74298,-4.46997,0.0531463,0.114674,-0.00935604,28.2445,58.3125,-24.5273,61627679
-8.44195,-1.42934,-4.76446,0.0141096,0.0691091,-0.0201478,29.693,59.0414,-24.8777,61686507
-8.18577,-1.87945,-4.8291,0.117763,0.0779024,-0.0105551,29.693,59.0414,-24.8777,61747416
-8.16423,-1.83156,-4.82671,-0.0279914,0.0599162,-0.0142856,29.5119,58.4947,-25.0529,61805165
-8.20732,-1.80523,-4.71897,0.0495491,0.0866956,-0.0053591,29.5119,58.4947,-25.0529,61863083
-8.15225,-1.86508,-4.77883,0.0261004,0.0389989,0.00503294,28.7877,58.4947,-24.3521,61924716
-8.22647,-1.84593,-4.85065,0.0262336,0.062714,0.0291478,28.7877,58.4947,-24.3521,61996619
-8.15944,-1.90339,-5.17626,0.191041,-0.0753135,0.0608568,28.0635,57.7658,-25.7537,62054085
-8.48505,-1.98958,-4.15394,0.00211877,0.179425,0.0708492,28.0635,57.7658,-25.7537,62112443
-8.12352,-1.77889,-4.97036,0.178384,0.155709,0.0475337,29.3308,60.1347,-24.5273,62170952
-8.22647,-1.83156,-4.88656,-0.116857,0.0176819,0.0501983,29.3308,60.1347,-24.5273,62228424
-8.06606,-1.82917,-4.70461,0.00891355,0.0985532,0.0239518,29.3308,57.948,-25.5785,62304556
-8.14507,-1.64721,-5.07092,0.0753959,-0.0769123,0.0468675,29.3308,57.948,-25.5785,62363228
-8.14507,-1.7358,-4.75728,-0.0185321,0.122135,0.0484663,29.1498,59.5881,-25.4033,62423418
-8.11395,-1.6496,-5.13077,0.121094,-0.0250853,0.0198216,29.1498,59.5881,-25.4033,62484724
-8.15465,-1.69749,-4.74291,-0.00347692,0.0262087,0.0204878,29.1498,58.8592,-25.0529,62542600
-8.19296,-1.63524,-5.0781,0.193172,-0.0270838,0.0298139,29.1498,58.8592,-25.0529,62600097
-8.21211,-1.75016,-5.11162,-0.029457,-0.0538633,0.0226195,28.9687,59.0414,-25.5785,62675511
-8.19774,-1.72861,-4.6639,0.003984,-0.00390158,0.0371417,28.9687,59.0414,-25.5785,62733190
-8.24084,-1.70228,-4.87699,0.0695337,-0.0452032,0.0463346,28.4256,59.2236,-25.0529,62793182
-8.28154,-1.75255,-4.61602,0.0400896,-0.0193564,0.0224862,28.4256,59.2236,-25.0529,62853783
-8.16423,-1.7358,-4.8291,0.283903,0.0641796,0.0480666,29.3308,59.0414,-24.5273,62911296
-8.24802,-1.76931,-4.63757,0.050082,-0.0176244,0.0495321,29.3308,59.0414,-24.5273,62968830
-8.54251,-1.66397,-4.84347,-0.373726,-0.344307,-0.116074,30.5982,59.5881,-24.3521,63043901
-8.3797,-1.76453,-3.83072,0.114699,-0.155385,-0.130063,30.5982,59.5881,-24.3521,63101476
-8.41562,-1.65918,-4.53701,0.226347,-0.0951649,-0.1695,29.874,58.1303,-21.8994,63161608
