-8.34858,-1.5682,-4.55377,-0.00787356,0.0375333,0.018889,29.874,59.5881,-24.3521,2757838
-8.31746,-1.6089,-4.59447,0.0230361,0.0342025,0.0224862,28.7877,57.7658,-25.4033,2815503
-8.36773,-1.58736,-4.60405,0.046618,0.0455272,0.0279487,28.7877,57.7658,-25.4033,2879494
-8.33182,-1.62087,-4.59687,0.0292979,0.0389989,0.0266164,29.3308,59.0414,-25.2281,2937575
-8.36294,-1.53468,-4.65193,0.0382244,0.0359345,0.0311463,29.3308,59.0414,-25.2281,2998386
-8.35097,-1.55862,-4.65193,0.0522137,0.036201,0.0304801,28.9687,58.3125,-25.2281,3071803
-8.30548,-1.57538,-4.58968,0.0520805,0.0374001,0.0311463,28.9687,58.3125,-25.2281,3130916
-8.36773,-1.55623,-4.58968,0.03969,0.0489912,0.0324786,28.0635,57.7658,-24.7025,3188856
-8.27197,-1.5706,-4.55616,0.0487497,0.0336696,0.0295475,28.0635,57.7658,-24.7025,3247163
-8.30309,-1.63763,-4.61602,0.0390238,0.0608488,0.0232856,28.9687,58.6769,-24.5273,3309545
-8.29351,-1.57538,-4.64235,0.097912,0.0912255,0.0356761,28.9687,58.6769,-24.5273,3367258
-8.15465,-1.55623,-4.79798,0.0239687,0.0747048,0.0390069,30.7793,58.6769,-25.2281,3442186
-8.47308,-1.66636,-4.74291,0.0315629,0.0432623,0.00156891,30.7793,58.6769,-25.2281,3500482
-8.28872,-1.64721,-4.69263,0.0635383,0.0841642,0.022353,29.3308,57.2191,-25.2281,3558819
-8.4204,-1.70707,-4.59447,-0.00734064,0.105748,0.0279487,29.3308,57.2191,-25.2281,3622646
-8.2552,-1.64721,-4.75249,0.0261004,0.116673,0.0427374,29.5119,57.0369,-24.7025,3683970
-8.22887,-1.62087,-4.67827,0.0487497,0.112542,0.0363423,29.5119,57.0369,-24.7025,3741588
-8.26717,-1.50835,-5.04219,0.018373,0.0784353,0.0287481,29.693,57.948,-25.5785,3813445
-8.13549,-1.52032,-4.88417,0.0732642,0.0820325,0.0251508,29.693,57.948,-25.5785,3870751
-8.10437,-1.61848,-4.86741,0.0410223,0.0648457,0.0255505,30.4172,57.948,-27.3305,3928081
-8.14028,-1.59693,-5.00149,0.0659365,0.0389989,0.0355429,30.4172,57.948,-27.3305,3989560
-8.17859,-1.60651,-5.08768,0.0524802,0.0266084,0.0318124,28.0635,58.4947,-26.8049,4050692
-8.15704,-1.61609,-4.72376,0.0484832,0.0264751,0.0444694,28.0635,58.4947,-26.8049,4109609
-8.13549,-1.64482,-4.91769,0.023569,0.00982123,0.0295475,28.0635,59.9525,-27.5057,4178805
-8.31746,-1.55144,-4.7501,0.0935154,0.0695088,0.0543285,28.0635,59.9525,-27.5057,4236640
-8.12831,-1.58496,-4.93205,0.00651538,0.0479254,0.054062,29.5119,58.4947,-25.0529,4297620
-8.15225,-1.58975,-4.95121,0.0123776,0.044861,0.0420712,29.5119,58.4947,-25.0529,4358322
-8.23366,-1.56581,-4.86502,0.0351601,0.0567186,0.0407389,28.4256,57.0369,-26.8049,4416290
-8.18817,-1.4437,-4.96318,0.0355598,0.0246099,0.0158247,28.4256,57.0369,-26.8049,4488623
-8.14268,-1.47004,-4.98473,0.0534128,0.0389989,0.0179564,29.5119,58.4947,-26.1041,4547583
-8.10677,-1.55144,-4.86023,0.0568768,0.0248764,0.00902987,29.5119,58.4947,-26.1041,4605177
-8.14746,-1.6496,-4.7884,0.0102459,0.0107539,0.000103384,28.0635,57.0369,-26.1041,4663554
-8.16183,-1.53229,-4.91529,0.0504817,0.01142,-0.000829235,28.0635,57.0369,-26.1041,4727998
-8.14746,-1.53229,-4.94163,0.0668691,0.0331367,0.00929634,29.3308,57.948,-26.9801,4785501
-8.13549,-1.51792,-4.94403,0.0370254,0.000361821,-0.000696003,29.3308,57.948,-26.9801,4858251
-8.2576,-1.56581,-5.01346,0.0574097,0.00515814,0.00356738,30.5982,58.8592,-26.4545,4915995
-8.15944,-1.50356,-4.7908,0.090984,0.048858,0.0074311,30.5982,58.8592,-26.4545,4976082
-8.18577,-1.69509,-4.93684,0.0110452,-0.00616651,0.00183539,30.0551,57.948,-25.5785,5040685
-8.22408,-1.67355,-4.86741,0.050082,0.0212791,0.0110283,30.0551,57.948,-25.5785,5098345
-8.20971,-1.63284,-4.67348,0.0367589,0.0480586,0.0142259,30.2361,58.4947,-26.1041,5156073
-8.12831,-1.54426,-4.99191,0.0571432,0.00449199,0.025817,30.2361,58.4947,-26.1041,5227609
-8.21929,-1.65918,-4.82671,0.0540789,0.0495241,0.016624,29.693,57.5836,-25.5785,5284973
-8.18098,-1.58257,-4.95839,0.0519472,0.0176819,0.0267496,29.693,57.5836,-25.5785,5342627
-8.20493,-1.62806,-4.81234,0.0307635,0.0290065,0.0218201,30.2361,58.8592,-25.7537,5409561
-8.21929,-1.59933,-4.96797,0.0360928,0.00355937,0.0180896,30.2361,58.8592,-25.7537,5467306
-8.19535,-1.59214,-4.90572,0.0384909,0.0163496,0.0140927,30.7793,58.6769,-25.5785,5539028
-8.16423,-1.62566,-4.80756,0.0296976,-0.00470096,0.00649849,30.7793,58.6769,-25.5785,5598289
-8.24323,-1.64242,-4.79558,0.00185233,-0.016825,-0.00455971,30.7793,57.5836,-25.9289,5656323
-8.26239,-1.65439,-4.72376,0.00371754,0.00649045,-0.000429526,30.7793,57.5836,-25.9289,5721154
-8.24802,-1.57299,-4.85783,0.0698002,0.0103542,-0.00442646,30.5982,57.4014,-25.4033,5780190
-8.2576,-1.64482,-4.81713,-0.035186,-0.0282829,-0.0245444,30.5982,57.4014,-25.4033,5838169
-8.25042,-1.63763,-4.79798,0.0211708,-0.0344115,-0.0246776,28.2445,57.5836,-26.2793,5909738
-8.35097,-1.56102,-4.52265,0.0348937,0.018348,-0.0253438,28.2445,57.5836,-26.2793,5968191
-8.27915,-1.55862,-4.65193,0.0246348,0.007956,-0.0224127,29.1498,58.4947,-25.0529,6029837
-8.28154,-1.61369,-4.61841,0.00704831,0.00449199,-0.0405321,29.1498,58.4947,-25.0529,6092531
-8.24084,-1.63524,-4.69982,-0.0158674,-0.00137019,-0.0561202,30.7793,58.3125,-25.5785,6151365
-8.26239,-1.6089,-4.71897,0.0246348,-0.0252186,-0.0735735,30.7793,58.3125,-25.5785,6224689
-8.20493,-1.60172,-4.65433,0.0487497,-0.0662538,-0.0597174,32.0467,57.7658,-24.7025,6283452
-8.14268,-1.7358,-4.63757,0.0271662,-0.109154,-0.0850313,32.0467,57.7658,-24.7025,6344172
-8.19535,-1.89142,-4.52025,0.0775276,-0.175637,-0.0860972,31.8656,57.5836,-23.1258,6405554
-8.41083,-2.09971,-4.30477,0.149206,-0.16298,-0.0349364,31.8656,57.5836,-23.1258,6466347
-7.83622,-2.48039,-4.53462,-0.021996,-0.246116,-0.108214,32.9519,57.5836,-21.7242,6526233
-9.01417,-2.28886,-3.50272,-0.00827327,-0.137266,-0.174829,32.9519,57.5836,-21.7242,6595397
-8.65025,-2.6408,-4.46997,0.0953806,0.0264751,0.0164908,33.6762,57.5836,-22.425,6652792
-8.47547,-2.48279,-3.95761,-0.041581,-0.244384,0.129871,33.6762,57.5836,-22.425,6710924
-8.86333,-2.34871,-3.74453,0.328402,-0.0619904,0.195554,32.2277,57.948,-20.3226,6771680
-8.40843,-2.36547,-3.76368,0.0808584,0.0421964,0.249912,32.2277,57.948,-20.3226,6832972
-8.61912,-2.31759,-3.72538,0.410606,0.101218,0.0452688,33.3141,58.3125,-19.9723,6891212
-8.55448,-2.11168,-4.07014,-0.221976,-0.0601251,-0.157776,33.3141,58.3125,-19.9723,6962302
-8.82981,-2.11647,-3.6751,0.209293,0.116939,0.0160911,32.0467,58.4947,-20.8482,7023114
-8.29591,-2.49955,-4.29759,-0.137507,-0.116349,0.0254173,32.0467,58.4947,-20.8482,7080904
-8.21211,-2.8898,-3.29681,0.156667,0.0429958,0.0186225,32.5898,58.3125,-19.9723,7141743
-8.54969,-3.11486,-3.8403,0.0464848,-0.00203634,0.0278155,32.5898,58.3125,-19.9723,7200150
-8.67179,-3.07415,-4.02944,0.153336,0.127065,0.147723,32.7709,59.2236,-19.4467,7258851
-8.54012,-2.75572,-3.70622,0.285901,0.152645,0.343973,32.7709,59.2236,-19.4467,7327205
-8.19774,-2.93769,-3.87621,0.393685,0.195545,0.436702,31.3225,59.9525,-21.549,7386027
-7.70693,-2.76051,-3.59848,0.364774,0.121735,0.299207,31.3225,59.9525,-21.549,7447416
-8.9184,-2.83234,-5.55694,0.194105,-0.112751,0.0279487,31.3225,58.8592,-20.1475,7505441
-8.12831,-1.62327,-2.85868,-0.15123,0.173029,0.231792,31.3225,58.8592,-20.1475,7567113
-8.6263,-0.426168,-4.02465,-0.0154677,-0.159382,0.302805,29.3308,59.4058,-21.0234,7636015
-8.96149,0.55306,-3.5937,-0.174812,-0.303672,0.0568599,29.3308,59.4058,-21.0234,7696940
-7.96551,0.402226,-3.3854,-0.149232,-0.266234,-0.0417312,28.0635,59.2236,-18.3955,7757862
-7.09641,0.0981622,-2.75094,-0.302315,-0.260238,-0.153512,28.0635,59.2236,-18.3955,7818629
-6.27999,-0.588974,-2.20985,-0.0350527,-0.529632,0.121344,29.693,60.8637,-19.2715,7876146
-6.59842,-0.656011,-1.92015,-0.212916,-0.629955,0.084572,29.693,60.8637,-19.2715,7934683
-6.61278,-0.981623,-1.84114,0.64789,-0.602776,0.155984,28.0635,60.317,-12.4389,8005436
-7.63271,-1.61369,-2.66953,-0.107131,-0.800357,0.170506,28.0635,60.317,-12.4389,8063551
-8.47547,-1.05345,-1.6496,-0.468587,-0.490062,0.315328,26.9771,61.4103,-8.58457,8130571
-8.21929,-0.488417,-2.30562,-0.416893,-0.736939,0.635483,26.9771,61.4103,-8.58457,8188774
-8.69813,-0.421379,-0.177171,-1.10343,-0.542156,0.941115,24.6234,60.8637,-5.25586,8247291
-10.6207,-0.0861912,-0.23942,-1.08105,-0.81408,1.00214,24.6234,60.8637,-5.25586,8309208
-11.5472,-0.325611,-1.49877,-0.358138,-0.617298,0.672921,19.916,62.3215,-2.80312,8378902
-11.6023,0.90022,1.55623,-1.76253,0.18049,0.555677,19.916,62.3215,-2.80312,8439574
-10.8146,2.18351,0.55306,-0.967138,0.265625,0.327186,18.2865,61.7748,-1.92715,8498030
-14.188,1.24738,0.85473,0.0636716,0.28934,0.106155,18.2865,61.7748,-1.92715,8557392
-13.125,1.90818,0.533907,-0.0664953,-0.369621,-0.146318,19.0107,62.5037,-4.73027,8615409
-14.0994,1.81241,0.23942,0.259788,-0.329652,-0.152846,19.0107,62.5037,-4.73027,8673681
-14.698,1.64003,0.454898,0.585804,-0.307935,-0.131529,19.5539,61.957,-2.10234,8754098
-13.556,1.2402,0.902614,0.418466,0.0290065,0.00969602,19.5539,61.957,-2.10234,8815451
-11.7148,1.30005,1.19949,0.681731,0.274951,-0.0679778,17.3812,61.5926,-1.05117,8876277
-11.0157,1.45089,0.545878,0.975905,0.208869,-0.290607,17.3812,61.5926,-1.05117,8934889
-10.5129,0.979228,0.385466,1.41557,0.322248,-0.357356,18.6486,61.7748,-1.22637,8992569
-10.3477,0.847547,-0.462081,1.14364,0.451349,-0.410782,18.6486,61.7748,-1.22637,9051061
-9.52892,0.301669,0.136469,1.14897,0.942306,-0.576654,19.735,60.317,-3.32871,9123270
-8.40843,0.225055,-1.73819,1.84617,0.785493,-0.380005,19.735,60.317,-3.32871,9180825
-9.10994,-0.586579,-1.3192,1.1142,1.12443,-0.379605,21.1834,61.7748,-6.83261,9241931
-7.63511,-0.916979,-1.91057,-0.00374341,1.2506,-0.238647,21.1834,61.7748,-6.83261,9299501
-7.1012,-0.323217,-1.51313,0.0861876,1.20104,-0.409982,23.175,61.2281,-12.9645,9358627
-7.33104,-0.409408,-3.32315,0.115232,0.98041,-0.292472,23.175,61.2281,-12.9645,9416657
-6.50265,-0.981623,-2.0638,0.254725,1.02065,-0.207604,26.0719,60.4992,-21.0234,9488893
-6.27999,-0.852335,-3.36146,-0.324564,0.861035,-0.457146,26.0719,60.4992,-21.0234,9549700
-6.03818,-0.581791,-3.51947,-0.0311891,0.965355,-0.152713,28.6066,58.6769,-25.2281,9607496
-6.44758,-1.41258,-5.87776,1.36441,0.0294062,0.0968292,28.6066,58.6769,-25.2281,9666089
-7.03656,-1.87705,-4.58011,-0.245425,0.446953,0.078843,28.4256,57.0369,-28.5568,9724426
-8.15944,-2.03986,-6.42125,0.16999,-0.150323,0.0212871,28.4256,57.0369,-28.5568,9786037
-7.73088,-1.82917,-4.92487,0.0408891,0.0501903,-0.152713,27.7014,57.0369,-26.8049,9856636
-7.93438,-1.72382,-5.38695,0.0258339,0.125199,0.00516617,27.7014,57.0369,-26.8049,9918374
-7.46991,-2.20985,-5.28879,-0.0243942,-0.0535968,0.0623223,29.5119,57.4014,-27.856,9976162
-7.32626,-2.19548,-5.74129,-0.0389164,-0.205347,0.0296807,29.5119,57.4014,-27.856,10033975
-7.30231,-2.17633,-5.04698,-0.045578,-0.218271,0.149855,27.3392,59.2236,-27.1553,10096064
-7.2688,-1.75974,-4.7884,-0.103134,-0.43264,0.268697,27.3392,59.2236,-27.1553,10168101
-6.08366,-1.07739,-4.51307,-0.0526393,-0.774511,0.345172,27.8824,58.6769,-25.2281,10226174
-5.13317,-0.840364,-3.04303,0.0512811,-1.12611,0.320391,27.8824,58.6769,-25.2281,10284583
-4.19225,-0.818817,-2.46842,-0.0991369,-1.57003,0.361027,26.0719,60.8637,-18.2203,10343030
-6.08127,-0.758962,-1.20428,-0.413829,-1.26787,0.212607,26.0719,60.8637,-18.2203,10400475
-7.72609,-0.380678,-2.88741,-0.163887,-1.0523,0.358362,24.4424,62.5037,-9.63574,10462277
-8.71489,-1.06302,-0.696712,-1.58133,-0.819543,0.600842,24.4424,62.5037,-9.63574,10534795
-9.52174,0.766144,-1.19231,-1.37682,-0.660331,0.645075,21.9076,62.5037,-5.08066,10592621
-9.84256,0.670376,-0.790086,-1.63209,-0.899881,0.682913,21.9076,62.5037,-5.08066,10654076
-9.7013,0.593762,-0.169988,-1.3599,-0.855515,0.858778,17.9244,61.7748,-0.875976,10711931
-9.78749,1.93212,0.914585,-1.35804,-0.295678,0.644409,17.9244,61.7748,-0.875976,10769530
-9.99579,1.42216,0.871489,-0.83897,0.195279,0.644409,15.9328,62.3215,1.75195,10831156
-13.2327,1.8148,1.53708,-0.141504,0.524893,0.298141,15.9328,62.3215,1.75195,10900924
-14.6549,3.06218,2.68629,-1.42745,0.814404,0.246848,14.6654,61.4103,-2.27754,10959786
-14.4035,3.72059,0.845153,-0.605815,0.195412,0.250978,14.6654,61.4103,-2.27754,11021501
-15.3013,4.01508,0.0263362,0.578876,-0.963299,-0.243576,12.4928,60.317,-3.32871,11080017
-14.7626,2.7246,1.69988,0.417667,-0.966763,-0.33484,12.4928,60.317,-3.32871,11141590
-13.2088,2.26252,1.42934,0.788982,-0.591451,-0.401855,15.0275,60.6814,2.62793,11203715
-11.2192,1.84593,2.43251,0.620578,0.190083,-0.30433,15.0275,60.6814,2.62793,11272896
-10.4698,1.47962,1.57538,0.915818,0.584447,-0.491253,15.0275,61.0459,4.02949,11330602
-10.6566,2.03507,1.99676,0.622443,0.842782,-0.431699,15.0275,61.0459,4.02949,11389051
-10.2639,0.584185,-0.131681,2.52099,0.555536,-0.780498,18.1055,61.957,-0.700781,11451110
-8.24563,0.579397,-0.488417,4.03356,1.05609,-0.653262,18.1055,61.957,-0.700781,11512912
-9.80186,0.876277,-2.1452,1.76037,0.299999,-0.732002,21.0023,62.3215,-3.50391,11586859
-7.32147,-0.579397,-0.986411,0.203697,0.909398,-0.466872,21.0023,62.3215,-3.50391,11646391
-6.91924,-0.962469,-0.414197,0.865857,1.31962,-0.490987,23.356,62.8682,-6.48223,11706602
-6.11718,-0.830788,-1.62806,-0.238364,0.939508,-0.224658,23.356,62.8682,-6.48223,11767494
-7.22809,-0.92895,-0.672771,0.229811,1.37158,-0.363618,24.4424,61.0459,-14.5412,11824940
-5.81791,-0.167594,-3.49074,0.233008,0.652928,-0.36988,24.4424,61.0459,-14.5412,11885709
-7.70214,-1.28569,-3.06697,1.07623,0.779498,-0.2124,25.8908,60.317,-18.3955,11955626
-7.24964,-1.98719,-4.1707,-0.487506,0.409381,-0.327246,25.8908,60.317,-18.3955,12014276
-7.52258,-3.0143,-4.25928,-0.309376,0.287608,-0.148583,30.0551,60.1347,-21.0234,12071608
-7.75482,-1.87705,-4.67827,-0.0462442,0.255499,-0.154445,30.0551,60.1347,-21.0234,12129643
-7.95832,-1.76931,-4.61123,-0.0326546,0.0751045,-0.062382,29.5119,58.4947,-24.3521,12190543
-8.84896,-2.09253,-4.53462,0.331466,0.296268,0.054062,29.5119,58.4947,-24.3521,12251666
-7.42681,-2.39899,-4.78122,-0.263144,-0.00576681,0.0677848,29.3308,59.0414,-23.4762,12320431
-7.94635,-1.9824,-5.00867,0.128955,-0.120346,0.0795092,29.3308,59.0414,-23.4762,12381136
-8.16423,-2.11408,-4.34069,-0.179875,-0.0414728,0.120944,28.4256,59.9525,-22.2498,12441917
-8.06846,-1.88184,-4.78361,-0.0578353,-0.212009,0.257506,28.4256,59.9525,-22.2498,12499786
-7.44118,-1.51313,-4.44124,0.0415552,-0.388007,0.288549,28.2445,60.1347,-22.425,12560324
-6.1938,-1.50595,-3.91691,-0.127115,-0.859379,0.338377,28.2445,60.1347,-22.425,12618590
-4.5011,-1.42455,-3.14119,-0.190533,-1.36779,0.522902,26.0719,60.1347,-18.5707,12688043
-4.59926,-0.624887,-0.203507,-0.708004,-1.45506,0.427109,26.0719,60.1347,-18.5707,12745433
-6.26084,0.138864,-2.08535,-1.03429,-1.14316,0.595114,23.7182,62.5037,-8.23418,12804318
-8.85136,0.469263,-2.15718,-0.531472,-1.26853,0.893019,23.7182,62.5037,-8.23418,12866021
-9.11233,-0.328006,-0.981623,-2.15942,-0.841526,0.852916,17.7434,63.0504,-3.8543,12923584
-10.2232,0.687136,-0.536301,-2.33049,-0.29781,0.940316,17.7434,63.0504,-3.8543,12996898
-10.1155,1.84832,0.938527,-1.56681,-0.058926,0.715821,14.6654,61.7748,-1.22637,13055551
-9.93354,1.72861,-0.095768,0.229145,-0.455822,0.751793,14.6654,61.7748,-1.22637,13115622
-9.34217,2.1883,0.493205,-0.910781,-0.671789,0.601242,12.4928,61.4103,2.62793,13176331
-11.0325,2.74615,3.03106,-1.51752,0.383268,0.63868,12.4928,61.4103,2.62793,13237181
-11.1282,3.29681,1.97522,-1.41959,0.971351,0.811881,9.41484,60.4992,1.40156,13294595
-14.868,4.43406,1.78847,-0.676827,0.984274,0.550481,9.41484,60.4992,1.40156,13368279
-14.8776,5.22175,0.955286,0.419399,-0.151255,-0.0541217,7.6043,62.3215,-4.20469,13427413
-14.5089,4.94163,0.909797,0.243134,-0.730811,-0.221327,7.6043,62.3215,-4.20469,13484919
-13.7714,4.84586,0.993593,0.994291,-1.30344,-0.617823,9.77695,59.7703,1.75195,13546321
-12.1649,3.76608,2.01113,0.733424,-0.965298,-0.477797,9.77695,59.7703,1.75195,13604874
-11.2073,2.78446,2.85868,0.481351,0.0599162,-0.249705,11.4064,59.9525,6.48223,13662689
-10.6135,2.92811,2.33913,0.0318293,0.818401,-0.18189,11.4064,59.9525,6.48223,13735709
-10.3286,2.95923,1.59693,0.362509,0.634276,-0.315921,11.7686,62.1392,1.22637,13794016
-9.29429,2.35111,1.35033,1.4229,0.592974,-0.54761,11.7686,62.1392,1.22637,13852706
-8.59039,2.0638,-0.577003,2.57774,0.418708,-0.909466,13.398,62.6859,-0.350391,13920490
-7.83861,0.349553,0.663194,4.48482,0.848911,-0.885617,13.398,62.6859,-0.350391,13980028
-6.70855,-0.325611,-0.814028,2.76866,1.49815,-0.745991,15.7518,62.8682,-4.02949,14041196
-8.27197,-0.371101,-1.66397,0.238871,1.38237,-0.486857,15.7518,62.8682,-4.02949,14113493
-7.05811,0.397437,-3.15556,0.329867,0.744858,-0.682307,20.4592,63.5971,-12.7893,14171463
-4.91529,-0.126893,-1.04627,1.10381,1.11551,-0.525493,20.4592,63.5971,-12.7893,14233027
-6.92642,-1.25217,-2.35111,0.277374,1.12297,-0.530556,24.2613,59.4058,-18.9211,14291627
-6.83066,-1.16598,-4.40054,0.195437,0.75938,-0.697095,24.2613,59.4058,-18.9211,14350324
-8.04212,-1.46525,-4.55377,0.62644,0.63321,-0.246374,27.5203,58.6769,-23.1258,14411953
-7.39569,-2.71742,-4.57053,-0.476447,0.475065,-0.324581,27.5203,58.6769,-23.1258,14480960
-6.66545,-2.34632,-5.15471,-0.304313,0.270022,-0.204273,29.5119,58.1303,-26.1041,14541148
-8.16183,-2.20985,-5.31513,0.377964,-0.0607913,-0.0350696,29.5119,58.1303,-26.1041,14602914
-8.81066,-2.4756,-4.60884,-0.0506408,0.161572,0.00463325,29.1498,57.7658,-25.7537,14661356
-7.28077,-2.27449,-5.5737,-0.114592,0.101085,0.0343438,29.1498,57.7658,-25.7537,14720273
-7.34301,-2.57855,-5.66228,0.105639,-0.211609,0.164511,30.2361,57.4014,-27.5057,14778190
-7.3909,-2.78446,-5.03261,0.0672688,-0.252111,0.187826,30.2361,57.4014,-27.5057,14846939
-7.21612,-2.63601,-5.00867,-0.122186,-0.55801,0.244449,30.2361,58.4947,-24.0018,14908621
-7.56089,-2.05662,-4.80995,-0.356539,-0.560142,0.38301,30.2361,58.4947,-24.0018,14966427
-6.17943,-1.45089,-4.18985,-0.472584,-0.886558,0.443097,28.0635,61.0459,-21.549,15028010
-4.67827,-1.22583,-3.0981,-0.25182,-1.40496,0.580858,28.0635,61.0459,-21.549,15085876
-3.80678,-0.411803,-1.1133,-0.549325,-1.59681,0.432172,22.4508,61.2281,-13.3148,15156826
-6.54335,-0.134075,-1.00317,-0.8431,-1.06975,0.351034,22.4508,61.2281,-13.3148,15218961
-7.83861,-0.706289,-2.46124,-1.38708,-1.32622,1.06182,22.0887,62.3215,-5.60625,15279930
-8.46829,0.746991,-0.035913,-1.40907,-0.987148,0.682513,22.0887,62.3215,-5.60625,15337476
-10.4746,0.272939,-0.0407014,-1.91095,-0.239987,0.649605,18.2865,62.1392,-1.22637,15395701
-10.647,0.952892,-0.0861912,-2.3658,-0.185762,0.708627,18.2865,62.1392,-1.22637,15454235
-10.5776,1.23062,1.05824,-2.48571,-0.0970302,0.971492,15.3896,60.317,0.875976,15522830
-9.98142,2.13802,0.454898,-0.892262,0.103216,0.764984,15.3896,60.317,0.875976,15584846
-11.3677,2.62404,0.679953,-0.950884,0.363284,0.550215,11.0443,62.1392,-1.22637,15643317
-11.0349,3.40934,1.70467,-1.0616,0.890879,0.577394,11.0443,62.1392,-1.22637,15700636
-12.3014,2.67432,0.114922,-0.0261262,1.19185,0.650671,9.77695,62.3215,-6.65742,15758935
-15.2032,4.62799,0.0622492,-0.191999,0.652529,-0.238647,9.77695,62.3215,-6.65742,15820179
-15.7179,4.92487,-0.933739,0.452307,-0.594382,-0.220794,11.0443,60.317,-9.63574,15889107
-13.6374,4.58729,-0.878672,1.35841,-1.66809,-0.613426,11.0443,60.317,-9.63574,15953802
-12.8545,3.11964,0.52433,1.51349,-1.62293,-0.509239,12.6738,59.7703,0.0,16011412
-11.5927,2.05901,2.78446,0.573947,-0.207612,-0.253302,12.6738,59.7703,0.0,16069776
-11.0684,1.78847,1.59933,0.415002,0.918591,-0.0900941,13.217,59.9525,2.27754,16128129
-10.4555,1.88663,0.624887,0.239803,0.890346,-0.18189,13.217,59.9525,2.27754,16187795
-9.73003,2.27928,-0.251391,0.984832,0.113608,-0.568927,14.3033,62.5037,-1.22637,16260231
-7.43639,2.08295,-0.919373,2.43585,-0.0214881,-0.636742,14.3033,62.5037,-1.22637,16318735
-10.4387,0.902614,1.6496,3.49651,1.12563,-0.516834,16.476,63.5971,-1.92715,16377312
-7.09402,0.306458,-3.1771,2.51433,1.05635,-0.393861,16.476,63.5971,-1.92715,16436836
-7.71172,-0.565031,0.351948,0.636566,1.48576,-0.59584,18.4676,64.1437,-9.46054,16499075
-6.96234,0.545878,-2.3966,-0.0618322,1.249,-0.836189,18.4676,64.1437,-9.46054,16557874
-5.80833,-0.102951,-2.26013,0.205696,1.31122,-0.469137,21.7266,62.6859,-16.8187,16630211
-5.26724,-1.35751,-1.12049,0.868121,1.22129,-0.602768,21.7266,62.6859,-16.8187,16688611
-5.00627,-3.03106,-5.34386,-0.535736,-0.102626,-0.256233,27.5203,59.0414,-22.7754,16747890
-8.93516,-1.79326,-3.67749,0.197569,0.923254,-0.484325,27.5203,59.0414,-22.7754,16807194
-7.59919,-1.69749,-5.51385,-0.500962,0.174761,-0.242244,28.7877,58.4947,-25.4033,16868863
-7.0198,-2.45884,-4.45082,0.372901,-0.00336865,0.0184893,28.7877,58.4947,-25.4033,16926905
-8.28872,-1.65439,-4.41012,0.275642,0.440025,-0.0439961,29.1498,57.7658,-26.4545,17000397
-7.07008,-2.10211,-5.53539,-0.304846,0.131595,-0.0337373,29.1498,57.7658,-26.4545,17061873
-7.2233,-1.88424,-5.40371,0.268848,-0.182964,0.103491,28.2445,56.1258,-25.5785,17119283
-7.5968,-2.3128,-5.06373,0.0346272,-0.1795,0.127472,28.2445,56.1258,-25.5785,17176742
-7.21373,-2.08535,-5.05655,-0.0210634,-0.426244,0.19622,29.874,58.1303,-26.1041,17235307
-7.33823,-1.70707,-5.13556,-0.0334539,-0.703632,0.339043,29.874,58.1303,-26.1041,17307510
-6.1531,-1.43891,-4.14436,-0.148566,-1.12025,0.528898,25.5287,60.6814,-21.1986,17365829
-5.70778,-1.1971,-2.71502,-0.458861,-1.30797,0.733141,25.5287,60.6814,-21.1986,17424172
-4.2952,-0.790086,-1.72861,-0.990587,-1.63811,0.85638,22.0887,61.957,-13.3148,17481570
-5.42765,-0.203507,-0.76375,-1.43265,-1.69247,0.644942,22.0887,61.957,-13.3148,17539225
-7.64708,0.342371,-0.0023942,-1.61784,-0.764652,0.983216,18.2865,62.1392,-3.32871,17600500
-7.80988,1.47243,-2.09014,-2.02086,-1.02858,0.938051,18.2865,62.1392,-3.32871,17672052
-9.52413,0.311246,-0.158017,-1.18297,-1.0519,0.479602,13.398,61.957,0.350391,17730922
-10.2639,2.11887,1.25456,-1.15513,-0.195621,0.715821,13.398,61.957,0.350391,17792076
-9.88326,2.01831,1.89381,-0.862951,0.541947,0.602308,12.8549,62.5037,2.27754,17850790
-10.4363,2.01831,1.33357,-0.339486,0.872093,0.655334,12.8549,62.5037,2.27754,17912909
-10.9966,3.19865,1.26414,-1.25132,0.741527,0.466546,9.23379,61.7748,-2.27754,17970722
-11.6406,2.90656,1.07021,-0.924771,0.640404,0.53023,9.23379,61.7748,-2.27754,18044195
-13.5344,4.12042,0.778115,-0.624468,0.575787,0.324654,7.78535,61.4103,-6.48223,18105064
-15.1816,5.8227,-0.124498,0.164794,-0.144727,-0.0916929,7.78535,61.4103,-6.48223,18162610
-15.2487,6.21295,-0.035913,0.701849,-0.897483,-0.342167,8.69062,63.4148,-4.20469,18222886
-14.1138,4.74291,0.514753,0.913953,-0.869238,-0.423439,8.69062,63.4148,-4.20469,18284007
-12.809,3.41174,1.13725,0.191174,-0.570667,-0.240379,11.7686,61.0459,-0.875976,18344606
-11.054,3.45004,2.09971,-0.0787525,0.403786,-0.145785,11.7686,61.0459,-0.875976,18415922
-11.7531,2.51152,0.943315,0.824555,0.619354,0.0180896,11.0443,61.4103,-1.57676,18474377
-10.477,2.96163,1.03669,1.15164,0.423904,-0.59091,11.0443,61.4103,-1.57676,18531916
-10.2208,1.97043,0.641646,1.25955,0.0656451,-0.510572,11.4064,62.8682,-2.62793,18590340
-8.56406,2.68151,-0.658405,2.31008,-0.360828,-1.19285,11.4064,62.8682,-2.62793,18648977
-7.79313,0.526724,1.92494,4.48482,0.732068,-1.04696,16.2949,61.5926,-1.05117,18709936
-7.86495,-3.03824,-2.41096,0.917417,1.37744,-0.384269,16.2949,61.5926,-1.05117,18781759
-5.81791,-0.0335188,1.08697,-0.684288,1.90224,-1.23881,20.4592,63.2326,-11.3877,18839608
-5.4492,1.51792,-5.66228,-1.53497,1.28817,-0.88735,20.4592,63.2326,-11.3877,18897874
-4.37181,-0.0023942,-0.560243,0.546768,1.06928,-0.659258,24.4424,60.6814,-22.9506,18961919
-5.4899,0.354342,-4.30477,0.749146,0.577919,-0.667651,24.4424,60.6814,-22.9506,19020686
-8.55687,-2.32956,-6.07888,0.202498,0.470801,-0.332841,28.2445,59.4058,-25.2281,19085102
-6.86896,-1.71185,-5.4085,0.0259671,0.199809,-0.200143,28.2445,59.4058,-25.2281,19155868
-7.45075,-2.89938,-4.9536,-0.156426,0.027541,-0.129264,29.3308,58.3125,-25.5785,19214598
-9.15303,-2.33195,-4.27844,0.56995,0.376607,0.0183561,29.3308,58.3125,-25.5785,19273110
-7.28077,-2.57855,-6.7301,-0.210651,0.140521,0.0259502,30.7793,57.2191,-26.2793,19331690
-7.33583,-2.39181,-4.89135,0.0531463,0.147582,0.0675184,30.7793,57.2191,-26.2793,19393123
-7.58004,-2.30801,-5.43484,0.0899181,-0.0286826,-0.0186822,28.7877,58.1303,-26.8049,19467996
-7.66384,-2.25294,-4.87699,0.140413,-0.153387,0.0707159,28.7877,58.1303,-26.8049,19526296
-7.78115,-2.30083,-5.18823,-0.183339,-0.358563,0.231126,29.3308,57.5836,-26.9801,19584437
-7.5154,-2.05422,-4.88417,0.0439534,-0.412788,0.283619,29.3308,57.5836,-26.9801,19643515
-7.5154,-1.8986,-4.83629,-0.0290573,-0.658866,0.412587,27.5203,59.7703,-22.0746,19702107
-6.48589,-1.33118,-4.60405,-0.253019,-1.15089,0.584589,27.5203,59.7703,-22.0746,19763225
-4.39575,-1.38145,-2.57377,-0.609679,-1.51274,0.959901,24.4424,62.1392,-16.9939,19833386
-3.73735,-0.555454,-1.34315,-1.31141,-1.99451,1.01506,24.4424,62.1392,-16.9939,19891363
-6.21056,0.126893,-0.100556,-1.40987,-1.38751,0.694771,18.8297,63.0504,-7.00781,19951175
-8.72447,0.936133,-1.65918,-2.71646,-0.589319,1.49855,18.8297,63.0504,-7.00781,20009365
-8.39646,1.43891,-1.37427,-2.92684,-1.1309,0.497455,13.0359,62.6859,-1.40156,20069559
-9.51695,1.69031,1.62806,-0.623668,-0.415186,0.462416,13.0359,62.6859,-1.40156,20127817
-9.81622,2.27928,0.888249,-0.661772,-0.223733,0.398198,13.9412,62.5037,0.525586,20197599
-9.39724,2.6408,1.8986,-0.471518,0.0818993,0.295477,13.9412,62.5037,0.525586,20255326
-10.4746,2.65996,2.48518,0.0316961,0.485856,0.402195,11.0443,62.1392,2.27754,20313497
-11.2504,2.92571,1.04627,-0.266209,0.199009,0.467612,11.0443,62.1392,2.27754,20374648
-10.5872,3.73256,2.15478,-0.213183,0.269755,0.197952,9.23379,61.0459,0.525586,20435538
-13.3142,3.32555,2.0231,0.00798094,0.531554,0.397532,9.23379,61.0459,0.525586,20497120
-15.3468,5.15471,1.20668,-0.567178,0.275218,-0.0138859,7.6043,60.8637,-2.10234,20566192
-16.9198,5.70059,0.169988,-0.264344,-0.415986,-0.062915,7.6043,60.8637,-2.10234,20626247
-14.607,5.9041,0.162806,-0.0616989,-1.09733,-0.30846,9.05273,60.8637,1.05117,20687434
-12.627,4.52265,2.01352,0.776725,-1.07135,-0.510438,9.05273,60.8637,1.05117,20747803
-11.722,3.31118,3.74214,1.18681,0.0866956,-0.460477,11.5875,60.4992,6.30703,20805379
-10.8194,2.52828,2.59292,0.703448,0.801348,-0.255967,11.5875,60.4992,6.30703,20863736
-9.51216,1.32639,0.895431,0.946062,1.26513,-0.523495,11.5875,61.957,1.40156,20935778
-10.6422,1.70467,1.35751,0.178384,1.01838,-0.200276,11.5875,61.957,1.40156,20993061
-7.07247,2.73418,-0.746991,1.23278,0.471068,-1.15195,13.398,63.7793,-4.20469,21051377
-6.59124,3.32555,-3.58651,4.48482,-0.825805,-1.77573,13.398,63.7793,-4.20469,21116017
-6.28478,0.852335,1.30245,4.48482,2.88322,-1.62878,20.8213,63.2326,-4.02949,21173446
-6.12915,-2.40617,-4.23774,-0.454065,1.28031,-0.896276,20.8213,63.2326,-4.02949,21235147
-7.59201,-2.56898,-0.349553,-2.11839,1.14189,-0.388665,26.434,62.3215,-14.0156,21304152
-5.0781,-0.047884,-5.54018,0.0563439,0.949234,-0.471268,26.434,62.3215,-14.0156,21364431
-5.56891,-1.24738,-1.04627,0.514526,1.18066,-0.778766,28.9687,59.7703,-22.425,21428675
-6.44998,-2.49955,-8.59758,0.0638048,-0.135401,-0.00136216,28.9687,59.7703,-22.425,21486511
-8.77235,-2.61686,-3.3854,-0.626333,0.776833,-0.431033,30.7793,55.7613,-25.2281,21544084
-7.28555,-1.92015,-5.56173,-0.133377,-0.291814,-0.22639,30.7793,55.7613,-25.2281,21616732
-7.88171,-2.91853,-3.97198,0.532112,0.745257,0.124675,29.874,57.0369,-25.7537,21676543
-7.81228,-2.80361,-5.53539,-0.600353,0.074838,0.0765781,29.874,57.0369,-25.7537,21734086
-7.65905,-1.43891,-5.79636,0.190241,-0.0488005,0.075379,30.7793,57.2191,-27.3305,21795632
-6.86417,-2.25294,-5.21457,-0.0110711,-0.247848,0.0500651,30.7793,57.2191,-27.3305,21857907
-7.2664,-2.79643,-5.18344,0.0682014,-0.472742,0.228728,30.9603,57.4014,-25.4033,21917028
-7.513,-2.17633,-4.88177,-0.267141,-0.787967,0.389272,30.9603,57.4014,-25.4033,21989874
-6.10042,-1.45089,-4.19464,-0.0976714,-0.989013,0.450158,28.0635,59.5881,-21.1986,22049179
-3.66552,-1.09894,-1.88902,-0.43448,-1.15075,0.764317,28.0635,59.5881,-21.1986,22112710
-3.80439,-0.0646434,-0.591368,-0.963274,-1.42947,0.471076,24.6234,61.5926,-14.7164,22174526
-5.17866,0.196324,-1.70228,-0.020797,-1.98758,0.372884,24.6234,61.5926,-14.7164,22232227
-8.58081,-0.684741,-1.73101,0.514659,-1.53846,0.677984,21.5455,62.1392,-3.32871,22292552
-9.2464,-0.849941,-0.749385,-3.66014,-1.0459,1.35973,21.5455,62.1392,-3.32871,22361877
-10.6518,2.06141,0.682347,-3.74874,-0.0806428,1.39903,15.9328,63.0504,2.45273,22419251
-10.2328,1.20189,1.12288,-2.01194,-0.0333457,1.05356,15.9328,63.0504,2.45273,22480682
-10.9918,2.40378,1.75974,-0.0541048,0.0763036,0.901412,12.4928,60.6814,-0.175195,22538960
-10.3765,3.71341,2.24097,-0.0152013,0.322648,0.33438,12.4928,60.6814,-0.175195,22598330
-10.6901,2.79164,1.49638,0.0916501,0.425636,0.452423,9.05273,60.8637,-1.05117,22656159
-12.1147,3.08134,1.66397,-0.708936,0.817069,0.467878,9.05273,60.8637,-1.05117,22725586
-13.1609,4.18506,1.40061,-0.980061,0.504642,0.309866,8.69062,61.2281,-4.20469,22789577
-14.6405,5.37498,1.08936,0.211558,-0.34031,0.0251508,8.69062,61.2281,-4.20469,22847612
-15.67,6.44758,-0.624887,0.885308,-1.51741,-0.550008,7.06113,59.5881,-2.27754,22905020
-15.093,5.9017,0.88346,0.649089,-1.94974,-0.811141,7.06113,59.5881,-2.27754,22963559
-12.3469,2.99993,3.77326,0.704514,-0.440234,-0.421973,12.3117,58.6769,8.05898,23021880
-11.1594,2.21703,3.45723,0.0467512,1.45005,-0.000829235,12.3117,58.6769,8.05898,23090702
-10.8026,2.79882,2.55701,-0.30871,1.79432,-0.0713085,11.7686,62.8682,1.22637,23152537
-10.0987,2.94008,-0.344765,0.749679,0.923787,-0.524428,11.7686,62.8682,1.22637,23213908
-9.1243,2.45166,-0.521936,1.99885,-0.382944,-0.985674,15.3896,63.5971,-4.02949,23271591
-7.63989,2.08056,-0.136469,4.48482,-0.819143,-1.52579,15.3896,63.5971,-4.02949,23332914
-8.27436,-0.620098,1.64003,4.48482,2.17363,-0.529091,17.7434,63.4148,-2.45273,23401743
-7.12993,-0.260968,-1.1157,0.158932,1.17386,-1.27412,17.7434,63.4148,-2.45273,23465947
-5.98071,-1.13006,-0.0383072,-1.11049,1.55157,-0.696163,21.9076,62.5037,-10.3365,23527000
-6.3159,0.196324,-2.71502,-2.27733,0.719944,-0.587713,21.9076,62.5037,-10.3365,23584664
-5.60243,-0.1652,-0.857124,1.37906,1.33161,-0.419975,25.5287,59.9525,-18.3955,23641994
-5.89213,-0.684741,-2.86586,0.847337,1.04263,-0.289275,25.5287,59.9525,-18.3955,23700187
-6.30633,-1.68312,-5.37737,-0.542131,0.0449943,-0.334707,26.434,59.7703,-23.1258,23769912
-8.63828,-1.56102,-4.13239,0.382361,0.456012,-0.0930252,26.434,59.7703,-23.1258,23830509
-6.40928,-2.07098,-5.31991,0.0917833,-0.455022,-0.465806,28.0635,58.4947,-24.0018,23888884
-8.88009,-1.97043,-2.48997,0.0667359,0.244441,0.160647,28.0635,58.4947,-24.0018,23947313
-7.13232,-1.9417,-6.57448,0.0901846,0.0214123,0.0236853,29.874,58.8592,-24.7025,24005332
-7.12754,-2.12126,-3.71341,-0.16935,-0.380013,0.0338109,29.874,58.8592,-24.7025,24067221
-7.62314,-2.16675,-5.04698,-0.540931,-0.567602,0.0468675,29.1498,59.5881,-21.1986,24139118
-7.41245,-1.38385,-4.53701,-0.439143,-0.858313,0.324255,29.1498,59.5881,-21.1986,24199716
-6.33745,-0.732625,-3.24654,-0.0723574,-1.10772,0.328651,25.7098,61.5926,-16.4684,24260844
-4.35266,-1.47243,-1.69031,-0.129247,-1.19299,0.544353,25.7098,61.5926,-16.4684,24319584
-6.18901,-1.13964,-0.579397,-0.48644,-1.36472,0.811082,24.4424,61.4103,-8.23418,24377506
-6.22971,0.110133,-1.15401,-1.60492,-1.59375,0.499587,24.4424,61.4103,-8.23418,24436018
-8.03015,-0.124498,-0.459687,-1.77319,-1.40336,1.02012,21.5455,63.2326,0.525586,24512374
-9.15542,0.940921,-0.270545,-2.36966,-0.65287,1.15868,21.5455,63.2326,0.525586,24570248
-9.31105,1.69988,0.440533,-2.82691,-0.684979,0.933254,17.2002,59.9525,3.32871,24628734
-9.79947,1.74777,2.12366,0.0187727,-0.156851,0.901545,17.2002,59.9525,3.32871,24687518
-9.98382,2.12366,1.15161,1.23624,-0.0581267,0.245249,12.8549,60.6814,5.08066,24745321
-11.1426,1.79565,2.71981,-0.0539716,0.0962883,0.311065,12.8549,60.6814,5.08066,24819817
-11.0277,1.86987,2.35829,-0.519881,0.729403,0.509979,11.5875,60.4992,4.90547,24878855
-13.2088,2.95444,2.62883,-1.04002,1.1612,0.353699,11.5875,60.4992,4.90547,24937489
-14.1138,4.4173,2.21464,-1.30368,0.662254,0.524634,8.50957,61.4103,-0.525586,24996164
-16.0316,4.61841,1.14443,-0.306578,-0.0547959,0.226463,8.50957,61.4103,-0.525586,25057435
-15.5168,5.9879,-0.301669,-0.138307,-0.815546,-0.191883,9.958,59.5881,-0.875976,25115099
-13.0053,4.86023,-0.0550666,0.505733,-1.22084,-0.676578,9.958,59.5881,-0.875976,25190248
-11.4251,2.96642,4.57771,0.506532,0.327444,-0.640206,13.7602,59.4058,5.60625,25249216
-11.7555,1.35272,3.89058,1.72533,1.54664,-0.423838,13.7602,59.4058,5.60625,25307757
-9.79467,1.64721,0.241814,1.29553,0.843582,-0.703091,13.9412,63.2326,-2.27754,25365545
-10.9463,0.677559,0.1652,1.01907,-0.105024,-0.690833,13.9412,63.2326,-2.27754,25423242
-7.77397,2.09014,-0.452504,2.73189,-0.883227,-1.67261,20.6402,62.3215,1.05117,25483164
-8.30548,1.43652,0.526724,4.48482,1.75835,-0.748922,20.6402,62.3215,1.05117,25587816
-7.16345,-2.19069,0.617704,-0.0730236,1.19718,-0.958495,19.3728,62.8682,-2.27754,25646971
-5.74848,-0.129287,1.17316,-0.971801,1.49428,-0.294071,19.3728,62.8682,-2.27754,25704682
-5.59764,-0.411803,-1.02232,-1.65328,0.71648,-0.246507,24.8045,63.2326,-12.0885,25762911
-6.46913,-0.749385,-1.93451,0.672538,1.09219,-0.466073,24.8045,63.2326,-12.0885,25821482
-6.6463,-0.699107,-2.86825,0.614449,1.16174,-0.501912,26.615,61.7748,-18.0451,25883811
-6.87136,-2.67193,-4.52743,-0.210518,0.0772362,-0.0745061,26.615,61.7748,-18.0451,25957776
-7.3502,-2.47321,-3.35667,0.110702,0.261362,-0.325647,28.0635,59.9525,-19.4467,26015794
-8.41322,-1.69988,-4.67827,0.346388,0.504242,0.0688507,28.0635,59.9525,-19.4467,26075523
-7.50343,-3.25611,-4.48434,-0.0478429,-0.0444039,0.0242182,30.7793,60.1347,-21.7242,26137277
-8.47786,-1.67833,-5.07571,-0.31737,-0.137532,-0.10808,30.7793,60.1347,-21.7242,26198480
-7.72848,-1.96803,-4.15873,-0.0485091,-0.253843,0.063255,29.1498,59.9525,-22.6002,26256052
-7.69736,-2.59053,-4.10366,0.114966,-0.6145,0.259238,29.1498,59.9525,-22.6002,26328261
-7.19457,-1.7358,-3.42371,-0.279665,-0.504584,0.347703,28.0635,60.317,-18.3955,26385680
-4.97276,-1.12049,-2.62404,-0.0538383,-0.970627,0.582856,28.0635,60.317,-18.3955,26443030
-4.3335,-1.20428,-0.536301,0.189708,-1.07934,0.804953,25.8908,61.0459,-14.8916,26506375
-5.16429,-0.579397,-1.98,-0.369463,-1.60268,0.68238,25.8908,61.0459,-14.8916,26567352
-6.30633,-0.280121,-0.675165,-0.988855,-1.40922,0.555944,20.8213,62.1392,-4.37988,26639344
-8.60715,-0.325611,-0.964863,-1.98822,-1.45093,1.09966,20.8213,62.1392,-4.37988,26703185
-9.80665,0.988805,0.462081,-3.58007,-0.787567,1.16081,18.4676,60.4992,2.45273,26760840
-9.87129,1.67355,0.294487,-3.13574,-0.80622,1.21264,18.4676,60.4992,2.45273,26818100
-11.4946,1.9393,2.61447,-0.217579,0.0290065,0.627755,15.9328,60.8637,6.30703,26876647
-10.5632,2.0662,2.03028,0.0635383,0.174628,0.61763,15.9328,60.8637,6.30703,26938488
-11.5616,1.68312,1.70467,-0.0102718,0.541813,0.414053,14.4844,60.8637,3.8543,27009500
-11.9662,2.94487,2.33195,-0.0971385,0.989737,0.0841722,14.4844,60.8637,3.8543,27072214
-14.3101,2.88022,2.62883,-0.937028,0.961359,0.506515,11.5875,61.2281,0.350391,27130002
-17.0922,4.2928,2.33195,-1.39548,0.714481,0.66093,11.5875,61.2281,0.350391,27189159
-16.0388,6.2345,0.0143652,-0.41636,-0.169241,0.0887021,9.41484,60.8637,-5.25586,27248638
-13.8552,5.47314,-1.53708,1.00308,-1.50209,-0.577187,9.41484,60.8637,-5.25586,27313840
-11.8776,4.24252,0.64404,0.960851,-1.98145,-0.951167,9.41484,60.4992,0.0,27385353
-9.90481,1.79326,5.47314,1.78875,0.357022,-0.726539,9.41484,60.4992,0.0,27447495
-10.5943,1.15161,2.62883,1.67803,1.29151,-0.534553,13.7602,61.2281,6.65742,27505059
-9.10994,1.19231,0.351948,1.13259,0.565262,-0.897875,13.7602,61.2281,6.65742,27562656
-8.26478,0.275333,0.603339,1.14298,0.355689,-0.611161,16.2949,61.2281,1.05117,27623740
-9.62229,1.13725,0.806846,3.14198,0.798683,-1.31023,16.2949,61.2281,1.05117,27685356
-8.04691,-0.344765,-3.52187,4.48482,1.54025,-0.420374,17.5623,62.5037,-0.875976,27754746
-6.69419,-0.818817,-0.627281,0.507731,1.05848,-1.21057,17.5623,62.5037,-0.875976,27814474
-6.83544,-1.65439,0.785298,-0.463524,1.26179,-0.640073,22.2697,62.5037,-6.83261,27871980
-5.48033,-0.440533,-0.636858,-2.18447,1.41674,-0.175096,22.2697,62.5037,-6.83261,27931020
-5.62637,-0.26815,-2.65517,-0.678293,0.778432,-0.38307,23.5371,61.2281,-16.118,27992025
-6.61039,-0.112527,-2.35589,1.61475,0.912063,-0.357089,23.5371,61.2281,-16.118,28050431
-8.20493,-2.28407,-5.47075,0.162263,0.0723067,-0.307794,26.615,59.9525,-21.549,28122706
-6.78995,-1.98479,-4.11563,-0.496033,0.339169,-0.261296,26.615,59.9525,-21.549,28180097
-8.26957,-1.44849,-3.8379,0.355848,-0.366957,-0.311258,29.3308,59.4058,-22.425,28240157
-9.31344,-2.24097,-4.0869,0.415269,0.873692,0.192756,29.3308,59.4058,-22.425,28301446
-7.05332,-2.7246,-5.31273,-0.652713,-0.167643,0.0765781,30.2361,58.4947,-22.6002,28362634
-8.06606,-1.30963,-4.34787,0.263252,-0.0229536,0.0263499,30.2361,58.4947,-22.6002,28419965
-7.61595,-2.26252,-4.42448,-0.392246,-0.286218,0.106688,29.3308,59.7703,-23.8266,28493662
-7.79073,-1.71664,-4.26647,0.357846,-0.615966,0.305736,29.3308,59.7703,-23.8266,28551158
-7.79073,-1.34554,-3.8403,-0.193465,-0.735474,0.297342,28.2445,60.1347,-19.9723,28608615
-6.06451,-1.18992,-2.87304,-0.0967387,-1.0002,0.315062,28.2445,60.1347,-19.9723,28669822
-4.19464,-1.20668,-1.2809,-0.252486,-1.28678,0.628555,26.434,60.8637,-16.4684,28728450
-4.35266,-0.418985,-0.881066,-1.10796,-1.61706,0.712757,26.434,60.8637,-16.4684,28786282
-5.55933,-0.323217,-0.418985,-0.926236,-1.79653,0.51744,25.5287,61.0459,-6.48223,28858893
-8.76756,0.43335,-1.19949,-1.86671,-1.48903,1.25381,25.5287,61.0459,-6.48223,28916773
-9.70609,0.885855,-0.172382,-3.30055,-1.37272,1.27326,18.4676,61.5926,3.15351,28976991
-9.88326,1.36709,0.610521,-1.22947,-1.06935,1.14416,18.4676,61.5926,3.15351,29041317
-10.9199,2.26013,4.26886,-0.18667,0.358221,0.514509,15.7518,60.6814,9.98613,29098882
-10.5465,1.80762,2.69108,0.777924,0.635341,0.529164,15.7518,60.6814,9.98613,29158836
-10.6781,2.34632,2.94008,-0.311641,0.92885,0.328518,11.9496,60.1347,6.30703,29228423
-12.7779,2.96881,3.94804,-0.0751553,1.40115,0.204214,11.9496,60.1347,6.30703,29285976
-12.9143,3.43328,1.47243,-0.78248,0.452282,0.618695,11.7686,59.2236,-1.57676,29347247
-15.4043,4.50589,2.15239,-0.701875,-0.241852,0.0751125,11.7686,59.2236,-1.57676,29406034
-17.03,5.55933,0.454898,0.288033,-1.11758,0.0576593,9.77695,59.0414,-0.700781,29464444
-14.3389,5.16908,-0.354342,-0.0590343,-1.94202,-0.457013,9.77695,59.0414,-0.700781,29537431
-11.1977,3.25851,4.14436,0.702115,-0.654203,-0.684705,13.217,58.8592,7.88379,29596125
-10.2424,2.27449,4.78361,1.17575,0.949501,-0.433431,13.217,58.8592,7.88379,29653771
-10.5943,1.403,3.43568,0.75714,1.39036,-0.441958,13.9412,57.7658,9.28535,29715595
-10.8409,1.81959,1.89381,0.0122443,0.72927,-0.239846,13.9412,57.7658,9.28535,29774839
-8.9591,1.39342,1.75974,0.428592,0.569792,-0.654195,13.9412,61.7748,4.02949,29833867
-8.03494,1.31202,0.567425,1.81273,0.522228,-0.743593,13.9412,61.7748,4.02949,29895737
-8.26478,1.09415,-0.0335188,3.16583,0.0126191,-1.49728,16.657,61.957,1.75195,29965010
-6.69897,0.126893,-1.54905,4.48482,2.39253,-0.493252,16.657,61.957,1.75195,30026708
-8.09,0.011971,-1.10373,0.377831,1.50001,-1.18059,17.7434,63.4148,-3.15351,30085157
-5.84664,-1.66397,0.356736,-0.118189,1.29537,-0.525627,17.7434,63.4148,-3.15351,30143580
-7.03416,-0.897825,-0.972046,-2.07429,1.64057,-0.245575,23.175,62.3215,-12.2637,30202415
-5.33667,-0.205901,-2.91853,0.221284,1.16134,-0.283679,23.175,62.3215,-12.2637,30275321
-5.95438,-1.46525,-4.84347,0.958985,0.327977,-0.451417,26.434,59.7703,-20.3226,30333945
-8.12113,-2.22421,-2.8898,-0.523212,0.464939,-0.445288,26.434,59.7703,-20.3226,30396816
-7.52737,-1.02711,-6.1938,0.320808,-0.0402737,-0.334707,27.5203,59.0414,-23.8266,30455666
-8.7532,-3.48117,-2.32477,0.253659,0.228454,0.118413,27.5203,59.0414,-23.8266,30513682
-6.86178,-1.97043,-6.35181,-0.187736,0.250437,0.0056991,30.2361,59.2236,-22.6002,30572575
-7.27358,-2.65277,-4.20422,-0.361203,-0.312199,0.0989609,30.2361,59.2236,-22.6002,30641909
-8.54251,-1.83396,-4.8291,-0.0706255,-0.51884,0.120678,30.4172,58.3125,-23.4762,30702584
-7.8027,-2.09493,-3.43807,-0.468187,-0.433306,0.301872,30.4172,58.3125,-23.4762,30761291
-6.8115,-0.952892,-4.14676,0.151471,-1.08254,0.278024,27.7014,59.9525,-21.8994,30818705
-5.58328,-1.47962,-2.85389,-0.26048,-1.25134,0.516507,27.7014,59.9525,-21.8994,30876958
-3.26569,-1.16358,-0.68953,-0.8423,-1.26227,0.737937,23.8992,62.3215,-13.3148,30938272
-6.1531,-0.220267,-0.311246,-1.67046,-1.51301,0.536092,23.8992,62.3215,-13.3148,31007035
-6.78277,1.01754,-0.390255,-0.466455,-1.45945,0.711558,22.0887,63.0504,-5.60625,31071689
-9.56962,0.770933,-1.69509,-2.44627,-1.45572,1.49536,22.0887,63.0504,-5.60625,31129619
-9.61511,0.952892,-0.217872,-2.27387,-1.41242,0.742201,15.9328,60.4992,3.15351,31187653
-10.1035,1.30245,1.7741,-0.498697,-0.683514,0.664927,15.9328,60.4992,3.15351,31246269
-10.5919,1.43891,3.12443,-0.104733,0.170498,0.405259,15.7518,59.5881,7.5334,31304821
-9.92157,1.86987,2.96881,-0.124984,0.966688,0.390204,15.7518,59.5881,7.5334,31376520
-10.6303,1.41018,1.75734,-0.570509,0.988404,0.72235,13.9412,59.2236,4.73027,31434855
-11.473,2.93529,2.52588,-1.18417,1.18039,0.668657,13.9412,59.2236,4.73027,31493327
-13.0125,3.65834,1.83875,-1.2721,0.976813,0.66506,9.59589,61.4103,-1.57676,31551338
-14.6262,4.52504,1.10133,-0.723725,0.319184,0.471742,9.59589,61.4103,-1.57676,31612919
-16.3285,6.55053,0.169988,0.370103,-0.423447,-0.151647,8.14746,61.0459,-5.08066,31670898
-15.3133,6.01902,-1.32399,0.465897,-1.42494,-0.4309,8.14746,61.0459,-5.08066,31742152
-12.2966,4.44843,0.730231,0.315345,-1.53699,-0.885351,10.6822,60.317,2.62793,31805868
-10.5225,2.79403,4.8698,0.616448,0.172896,-0.711751,10.6822,60.317,2.62793,31863830
-10.7452,1.53229,3.56497,1.9357,1.23368,-0.546144,12.4928,60.317,5.43105,31921248
-9.38287,1.38145,0.474052,1.27488,0.68104,-0.734667,12.4928,60.317,5.43105,31983214
-9.97903,0.368707,1.33596,0.497206,0.198743,-0.289008,15.9328,61.957,0.700781,32041142
-9.3709,1.67833,1.22583,1.2405,0.112676,-0.999663,15.9328,61.957,0.700781,32116266
-7.80031,2.2721,-2.41575,4.48482,-0.0591925,-1.3911,20.6402,61.957,1.05117,32177442
-7.68299,-0.131681,0.426168,4.48482,2.27222,-0.686703,20.6402,61.957,1.05117,32236054
-7.54652,-0.354342,-2.478,0.139347,1.17666,-1.27519,20.4592,62.1392,-3.6791,32293669
-6.27999,-2.20745,1.40061,-0.831509,1.44459,-0.534287,20.4592,62.1392,-3.6791,32352218
-6.61997,-0.502782,-0.579397,-2.1092,1.41568,-0.380538,22.8129,61.2281,-11.9133,32411642
-6.17704,-0.905008,-1.35751,0.959784,1.44672,-0.362019,22.8129,61.2281,-11.9133,32484063
-6.70855,-0.981623,-4.57053,1.35495,1.01465,-0.184422,27.8824,59.4058,-20.3226,32545907
-6.65827,-2.30083,-4.56335,-1.21428,0.428567,-0.504976,27.8824,59.4058,-20.3226,32604469
-7.63032,-1.42694,-4.79558,0.668141,0.339702,-0.396526,29.1498,57.7658,-23.6514,32662487
-7.23049,-2.82516,-4.8315,0.527316,-0.00616651,-0.386933,29.1498,57.7658,-23.6514,32720842
-8.14507,-2.45406,-4.74291,-0.46872,0.529689,-0.0321386,32.4088,57.0369,-23.6514,32782862
-7.7213,-2.25055,-4.55377,-0.281264,-0.186162,0.0403392,32.4088,57.0369,-23.6514,32852169
-7.37174,-2.11408,-5.63355,0.180116,-0.186162,-0.0518568,31.3225,57.0369,-25.4033,32910531
-7.22091,-2.40617,-4.3359,-0.581301,-0.566004,0.0784433,31.3225,57.0369,-25.4033,32968772
-7.25682,-2.18351,-5.15711,0.241935,-0.993543,0.284685,30.5982,59.5881,-24.0018,33026208
-6.98149,-1.69749,-2.66953,-0.356007,-0.848987,0.390337,30.5982,59.5881,-24.0018,33086212
-4.7884,-0.636858,-3.08373,-0.491902,-1.45079,0.524101,27.5203,59.7703,-18.2203,33159369
-3.70144,-0.742202,0.186748,-0.0836821,-1.50941,0.57433,27.5203,59.7703,-18.2203,33219437
-6.41885,-0.474052,-0.19393,0.124425,-1.42614,0.533161,24.4424,62.8682,-8.93496,33277233
-7.3095,-0.215478,-1.34554,-0.572907,-1.7415,0.581391,24.4424,62.8682,-8.93496,33335856
-9.8258,-0.536301,-1.28329,-1.94652,-1.81052,1.19332,21.9076,62.1392,2.62793,33396544
-10.2783,-0.830788,-0.0263362,-2.91618,-1.43374,1.33588,21.9076,62.1392,2.62793,33457158
-10.6733,0.502782,1.6496,-1.51871,-0.556278,1.3051,19.0107,57.7658,8.23418,33528536
-10.9415,1.77171,3.7589,-0.38665,0.592308,0.924728,19.0107,57.7658,8.23418,33587018
-10.8122,1.76931,2.87783,0.507598,1.08087,0.757123,15.7518,59.5881,6.48223,33644568
-10.5321,2.20985,1.43413,-0.221576,0.602567,0.228728,15.7518,59.5881,6.48223,33703295
-12.536,2.63362,3.77805,-0.765027,1.0754,0.199151,11.7686,61.7748,0.875976,33764478
-13.5871,2.81319,2.29604,-1.26358,0.90207,0.92153,11.7686,61.7748,0.875976,33825073
-14.4921,4.94163,1.44131,-1.23453,0.0897599,0.468145,10.5012,61.5926,-2.10234,33897879
-15.1649,5.31513,-0.169988,0.957386,-1.19059,-0.108613,10.5012,61.5926,-2.10234,33955719
-14.6334,5.52821,-0.770933,0.81776,-2.33585,-0.610895,11.0443,59.9525,1.22637,34015811
-11.5664,4.32153,3.44765,0.369304,-1.62066,-1.04656,11.0443,59.9525,1.22637,34076649
-10.7117,1.89142,4.88896,1.62368,0.27655,-0.833657,14.1223,56.1258,10.5117,34137372
-11.2623,1.27132,4.13718,0.850535,1.27978,-0.678443,14.1223,56.1258,10.5117,34195047
-9.86171,1.28569,2.229,-0.0367847,1.10645,-0.615558,14.8465,60.8637,6.65742,34268084
-8.47547,0.933739,1.41258,0.33906,1.60806,-0.475665,14.8465,60.8637,6.65742,34325601
-10.1658,2.06859,0.347159,1.17842,1.1712,-1.30143,18.8297,61.957,-1.75195,34385415
-7.41005,1.31681,-1.17316,4.48482,0.275617,-0.448886,18.8297,61.957,-1.75195,34446472
-8.66701,-1.68312,-1.89381,2.33047,2.75465,-0.350161,21.1834,61.0459,-2.62793,34506970
-5.99987,-1.29526,-1.77171,-0.123518,1.28977,-0.780098,21.1834,61.0459,-2.62793,34567041
-4.95839,-0.744596,0.581791,-0.623801,1.20237,-0.440226,23.8992,62.6859,-13.6652,34637838
-5.22894,-0.416591,-3.3016,-0.257815,0.921256,-0.220394,23.8992,62.6859,-13.6652,34695079
-5.41089,0.114922,-2.79882,1.81273,0.779631,-0.507907,26.0719,60.8637,-22.425,34759526
-7.11796,-4.04859,-6.0693,0.240469,-0.443431,-0.220527,26.0719,60.8637,-22.425,34821567
-7.37414,-1.83635,-4.14676,-0.355873,0.255499,-0.388132,29.5119,58.4947,-19.4467,34882319
-10.0987,-4.18027,-2.35589,0.343057,0.159706,0.158782,29.5119,58.4947,-19.4467,34943676
-6.20098,-3.11486,-4.6232,-0.549991,0.179425,0.0346103,32.0467,59.2236,-18.7459,35013130
-9.26795,-1.53947,-4.82671,0.345456,-0.10649,0.167442,32.0467,59.2236,-18.7459,35074393
-6.93839,-2.88741,-3.30879,-0.507757,-0.369621,0.245515,29.693,59.0414,-21.0234,35135691
-7.39329,-2.28646,-2.85389,0.00491661,-0.352035,0.40939,29.693,59.0414,-21.0234,35197416
-6.71573,-0.0742202,-4.82192,-0.763161,-1.03857,0.327186,28.9687,58.6769,-18.5707,35257383
-3.44286,-0.936133,-1.78607,-0.393578,-1.37578,0.641478,28.9687,58.6769,-18.5707,35315773
-3.66073,0.0574608,1.52511,-0.084748,-1.07228,0.560074,26.434,61.5926,-13.3148,35384368
-6.38533,-0.227449,-1.51074,0.185445,-1.59415,0.577127,26.434,61.5926,-13.3148,35443120
-9.27274,-0.936133,-3.25132,-2.68342,-1.98012,1.4843,21.3644,61.957,-4.20469,35507685
-8.70053,-0.691924,-0.160411,-3.19476,-1.97985,1.67615,21.3644,61.957,-4.20469,35565330
-9.60314,1.85311,2.23858,-2.34475,-0.455555,1.18879,17.5623,59.5881,5.08066,35624760
-10.6781,1.82917,2.69108,-1.67113,-0.00536712,1.37292,17.5623,59.5881,5.08066,35693421
-9.53371,2.54264,2.478,0.0921831,0.222991,0.399264,12.8549,61.0459,7.5334,35753325
-11.8106,2.47321,4.37181,0.14854,0.762844,0.279489,12.8549,61.0459,7.5334,35811075
-11.7579,2.41335,3.27766,-0.0767541,1.02558,0.725147,12.3117,59.7703,4.55508,35871962
-13.2495,3.76608,2.82516,-1.13887,1.04343,0.672921,12.3117,59.7703,4.55508,35929583
-15.7251,4.61362,2.49955,-1.07159,0.386199,0.760986,8.69062,60.1347,-0.700781,35988089
-15.4402,6.59842,1.30723,-0.663771,-0.256908,0.0382075,8.69062,60.1347,-0.700781,36057658
-15.2151,6.90248,0.64404,-0.0638306,-1.44293,-0.440359,7.06113,59.9525,-1.22637,36119658
-11.3844,5.3247,2.62404,0.659615,-1.10439,-0.663121,7.06113,59.9525,-1.22637,36177326
-10.8529,3.50272,3.881,1.42036,-0.0992951,-0.738131,9.958,59.5881,6.48223,36237802
-10.635,2.30083,4.00071,1.35948,0.704888,-0.821,9.958,59.5881,6.48223,36296075
-10.0389,1.33596,2.63123,1.26875,0.772836,-0.850844,11.9496,59.7703,5.60625,36357266
-8.93276,1.58496,2.40617,1.22984,0.664919,-1.07534,11.9496,59.7703,5.60625,36426963
-7.80749,0.191536,1.12049,2.43545,0.424703,-1.28038,15.9328,61.957,0.700781,36489141
-9.93114,3.31357,-1.41018,4.48482,1.62072,-1.38004,15.9328,61.957,0.700781,36546403
-6.47871,-2.50433,-2.18112,3.74378,2.1703,-0.607431,21.0023,61.957,-0.700781,36607013
-7.31907,-1.38385,-1.65439,-0.721193,1.0838,-0.980478,21.0023,61.957,-0.700781,36665630
-5.15711,-0.533907,0.248997,-0.548126,0.478395,-0.353092,23.7182,61.4103,-9.63574,36726813
-7.34301,-0.636858,-0.476446,-0.469919,1.10112,-0.495916,23.7182,61.4103,-9.63574,36796367
-5.30316,-0.124498,-3.39977,1.24277,1.39782,-0.0735735,28.0635,62.1392,-16.2932,36858427
-5.92804,-1.46286,-3.32315,1.08409,-0.0505325,-0.61729,28.0635,62.1392,-16.2932,36919055
-8.16423,-3.88579,-4.25928,-0.347613,0.0356681,-0.145119,30.7793,60.4992,-18.2203,36976790
-7.1419,-1.91536,-3.94564,0.033961,0.153311,-0.715348,30.7793,60.4992,-18.2203,37034927
-9.22725,-3.44526,-2.94726,0.114966,0.340634,0.115348,32.2277,58.6769,-19.9723,37096283
-7.34301,-2.91135,-3.84988,-0.565313,0.329176,-0.0205474,32.2277,58.6769,-19.9723,37164728
-8.1738,-1.95127,-4.59926,0.183313,-0.438235,0.166642,31.3225,57.7658,-20.1475,37223098
-7.28555,-2.76291,-3.22978,-0.435945,-0.2669,0.209543,31.3225,57.7658,-20.1475,37289142
-6.75165,-1.86269,-3.67749,-0.233567,-0.505117,0.480668,29.693,59.0414,-19.6219,37347712
-4.78122,-1.4054,-2.05901,-0.391579,-0.853117,0.496922,29.693,59.0414,-19.6219,37409401
-4.87699,-1.68791,-0.572214,0.218753,-0.709894,0.741268,26.2529,59.5881,-14.8916,37467572
-6.33027,-0.229843,-3.3854,-0.480978,-1.54845,0.510778,26.2529,59.5881,-14.8916,37540019
-7.02937,-1.09415,-1.05105,-1.4577,-0.94105,1.16588,22.6318,62.1392,-8.58457,37604184
-7.40526,0.26815,-0.780509,-2.32583,-0.966897,1.22836,22.6318,62.1392,-8.58457,37663107
-8.83221,0.632069,-0.143652,-2.05537,-0.769714,1.08474,17.7434,62.6859,-3.8543,37723068
-10.1275,0.90022,-0.665588,-1.97836,-0.565737,1.20545,17.7434,62.6859,-3.8543,37781806
-9.38527,2.44687,0.603339,-2.1072,-0.293946,0.93432,13.398,62.3215,1.05117,37840295
-10.0628,3.02866,2.81319,-1.89243,1.02944,0.859045,13.398,62.3215,1.05117,37913407
-10.58,3.48117,1.30963,0.161064,1.01092,0.406991,10.1391,61.5926,-2.45273,37974133
-14.0755,4.97515,0.694318,0.657083,0.142786,-0.219728,10.1391,61.5926,-2.45273,38031627
-14.5232,4.40772,0.323217,0.0651371,-0.894552,-0.0411983,9.59589,61.0459,-4.02949,38089971
-17.4322,4.12042,2.67672,-0.73465,-0.706563,-0.0742396,9.59589,61.0459,-4.02949,38148297
-16.0938,5.68383,0.893037,-0.367998,-0.597846,-0.0950237,9.23379,59.2236,0.525586,38206010
-13.3237,5.1619,1.82917,0.202898,-0.74893,-0.340302,9.23379,59.2236,0.525586,38275997
-11.5807,3.16992,3.53623,0.644559,0.61176,-0.220927,10.1391,59.7703,3.15351,38336942
-11.2863,2.13563,3.32315,0.337062,1.65736,0.0816409,10.1391,59.7703,3.15351,38395160
-10.7955,2.53067,1.69031,0.0263669,1.67668,-0.0153514,10.6822,61.7748,-2.62793,38453113
-9.46428,2.42772,-0.754173,0.681464,0.492784,-0.285278,10.6822,61.7748,-2.62793,38511699
-9.75637,2.41335,0.646434,1.55919,-0.154986,-0.639539,11.2254,62.6859,-7.3582,38583633
-9.5385,1.6496,-0.304064,4.48482,-0.138865,-0.958628,11.2254,62.6859,-7.3582,38645122
-6.75404,-0.0790086,-0.682347,4.48482,2.02614,-1.08866,16.476,61.7748,-6.13183,38705642
-5.13795,0.270545,-0.696712,-0.279266,1.78126,-1.36259,16.476,61.7748,-6.13183,38766373
-5.98311,0.390255,-1.33357,-2.38978,1.76434,-0.753452,22.0887,61.5926,-16.4684,38824431
-3.41652,1.82917,-2.46842,-1.86112,0.465205,-0.661656,22.0887,61.5926,-16.4684,38882396
-3.57933,1.25456,-0.861912,2.66927,0.5161,-0.457945,23.5371,59.7703,-22.425,38955262
-4.71179,-7.54413,-8.29351,0.847604,0.36315,-0.400123,23.5371,59.7703,-22.425,39018587
-10.6757,-5.72453,-6.97431,-2.1946,-1.27559,-0.034137,31.3225,58.1303,-23.6514,39076837
-10.4172,-2.90177,-3.20584,-0.267541,0.219127,-0.269024,31.3225,58.1303,-23.6514,39135990
-8.81784,-5.30555,-7.47948,0.153603,-0.484866,-0.0153514,32.4088,56.6724,-21.549,39194387
-7.79073,-3.64876,-1.62566,-0.61261,0.263493,0.227263,32.4088,56.6724,-21.549,39252267
-6.87614,-3.00233,-5.42526,0.328135,-0.421581,-0.0546546,31.8656,59.4058,-22.7754,39328389
-7.93678,-2.00873,-4.48194,-0.79114,0.411646,0.229794,31.8656,59.4058,-22.7754,39386047
-8.05648,-2.08774,-5.15471,1.33137,-0.149257,0.0920329,30.5982,58.4947,-24.7025,39443263
-6.71573,-4.1683,-4.35984,-0.166285,0.510104,0.0450023,30.5982,58.4947,-24.7025,39501509
-9.60793,-4.9129,-6.89051,0.962715,-0.124343,0.246714,31.5035,58.6769,-23.1258,39560020
-7.6782,-2.4373,-3.80439,-1.33566,0.465472,0.32572,31.5035,58.6769,-23.1258,39618055
-7.59201,-1.89621,-4.78122,0.747148,-0.415453,0.34304,28.6066,58.3125,-24.8777,39692865
-9.09078,-2.33435,-4.19703,-0.56478,0.65013,0.172371,28.6066,58.3125,-24.8777,39750156
-7.98945,-0.845153,-6.08606,0.332665,-0.217205,0.220335,30.4172,58.6769,-25.2281,39807794
-7.91283,-1.81241,-4.0055,0.233275,0.382336,0.207145,30.4172,58.6769,-25.2281,39866238
-8.14268,-1.12049,-5.43005,0.0278324,0.0601826,0.154652,28.0635,58.8592,-25.0529,39924741
-8.17859,-1.47962,-4.47476,0.383293,0.142919,0.129871,28.0635,58.8592,-25.0529,39984746
-8.0924,-1.59454,-5.43962,0.156534,0.0528549,0.151854,28.4256,59.2236,-25.4033,40060489
-8.05888,-1.63284,-5.12838,0.15307,0.108013,0.136665,28.4256,59.2236,-25.4033,40119034
-8.13071,-1.58257,-4.82431,0.0302306,0.194879,0.108287,28.0635,58.1303,-24.3521,40179252
-8.02776,-1.37188,-5.1619,0.323606,0.177826,0.198218,28.0635,58.1303,-24.3521,40240663
-7.97987,-1.66876,-5.34386,0.153203,0.0036926,0.112817,27.3392,58.4947,-26.4545,40300413
-8.14028,-1.63284,-4.91769,-0.353209,0.0291398,0.0837726,27.3392,58.4947,-26.4545,40362247
-8.10677,-1.46765,-4.94642,0.199701,-0.0701175,0.112151,25.8908,58.8592,-26.1041,40434651
-8.03254,-1.63284,-5.35583,0.0988446,0.154643,0.0524632,25.8908,58.8592,-26.1041,40492405
-8.24802,-1.29047,-4.85783,0.0789931,0.17636,0.032745,25.7098,58.3125,-26.6297,40550657
-8.00621,-1.41976,-5.35104,0.0558109,-0.0906351,0.0776439,25.7098,58.3125,-26.6297,40609242
-8.22887,-1.28808,-5.1188,-0.207054,-0.00243603,-0.0574525,25.3477,59.0414,-26.6297,40668107
-8.08522,-1.42694,-4.89135,0.251794,0.000628281,0.0724479,25.3477,59.0414,-26.6297,40743806
-8.21211,-1.51553,-5.01585,-0.278066,0.0346022,0.0937649,27.1582,59.4058,-24.8777,40801254
-8.35337,-1.06542,-4.98952,-0.301648,-0.172839,0.116414,27.1582,59.4058,-24.8777,40861499
