-8.72686,-0.945709,-4.13239,0.0276992,0.0354016,0.0219533,6.33691,57.4014,-32.4111,2759028
-8.59039,-0.912191,-4.07493,0.051814,0.0270081,0.0218201,5.06953,58.6769,-32.9367,2817337
-8.6694,-0.940921,-3.99353,0.00425047,0.0621811,0.0246179,5.06953,58.6769,-32.9367,2875843
-8.65025,-0.876277,-4.27125,0.106838,0.00209383,0.0284816,4.34531,58.6769,-30.484,2934596
-8.6263,-0.976834,-4.0462,0.019572,0.0588503,0.0334112,4.34531,58.6769,-30.484,2995045
-8.67898,-0.921767,-4.10366,0.086987,0.0421964,0.0326118,5.79375,58.3125,-31.5351,3067661
-8.60236,-1.01275,-4.13239,0.058742,0.0255425,0.0263499,5.79375,58.3125,-31.5351,3128484
-8.67658,-0.919373,-4.21619,0.067402,0.0391321,0.0264832,4.88848,58.4947,-32.4111,3186196
-8.65504,-1.00556,-4.12521,0.0498155,0.0400647,0.0220865,4.88848,58.4947,-32.4111,3247878
-8.58561,-0.945709,-4.09648,0.0590085,0.0555195,0.0280819,5.9748,58.1303,-31.36,3309646
-8.53772,-0.967257,-4.16591,0.103508,0.0495241,0.0195551,5.9748,58.1303,-31.36,3371108
-8.73644,-0.984017,-4.19225,0.0338278,0.0844307,0.0228859,5.61269,58.8592,-33.4623,3443635
-8.67419,-0.995988,-4.13478,0.0847221,0.0580509,0.0259502,5.61269,58.8592,-33.4623,3501506
-8.64785,-1.08218,-4.23774,0.0103791,0.0921581,0.0295475,5.79375,57.5836,-31.5351,3560007
-8.64546,-1.04148,-4.26647,0.0586088,0.0615149,0.0299472,5.79375,57.5836,-31.5351,3622154
-8.65982,-1.05345,-4.34787,0.0243684,0.0608488,0.0226195,6.51797,57.948,-31.5351,3683440
-8.59518,-1.09415,-4.34787,-0.013336,0.0539208,0.0390069,6.51797,57.948,-31.5351,3745182
-8.56166,-1.03669,-4.45561,0.0588753,-0.0027025,0.0376746,6.51797,56.4902,-33.2871,3814558
-8.63588,-0.945709,-4.13957,-0.0281247,0.0663112,0.0418047,6.51797,56.4902,-33.2871,3874644
-8.61673,-0.852335,-4.23295,0.0943148,0.031005,0.0300804,5.43164,57.5836,-31.8855,3933125
-8.6287,-0.888249,-4.30956,0.0282321,0.0529881,0.0234188,5.43164,57.5836,-31.8855,3993564
-8.65743,-0.931344,-4.07732,0.0792596,0.0796344,0.0192887,4.88848,57.4014,-33.1119,4051795
-8.64546,-0.936133,-4.34308,0.0715322,0.05059,0.00889663,4.88848,57.4014,-33.1119,4121223
-8.64546,-0.945709,-4.33111,0.0827236,0.0785685,-0.00762403,5.06953,57.5836,-31.1848,4182715
-8.64546,-1.05105,-4.31914,0.0626057,0.0981535,-0.00682464,5.06953,57.5836,-31.1848,4240434
-8.54969,-1.02711,-4.37181,0.0435537,0.0962883,-0.0174831,6.51797,57.2191,-32.9367,4300718
-8.54251,-1.04627,-4.37181,0.0542122,0.0956221,-0.0088231,6.51797,57.2191,-32.9367,4365115
-8.46111,-1.01035,-4.47716,0.0346272,0.0850968,-0.00376031,5.79375,57.5836,-33.2871,4422747
-8.52575,-1.0726,-4.54659,0.0283653,0.0934904,0.0014357,5.79375,57.5836,-33.2871,4493667
-8.46111,-0.998382,-4.5011,0.0675353,0.090959,0.00383386,5.79375,57.2191,-33.9879,4552648
-8.40364,-1.10851,-4.52504,0.0350269,0.0692424,0.0122274,5.79375,57.2191,-33.9879,4610346
-8.41322,-1.08457,-4.4604,0.0504817,0.0688426,0.0198216,6.88008,58.3125,-34.6887,4671871
-8.35815,-1.12527,-4.63038,0.0948477,0.00315967,0.0267496,6.88008,58.3125,-34.6887,4730556
-8.5042,-1.075,-4.56574,-0.00361019,0.0432623,0.0260835,5.25058,57.0369,-33.4623,4788155
-8.44435,-1.13246,-4.48673,0.0249013,0.0408641,0.0319456,5.25058,57.0369,-33.4623,4860644
-8.48265,-1.1157,-4.65911,0.067935,0.0179483,0.0286149,6.15586,56.8547,-32.5863,4918368
-8.4635,-1.09654,-4.58489,0.0367589,0.0276742,0.0315459,6.15586,56.8547,-32.5863,4975610
-8.55448,-1.01754,-4.4604,0.00211877,0.0572515,0.0170237,7.06113,57.4014,-35.2143,5042739
-8.43238,-1.01754,-4.50589,0.0258339,0.0473924,-0.0032274,7.06113,57.4014,-35.2143,5100609
-8.39407,-1.03429,-4.70221,0.0571432,-0.0146933,-0.00948925,4.70742,56.4902,-33.2871,5171633
-8.29591,-1.35033,-4.61841,-0.132045,-0.0352109,-0.0096225,4.70742,56.4902,-33.2871,5231215
-8.39886,-1.09654,-4.78601,-0.0946071,-0.0893028,0.00170216,7.6043,58.3125,-33.6375,5288873
-8.35815,-1.17795,-4.4987,-0.158425,-0.0758464,0.0391401,7.6043,58.3125,-33.6375,5350362
-8.33661,-1.2785,-4.62081,-0.31204,-0.192024,0.0729808,6.51797,57.5836,-31.8855,5409081
-8.67179,-1.22583,-4.40294,-0.44274,-0.105557,0.0723147,6.51797,57.5836,-31.8855,5466584
-8.52814,-0.816422,-4.14436,-0.501628,-0.10116,0.047134,3.9832,57.948,-31.1848,5539848
-8.82024,-0.172382,-3.92888,-0.349212,0.0180816,0.00729787,3.9832,57.948,-31.1848,5598179
-8.60476,0.0071826,-4.12042,-0.230636,-0.0634559,0.00410032,2.35371,59.9525,-29.9584,5656094
-8.54969,-0.179565,-4.14436,-0.0595673,-0.0943655,0.0124939,2.35371,59.9525,-29.9584,5717609
-8.33182,-0.337582,-4.25689,-0.0250604,-0.236124,0.0272825,2.89687,59.0414,-29.0824,5776989
-8.37252,-0.397437,-3.95043,-0.0678276,-0.322457,0.0625888,2.89687,59.0414,-29.0824,5835631
-8.28154,-0.301669,-3.85466,0.0684679,-0.627823,0.105889,2.71582,59.5881,-24.3521,5908802
-8.50899,-0.308852,-2.806,0.0137099,-0.679517,0.240053,2.71582,59.5881,-24.3521,5966476
-8.78193,-0.134075,-2.92811,0.242734,-0.777842,0.300007,0.905273,59.9525,-20.1475,6027082
-8.91361,-0.138864,-2.22421,0.185445,-0.746132,0.293612,0.905273,59.9525,-20.1475,6091665
-8.70771,0.538695,-1.71425,-0.226373,-0.690575,0.240452,-1.62949,59.9525,-16.9939,6149665
-9.20331,1.43173,-1.52511,0.22608,-0.793829,0.149456,-1.62949,59.9525,-16.9939,6220395
-8.07085,1.15401,-1.29526,0.232609,-0.82314,0.0347435,-1.26738,61.0459,-12.7893,6282973
-8.44435,0.682347,-0.0790086,-0.0517066,-0.85818,-0.099287,-1.26738,61.0459,-12.7893,6340917
-8.9591,0.967257,-0.447716,-0.431549,-0.882295,-0.214798,-0.543164,60.6814,-5.78144,6401594
-9.89284,0.390255,0.881066,-0.599153,-0.98355,-0.246641,-0.543164,60.6814,-5.78144,6460302
-9.21767,0.241814,1.4437,-0.304579,-0.9188,-0.211734,0.362109,61.5926,2.10234,6517954
-9.9096,-0.397437,2.66475,0.790714,-0.383078,-0.289808,0.362109,61.5926,2.10234,6589197
-9.13627,-0.4956,1.86987,2.15926,-0.21907,-0.342967,2.35371,59.5881,2.97832,6648252
-8.62391,-0.646434,2.61207,1.84218,-0.192557,-0.341235,2.35371,59.5881,2.97832,6706595
-9.13866,-0.926556,3.64397,0.107904,0.0352684,-0.0390666,2.17266,59.7703,3.50391,6771376
-9.16261,-0.45011,3.20105,-0.142304,0.0869621,0.066186,2.17266,59.7703,3.50391,6828925
-9.59356,-0.234632,3.35667,0.200766,0.0853633,0.0940314,2.35371,59.5881,1.92715,6889087
-9.81383,-0.656011,2.99993,0.261253,0.0475257,-0.0847649,2.35371,59.5881,1.92715,6958679
-8.96389,-0.428562,2.99993,-0.336422,0.333839,-0.171365,2.17266,58.3125,0.350391,7016115
-9.39245,-0.486023,2.7653,-0.202258,0.0977538,-0.490587,2.17266,58.3125,0.350391,7077898
-9.6199,-1.32399,3.74453,-0.759964,-0.549083,-0.536818,4.88848,59.5881,1.92715,7136375
-11.3725,-0.823605,6.47871,-1.37229,0.891012,-0.0866301,4.88848,59.5881,1.92715,7193699
-11.1642,-0.962469,3.32076,-0.141904,1.2542,-0.0872963,7.06113,60.317,-2.62793,7251974
-10.2639,-1.50595,3.56018,0.0623393,1.12403,0.158116,7.06113,60.317,-2.62793,7324204
-9.82101,-1.4437,1.87227,0.372901,1.26659,0.340243,6.88008,60.4992,-9.46054,7381743
-12.2822,-4.95121,-5.97114,-4.24649,2.0356,0.636549,6.88008,60.4992,-9.46054,7446378
-8.90403,1.54665,-4.04381,0.886241,1.05209,0.365956,0.181055,60.317,-17.3443,7504004
-8.06846,-0.325611,-1.53468,1.45647,1.20344,0.269097,0.181055,60.317,-17.3443,7561586
-7.69257,-0.332794,-4.4987,-0.452466,0.93258,0.341841,0.724219,59.4058,-26.2793,7619723
-7.73327,-0.155623,-4.69263,0.512128,0.761512,0.0855046,0.724219,59.4058,-26.2793,7689707
-7.87932,0.237026,-5.7389,0.122959,0.700092,0.068451,-0.543164,58.1303,-29.9584,7750218
-8.33182,-0.179565,-5.61919,0.0871203,0.430565,0.0865704,-0.543164,58.1303,-29.9584,7808734
-7.86734,-0.167594,-5.03022,-0.172947,0.644801,0.0972289,-2.35371,56.308,-31.7103,7867120
-7.99424,0.256179,-5.46117,-0.0214631,0.448285,0.0390069,-2.35371,56.308,-31.7103,7924479
-8.17859,0.368707,-5.41089,-0.0379838,0.649464,-0.0557205,0.181055,53.7568,-34.5135,7997047
-7.95354,0.344765,-5.6551,-0.0161339,0.600568,-0.0225459,0.181055,53.7568,-34.5135,8056274
-7.48906,0.191536,-5.62637,0.142411,0.620153,-0.0189487,-1.62949,51.9346,-37.3166,8117487
-7.11796,-0.134075,-5.84185,-0.0197311,0.601234,0.00823048,-1.62949,51.9346,-37.3166,8179010
-7.63032,0.287304,-6.55532,0.235273,0.617089,0.12161,-2.17266,49.5656,-38.8933,8237505
-7.05571,-0.138864,-6.87136,0.0821907,0.600435,0.335047,-2.17266,49.5656,-38.8933,8296187
-6.63433,0.143652,-7.36217,0.325737,0.551672,0.193289,-3.80215,47.5611,-41.8717,8369129
-6.08366,0.186748,-7.61116,0.201699,0.572323,0.18223,-3.80215,47.5611,-41.8717,8431170
-5.11162,0.141258,-8.38928,0.48748,0.169166,0.0452688,-3.25898,45.9211,-44.4996,8489919
-5.46357,-0.466869,-7.26161,0.17412,0.230186,-0.00682464,-3.25898,45.9211,-44.4996,8548393
-5.9041,-0.201113,-8.08761,0.73116,0.00768953,-0.0975551,-1.26738,46.4678,-46.0764,8607842
-6.58645,-1.16837,-7.36456,-0.0687602,0.191415,0.0543285,-1.26738,46.4678,-46.0764,8665790
-6.35181,-0.500388,-7.6375,0.388622,-0.0434712,0.0859043,-1.08633,45.5566,-45.9012,8741836
-6.80911,-1.403,-7.8841,0.483083,-0.147258,0.138797,-1.08633,45.5566,-45.9012,8799532
-6.25365,-1.98958,-6.89051,-0.567045,0.170631,0.129471,0.181055,46.4678,-45.0252,8857012
-6.27999,-0.476446,-7.45075,0.0880529,0.0593832,0.0291478,0.181055,46.4678,-45.0252,8921191
-6.29675,-0.675165,-7.31189,-0.250088,0.126265,0.0779104,-0.905273,44.281,-45.0252,8979274
-5.94241,-0.208295,-7.79073,0.122027,0.00808923,0.0483331,-0.905273,44.281,-45.0252,9036831
-6.29435,-0.270545,-7.513,-0.089411,0.039665,0.0147588,-2.53477,44.0988,-44.1492,9112459
-6.31351,0.0335188,-7.32147,0.136149,0.0515226,0.0497986,-2.53477,44.0988,-44.1492,9170098
-6.23929,-0.105345,-7.52019,0.156267,0.0174154,0.0705827,-1.44844,45.1922,-44.85,9229696
-6.36379,-0.459687,-7.46751,0.153603,0.0118197,0.0799088,-1.44844,45.1922,-44.85,9287446
-6.30633,-0.500388,-7.37653,0.0997772,0.0397982,0.0551279,-0.724219,44.4633,-45.9012,9345409
-6.33027,-0.622492,-7.52019,0.103374,0.0377998,0.0533959,-0.724219,44.4633,-45.9012,9418431
-6.20098,-0.593762,-7.46512,0.0712658,0.0443281,0.0487328,-3.07793,44.281,-44.6748,9476094
-6.14591,-0.665588,-7.44596,0.0590085,0.021812,0.034477,-3.07793,44.281,-44.6748,9537956
-6.18422,-0.64404,-7.58004,-0.00321048,0.02008,0.0207542,-0.724219,44.4633,-45.2004,9595435
-6.14591,-0.500388,-7.57046,0.10444,0.00662369,0.0226195,-0.724219,44.4633,-45.2004,9653201
-6.22732,-0.596156,-7.33104,-0.0130696,-0.000970492,-0.0129533,-2.35371,45.3744,-43.974,9711535
-6.36139,-0.509965,-7.53695,0.0526134,0.0119529,0.0167573,-2.35371,45.3744,-43.974,9784135
-6.33027,-0.497994,-7.32147,0.0550115,0.0139514,0.0178231,-2.53477,45.5566,-45.2004,9841839
-6.34703,-0.45011,-7.40287,0.0358263,0.018881,0.0276822,-2.53477,45.5566,-45.2004,9900089
-6.38773,-0.488417,-7.43878,0.0740636,0.0182148,0.0307466,-0.181055,45.7389,-45.726,9958698
-6.37815,-0.56982,-7.27598,0.0474174,0.0401979,0.031013,-0.181055,45.7389,-45.726,10017926
-6.30633,-0.56982,-7.50103,0.037958,0.02008,0.0192887,-0.181055,45.7389,-45.726,10094640
-6.2345,-0.560243,-7.58004,-0.0419808,-0.0250853,0.0216868,-0.181055,45.7389,-45.726,10153621
-6.22013,-0.418985,-7.46751,0.0536792,-0.0647883,0.0444694,-2.35371,46.8322,-45.0252,10213815
-6.12915,-0.596156,-7.95354,-0.0255933,-0.18816,0.0996271,-2.35371,46.8322,-45.0252,10274930
-5.87537,-0.483629,-7.65426,-0.152296,-0.290349,0.0829732,-1.9916,46.4678,-44.3244,10333296
-5.85382,-0.248997,-7.50821,-0.309376,-0.333516,0.0360758,-1.9916,46.4678,-44.3244,10390756
-6.63672,0.234632,-8.09958,0.175852,-0.619962,0.0993606,-2.35371,48.29,-41.5213,10467792
-6.62236,-0.225055,-7.20415,-0.271405,-0.530831,0.133601,-2.35371,48.29,-41.5213,10525782
-6.90248,0.256179,-6.94079,0.161596,-0.699901,0.0765781,-2.17266,50.2945,-39.2437,10585758
-7.42442,0.0933738,-6.70137,0.0435537,-0.768515,0.134933,-2.17266,50.2945,-39.2437,10646790
-6.97191,-0.0383072,-5.71496,-0.0325213,-0.859512,0.131603,-2.89687,52.4812,-35.3894,10704353
-7.0198,0.246603,-5.30076,0.120695,-1.09067,0.0211539,-2.89687,52.4812,-35.3894,10762129
-8.99262,0.318429,-5.02064,0.186111,-1.07628,0.0663193,-3.25898,56.4902,-31.1848,10840581
-8.48265,0.220267,-4.59926,0.0190391,-0.960635,0.0986944,-3.25898,56.4902,-31.1848,10899181
-8.19056,0.301669,-3.69425,0.2871,-0.956238,0.0478001,-2.17266,57.2191,-24.1769,10957626
-8.82024,0.387861,-3.42131,0.44831,-0.975956,0.05233,-2.17266,57.2191,-24.1769,11015863
-9.00459,-0.0023942,-2.58574,0.341858,-0.972359,0.218203,-1.9916,59.5881,-20.1475,11077446
-9.51934,0.1652,-2.16915,0.397149,-1.05176,0.321723,-1.9916,59.5881,-20.1475,11151485
-10.1754,0.134075,-1.14922,0.540239,-0.830734,0.461749,-1.44844,60.8637,-14.0156,11214050
-11.2432,0.529118,-0.167594,0.403411,-0.545619,0.333448,-1.44844,60.8637,-14.0156,11272116
-11.892,0.667982,1.69988,0.318143,-0.365491,0.172105,-2.89687,58.3125,-10.8621,11329766
-12.2104,0.969651,2.53785,-0.0974049,-0.265701,0.122943,-2.89687,58.3125,-10.8621,11388432
-11.8345,1.00317,2.91135,-0.136308,0.0211459,0.0411386,-4.16426,59.2236,-7.5334,11447475
-12.287,0.816422,2.16915,0.323339,-0.080776,-0.188818,-4.16426,59.2236,-7.5334,11518195
-11.3988,0.897825,1.7334,-0.188535,-0.0561282,-0.198811,-3.07793,60.6814,-6.83261,11580311
-10.7739,0.71826,1.92015,0.684529,0.725672,-0.133794,-3.07793,60.6814,-6.83261,11638078
-9.94072,0.639252,0.68953,0.660947,0.440824,-0.193748,-1.9916,61.7748,-9.98613,11695428
-8.98544,0.227449,0.732625,0.498005,0.907666,-0.230387,-1.9916,61.7748,-9.98613,11753845
-7.89368,0.112527,0.0694318,0.363442,1.03717,-0.289141,-0.905273,59.9525,-15.242,11811783
-8.6287,0.146046,-1.12527,0.458036,0.846113,-0.370812,-0.905273,59.9525,-15.242,11882768
-7.87692,-0.162806,-1.30005,0.372901,1.03797,-0.312857,2.17266,60.4992,-22.425,11940876
-8.1738,-0.629675,-1.86029,0.210093,1.04156,-0.326046,2.17266,60.4992,-22.425,11998675
-7.61356,-0.744596,-2.81079,0.435387,0.876224,-0.372411,6.51797,60.1347,-30.1336,12059740
-6.936,-1.06063,-2.5187,0.101243,0.921522,-0.321783,6.51797,60.1347,-30.1336,12117598
-7.63271,-1.29526,-3.2202,0.193172,0.844248,-0.220128,8.50957,58.4947,-34.1631,12175413
-7.6782,-1.74298,-4.14676,0.207561,0.746723,-0.174696,8.50957,58.4947,-34.1631,12252242
-7.24725,-1.71664,-4.55856,-0.19453,0.661322,-0.183489,9.958,55.5791,-39.4189,12309973
-6.9767,-1.74537,-5.34625,0.0221035,0.453215,-0.220661,9.958,55.5791,-39.4189,12367235
-7.49146,-1.88424,-5.57131,-0.230636,0.315853,-0.222259,9.41484,54.3035,-40.6453,12425559
-7.60398,-1.82917,-5.79875,-0.257149,0.170898,-0.141255,9.41484,54.3035,-40.6453,12484123
-7.22809,-1.8579,-5.51863,-0.328694,-0.0245524,-0.152047,9.41484,54.3035,-40.6453,12556734
-7.69496,-1.59933,-5.3678,-0.109529,-0.132736,-0.157642,10.5012,53.939,-38.8933,12619267
-8.04691,-1.60411,-5.44441,-0.198527,-0.11022,-0.0657128,9.77695,53.939,-41.3461,12676729
-8.01818,-1.66397,-5.27203,-0.0422472,-0.104891,0.00130247,9.77695,53.939,-41.3461,12734481
-7.73566,-2.08295,-5.53539,-0.180674,-0.156585,0.0210207,8.50957,54.8502,-40.1197,12792878
-7.99663,-1.7741,-4.97276,-0.185204,-0.0694513,-0.0459946,8.50957,54.8502,-40.1197,12854737
-8.22408,-1.46286,-5.20739,-0.140305,-0.0274835,-0.0470605,9.23379,55.5791,-37.667,12927122
-7.94635,-1.72861,-5.01825,-0.141904,-0.0649215,-0.0984877,9.23379,55.5791,-37.667,12989003
-7.97029,-1.75016,-5.17866,-0.257549,-0.0717163,-0.148449,9.958,56.308,-38.0174,13047012
-7.94156,-1.71425,-5.05416,-0.302981,-0.100494,-0.188152,9.958,56.308,-38.0174,13105328
-7.95114,-1.63045,-5.13077,-0.314305,-0.0858388,-0.205472,8.87168,57.7658,-35.915,13163515
-8.19056,-1.54905,-5.01346,-0.313506,-0.109154,-0.232652,8.87168,57.7658,-35.915,13222243
-8.04212,-1.89142,-5.31273,-0.39904,-0.115683,-0.234783,8.87168,56.308,-34.8639,13293945
-8.11155,-1.92494,-5.04458,-0.50296,-0.0839735,-0.179759,8.87168,56.308,-34.8639,13352489
-8.07564,-1.73819,-4.84107,-0.451267,-0.0823747,-0.160307,9.23379,58.8592,-34.1631,13411011
-8.26717,-1.46046,-4.93445,-0.34335,-0.0579934,-0.122736,9.23379,58.8592,-34.1631,13468377
-8.19056,-1.38385,-4.85065,-0.293255,-0.0166918,-0.0944908,9.23379,58.8592,-34.1631,13530934
-8.2552,-1.39821,-4.81713,-0.195596,0.0126191,-0.0844984,9.958,57.0369,-33.1119,13605008
-8.2145,-1.38145,-4.92487,-0.151497,0.0130188,-0.0498583,8.69062,56.8547,-33.6375,13666664
-8.35337,-1.30723,-4.88417,-0.0996699,0.0723067,-0.0284081,8.69062,56.8547,-33.6375,13727841
-8.25281,-1.29526,-4.97276,-0.0699593,0.041397,-0.00376031,9.23379,57.7658,-34.1631,13786614
-8.26717,-1.29047,-4.89853,0.00891355,0.064446,0.0200881,9.23379,57.7658,-34.1631,13844401
-8.20014,-1.24259,-4.81713,0.0680682,0.0890938,0.0439364,8.69062,57.948,-32.5863,13902793
-8.20732,-1.32639,-4.9129,0.12629,0.0355348,0.0695168,8.69062,57.948,-32.5863,13976361
-8.13071,-1.27372,-4.98712,0.258189,0.0176819,0.120411,8.87168,55.9435,-34.5135,14034284
-8.11155,-1.36709,-4.86741,0.233941,0.0196803,0.141595,8.87168,55.9435,-34.5135,14092583
-8.11395,-1.37188,-4.97036,0.336929,-0.0597255,0.146524,7.42324,57.7658,-33.4623,14151112
-8.07325,-1.47004,-4.86502,0.280039,-0.0970302,0.166509,7.42324,57.7658,-33.4623,14208664
-8.08043,-1.41737,-4.86741,0.344123,-0.20215,0.197152,7.42324,57.7658,-33.4623,14273769
-7.8841,-1.41737,-4.6639,0.345589,-0.352301,0.230993,6.51797,59.0414,-31.8855,14342550
-7.97508,-1.30723,-4.46997,0.376898,-0.490728,0.260837,8.14746,59.2236,-31.7103,14402737
-7.77158,-1.23541,-4.02944,0.252593,-0.699368,0.246581,8.14746,59.2236,-31.7103,14461432
-8.01818,-1.14443,-3.58412,0.16626,-0.751861,0.208477,6.69902,59.9525,-27.856,14519014
-7.97748,-0.821211,-2.96402,0.062739,-0.761454,0.148789,6.69902,59.9525,-27.856,14578033
-7.17303,-0.912191,-2.14999,0.111502,-0.974357,0.142394,6.69902,59.9525,-27.856,14650457
-7.45315,-0.905008,-1.07978,0.111635,-1.10452,0.0917664,6.69902,59.9525,-27.856,14708778
-8.22408,-0.45011,-0.579397,-0.138973,-0.880429,0.110952,5.61269,60.6814,-15.242,14768007
-8.47068,-0.596156,-0.35913,-0.012137,-1.07175,0.0660528,5.61269,60.6814,-15.242,14825384
-9.96227,-0.888249,1.01275,0.323073,-0.720685,0.0202213,5.61269,60.6814,-15.242,14887385
-10.2927,-1.09176,0.76375,0.160531,-0.200684,0.102691,5.61269,60.6814,-15.242,14948507
-9.7444,-0.71826,1.51313,-0.121786,0.0339361,0.123076,5.61269,60.6814,-15.242,15019287
-9.36372,-0.924162,0.56982,0.961783,-0.371353,0.0720482,5.79375,60.4992,-7.00781,15081811
-9.46906,-1.52032,1.04627,0.122693,0.371943,0.0142259,4.16426,61.0459,-7.18301,15139612
-10.228,-0.71826,1.47483,0.114033,0.350493,-0.0221462,4.16426,61.0459,-7.18301,15197005
-10.7141,-0.687136,2.04944,0.242068,0.412046,0.0163576,5.06953,61.2281,-10.1613,15255435
-11.7651,-1.06302,1.92254,-0.0434463,0.669049,0.150788,5.06953,61.2281,-10.1613,15316893
-12.5145,-0.79248,1.27132,-1.22068,0.507306,0.154652,1.9916,62.1392,-13.49,15386035
-12.4618,-0.292093,-1.89621,-1.65861,1.11724,0.224198,1.9916,62.1392,-13.49,15445079
-10.7069,-0.306458,-2.14281,1.43236,0.757514,0.0394066,2.89687,60.1347,-18.9211,15503910
-9.08599,-1.19471,-1.86269,-0.738647,1.01865,-0.0737067,2.89687,60.1347,-18.9211,15561371
-8.2576,0.167594,-4.01508,-0.19453,1.01358,0.0483331,2.89687,60.1347,-18.9211,15619781
-8.88248,0.0311246,-3.29681,0.900097,0.931781,0.0130268,1.44844,59.4058,-23.1258,15681538
-7.98945,-0.677559,-4.8291,-0.0752886,0.7759,0.124808,0.362109,57.5836,-28.0312,15750494
-7.82425,-0.366313,-5.27921,0.514792,0.795352,0.346238,0.362109,57.5836,-28.0312,15812153
-7.13232,-1.03908,-5.06852,0.0855215,0.51943,0.351301,0.362109,57.5836,-28.0312,15870136
-8.08522,-0.931344,-5.93044,0.274443,0.598969,0.120944,-2.17266,55.0324,-31.5351,15927808
-7.99903,-0.471658,-7.0174,-0.0523727,0.782295,0.119612,-2.17266,55.0324,-31.5351,15992853
-7.25443,-0.179565,-6.86896,-0.467254,0.27695,0.141861,-2.71582,51.9346,-33.8127,16050778
-7.12754,1.05824,-6.55532,0.642161,0.694763,-0.0483928,-2.71582,52.299,-36.2654,16119251
-7.19457,0.203507,-7.98466,0.520654,-0.191491,0.0848384,-2.71582,52.299,-36.2654,16177643
-7.13472,-0.486023,-5.87297,0.16959,-0.253976,-0.0190819,-2.71582,52.299,-36.2654,16236390
-7.29753,-0.720654,-5.31034,0.0163745,0.0299391,0.0556608,-1.62949,51.9346,-35.5646,16294327
-8.01818,0.0311246,-5.37737,-0.0389164,-0.230661,0.0458017,-1.62949,51.9346,-35.5646,16355884
-8.84179,-0.110133,-5.05416,0.476022,0.0203465,-0.0209472,0.362109,52.1168,-36.0902,16429398
-8.32943,-0.363919,-5.2002,-0.101668,0.0342025,-0.0148185,0.362109,52.1168,-36.0902,16488559
-8.41562,-0.320823,-4.80037,0.205829,0.11201,0.0532626,0.362109,52.1168,-36.0902,16550115
-8.14746,-0.442927,-5.11401,-0.0194647,0.0981535,0.0163576,0.362109,52.1168,-36.0902,16608289
-8.26957,-0.392649,-5.39174,0.0896516,0.18502,0.00503294,-1.44844,52.1168,-36.0902,16669966
-8.02057,-0.395043,-5.73651,-0.0483758,0.210867,0.0167573,-1.44844,52.1168,-36.0902,16728668
-7.7213,-0.311246,-6.01663,0.0242352,0.153444,-0.000163078,-0.362109,52.4812,-36.4406,16798385
-7.44357,-0.423774,-5.93522,0.027033,0.125333,0.000636309,-0.362109,52.4812,-36.4406,16855907
-7.46512,-0.383072,-6.03339,0.115898,0.0600494,0.00210185,-1.9916,51.5701,-38.7182,16914930
-7.58004,-0.577003,-5.9472,0.0735307,0.0323373,0.014892,-1.9916,51.5701,-38.7182,16976378
-7.61116,-0.608127,-5.9017,0.060474,-0.00883113,0.00849695,-0.724219,51.0234,-37.8422,17034473
-7.83622,-0.557849,-5.71496,0.0243684,0.0015609,0.00863019,-0.181055,52.299,-36.6158,17105371
-7.83861,-0.588974,-5.41089,-0.0291905,0.0303388,0.0138262,-0.181055,52.299,-36.6158,17163056
-7.91044,-0.454898,-5.74129,0.106838,-0.0482676,0.0031677,-0.181055,52.299,-36.6158,17222296
-7.94875,-0.622492,-5.54736,-0.0169333,0.0669774,0.0190222,0.543164,51.9346,-38.0174,17280164
-7.8434,-0.452504,-5.6958,0.0035843,0.0342025,0.0227527,0.543164,51.9346,-38.0174,17341002
-7.80031,-0.454898,-5.87297,0.0776609,0.0370004,0.0318124,-0.905273,51.5701,-37.667,17402265
-7.75961,-0.509965,-5.69102,0.0410223,0.0616482,0.0328783,-0.905273,51.5701,-37.667,17471413
-7.74285,-0.512359,-5.80594,0.0606073,0.0219453,0.0272825,-0.724219,51.0234,-37.4918,17531765
-7.75482,-0.426168,-5.97114,0.0316961,0.0318044,0.0214204,-0.724219,51.0234,-37.4918,17593154
-7.5537,-0.45011,-6.04536,0.0163745,-0.0590593,0.0170237,-0.905273,50.8412,-35.915,17653978
-7.50343,-0.215478,-6.46913,0.103374,-0.172839,0.00476648,-0.905273,50.8412,-35.915,17711744
-7.01262,-0.392649,-5.95438,0.0226364,-0.312199,0.0224862,0.181055,52.6635,-37.3166,17784898
-7.92002,-0.488417,-6.2776,0.355048,-0.555079,0.0218201,0.181055,52.6635,-37.3166,17842556
-8.05648,-0.957681,-5.75327,0.0366257,-0.481136,0.0516638,0.543164,53.0279,-34.1631,17900152
-7.97508,-0.730231,-5.46357,0.151471,-0.659532,0.00356738,0.543164,53.0279,-34.1631,17958580
-8.10197,-0.622492,-4.45561,0.0829901,-0.586788,0.0426041,0.905273,54.8502,-31.7103,18020227
-8.06367,-0.289698,-4.89375,0.359178,-0.891354,0.110819,0.905273,54.8502,-31.7103,18077770
-8.44913,-0.560243,-4.06535,0.368238,-0.9188,0.174769,2.35371,58.1303,-29.2576,18149749
-8.26957,-0.634463,-3.70144,0.227146,-0.978888,0.201283,2.35371,58.1303,-29.2576,18207513
-8.30309,-0.438139,-2.63362,0.334664,-1.02618,0.195287,1.81055,58.6769,-23.4762,18264831
-8.8777,-0.557849,-2.89459,0.600726,-1.18953,0.270563,1.81055,58.6769,-23.4762,18331329
-9.22007,-0.47884,-1.75016,0.450442,-1.19286,0.359028,0.905273,59.5881,-17.3443,18389448
-9.29908,-0.3304,-0.730231,0.204364,-1.18193,0.356364,0.905273,59.5881,-17.3443,18460330
-11.9231,-0.227449,1.64003,0.465897,-0.739737,0.238321,0.724219,59.4058,-8.40937,18522750
-13.3405,0.229843,2.1476,0.213823,-0.612368,0.273627,0.724219,59.4058,-8.40937,18580513
-12.6103,0.845153,4.81953,-0.622069,0.261095,0.355564,-1.81055,59.4058,-4.55508,18638051
-11.8944,0.916979,3.72777,0.676402,0.24151,0.182364,-1.81055,59.4058,-4.55508,18699381
-11.6981,0.548272,3.26808,0.906092,0.0340693,0.00716464,-2.71582,60.6814,-4.73027,18758266
-11.552,0.347159,2.61447,-0.0286576,0.208602,-0.011088,-2.71582,60.6814,-4.73027,18827906
-10.6757,0.399832,2.19788,-1.4449,0.334905,0.108953,-2.53477,58.3125,-7.3582,18890055
-9.12669,0.605733,2.05422,-0.682157,0.758714,0.146658,-2.53477,58.3125,-7.3582,18948470
-8.71729,0.280121,0.768538,0.677201,0.471068,-0.0818338,-3.07793,60.6814,-7.18301,19009164
-8.10197,0.402226,0.921767,2.15234,0.91566,-0.203074,-3.07793,60.6814,-7.18301,19068426
-8.26239,-0.466869,-0.402226,0.804304,1.30376,-0.295004,-3.07793,60.6814,-12.7893,19130553
-8.02536,-0.349553,-0.335188,-0.82538,1.05622,-0.309926,0.543164,61.4103,-21.1986,19200499
-7.94875,0.320823,-1.33596,0.254992,1.27192,-0.3431,0.543164,61.4103,-21.1986,19262668
-7.73806,-0.181959,-2.11408,0.451108,1.15374,-0.331509,0.543164,61.4103,-21.1986,19321554
-7.31189,-0.146046,-2.71981,-0.144036,1.12683,-0.340169,3.9832,58.6769,-26.9801,19382493
-7.49624,-0.0502782,-3.55539,0.47056,0.939775,-0.280748,3.9832,58.6769,-26.9801,19441011
-7.82904,-0.440533,-4.2114,0.0332949,0.867697,-0.185221,4.88848,57.0369,-35.2143,19499675
-7.67341,-0.438139,-4.9129,0.38689,0.696495,-0.117806,4.88848,57.0369,-35.2143,19569086
-8.04212,-0.881066,-5.03979,0.130287,0.800282,-0.121936,4.88848,57.0369,-35.2143,19627346
-7.2257,-0.957681,-5.24809,0.187843,0.685703,-0.108746,4.88848,57.0369,-35.2143,19685821
-7.02937,-1.36948,-5.41808,0.319076,0.586179,-0.10808,8.14746,51.5701,-42.9228,19746157
-7.21133,-1.42934,-5.82988,0.262053,0.515833,-0.0421309,8.14746,51.5701,-42.9228,19804322
-7.00543,-1.75255,-6.30154,0.354648,0.293204,0.0263499,9.05273,50.2945,-45.2004,19876222
-7.21373,-1.93451,-6.29914,0.288566,0.165169,0.071915,9.05273,50.2945,-45.2004,19935913
-7.24246,-2.0638,-6.43561,0.198102,0.0789682,0.136132,10.3201,49.3834,-46.0764,19994584
-7.10599,-2.05662,-6.1531,0.171589,0.0182148,0.139463,10.3201,49.3834,-46.0764,20055354
-7.31907,-1.97522,-6.16267,0.0864541,-0.0674529,0.105756,9.77695,49.9301,-46.9523,20116414
-7.24006,-1.92254,-6.08845,0.0772612,-0.108355,0.0860375,9.77695,49.9301,-46.9523,20174295
-7.58483,-1.89381,-5.87776,0.071399,-0.0757132,0.0512642,11.7686,50.4767,-45.3756,20244162
-7.46991,-1.8579,-5.95677,0.0247681,-0.0609245,0.0326118,11.7686,50.4767,-45.3756,20305346
-7.37893,-1.87945,-5.99987,0.0354266,-0.0863717,0.029281,9.41484,49.2012,-45.9012,20362800
-7.52497,-1.79326,-5.88255,0.00664863,-0.0671864,0.0170237,9.41484,49.2012,-45.9012,20426116
-7.57286,-1.74058,-5.93044,-0.0270589,-0.0420057,0.0204878,10.5012,49.9301,-46.2516,20487071
-7.35499,-1.69031,-5.93522,0.0237022,-0.0627898,0.0162244,10.5012,49.9301,-46.2516,20544538
-7.46751,-1.80762,-5.71256,-0.0105382,-0.0809092,-0.011621,9.05273,51.0234,-43.7988,20612804
-7.60398,-1.84353,-5.82509,0.0131769,-0.0735815,-0.00336063,9.05273,51.0234,-43.7988,20670963
-7.69017,-1.81002,-5.79875,-0.0206638,-0.0609245,0.00183539,10.5012,51.3879,-43.4484,20732330
-7.56328,-1.7358,-5.63834,-0.0780864,-0.058926,0.00676495,10.5012,51.3879,-43.4484,20790038
-7.57286,-1.72622,-5.75566,-0.023728,-0.0822415,0.0151585,9.958,51.5701,-42.2221,20848119
-7.69736,-1.69031,-5.66947,-0.0357189,-0.124343,0.0134265,9.958,51.5701,-42.2221,20920356
-7.66623,-1.67594,-5.46836,-0.131512,-0.157251,0.00196862,8.50957,51.2056,-41.8717,20978860
-7.65665,-1.54426,-5.38695,-0.114192,-0.273828,-0.00122893,8.50957,51.2056,-41.8717,21040367
-7.56089,-1.52271,-5.37977,-0.180408,-0.414254,0.037941,7.78535,54.8502,-40.4701,21101421
-7.57046,-1.47483,-5.13556,-0.264477,-0.580393,0.108154,7.78535,54.8502,-40.4701,21158883
-7.05571,-1.38145,-4.77164,-0.240762,-0.933722,0.17437,7.6043,54.3035,-37.8422,21217584
-7.45075,-1.22104,-3.84748,-0.276734,-1.02685,0.167309,7.6043,54.3035,-37.8422,21287047
-6.62475,-0.993593,-3.03824,-0.589694,-1.20751,0.200083,6.69902,57.0369,-33.4623,21344346
-6.63912,-0.519542,-1.76931,-0.581301,-1.30664,0.205146,6.69902,57.0369,-33.4623,21405627
-7.71412,-0.114922,-1.04148,-0.526543,-1.32742,0.206212,3.80215,59.5881,-24.7025,21464168
-8.74123,-0.579397,-0.198719,0.00291815,-1.29704,0.146258,3.80215,59.5881,-24.7025,21521981
-8.81305,-0.186748,0.390255,-0.666568,-0.766916,0.125074,2.17266,61.5926,-14.366,21583346
-8.83939,0.162806,0.588974,-0.504026,-0.775043,0.119878,2.17266,61.5926,-14.366,21652400
-9.8258,0.100556,1.35033,0.227679,-0.501786,0.120811,1.62949,61.0459,-9.63574,21711155
-9.38287,0.0143652,0.859518,0.599527,-0.426644,0.141595,1.62949,61.0459,-9.63574,21772467
-10.3358,-0.0143652,2.36308,0.564354,0.0198136,0.128405,1.26738,61.0459,-7.5334,21831093
-11.3174,-0.447716,1.43652,1.04119,-0.0413395,0.207278,1.26738,61.0459,-7.5334,21889783
-12.4187,-0.213084,2.46363,0.250728,0.136524,0.0739135,-0.181055,59.9525,-8.23418,21968514
-12.1051,0.287304,1.96564,-1.26398,0.854774,0.00849695,-0.181055,59.9525,-8.23418,22030626
-11.971,0.488417,2.12605,-1.10783,0.737397,-0.0221462,-1.08633,60.4992,-10.1613,22091547
-11.7723,1.24738,-0.945709,1.57491,1.24487,-0.111011,-1.08633,60.4992,-10.1613,22149820
-10.9511,-0.497994,-1.95127,0.236339,0.984541,-0.219994,0.0,59.0414,-15.0668,22207316
-9.19373,-0.253785,-1.94649,-0.618206,0.992801,-0.305129,0.0,59.0414,-15.0668,22269339
-8.35576,-0.272939,-3.15556,0.913953,0.934845,-0.381471,1.81055,59.7703,-21.3738,22338642
-7.7189,-1.4844,-3.30639,0.00704831,0.818668,-0.43916,1.81055,59.7703,-21.3738,22401638
-8.88727,-1.25217,-5.4085,0.468961,0.707819,-0.23505,2.53477,57.5836,-27.6809,22460218
-8.74602,-2.0638,-4.67827,-0.417826,0.815204,-0.153779,2.53477,57.5836,-27.6809,22518327
-8.31266,-0.912191,-5.71256,-0.0810175,0.489453,-0.0293407,5.61269,55.9435,-29.9584,22577338
-8.55448,-1.01275,-5.861,0.13122,0.414178,0.0316792,5.61269,55.9435,-29.9584,22635331
-6.88572,-1.25696,-5.23372,-0.298051,0.319983,-0.0775704,4.16426,55.5791,-34.5135,22707214
-7.92241,-1.2785,-4.23534,0.277774,-0.0766458,0.0869701,4.16426,55.5791,-34.5135,22765923
-8.70292,-1.25456,-4.73334,-0.0682273,0.105481,0.084039,3.80215,55.2146,-33.8127,22823379
-8.38928,-0.943315,-4.93684,0.101376,0.0789682,0.0134265,3.80215,55.2146,-33.8127,22883322
-8.03733,-1.29287,-5.43005,0.0294312,-0.397866,0.129071,4.52637,54.1213,-32.7615,22941976
-8.05409,-1.07978,-4.8291,-0.0635642,-0.342842,0.10509,4.52637,54.1213,-32.7615,22999797
-8.31985,-0.885855,-5.2002,0.0967129,-0.452491,0.110685,1.9916,56.6724,-32.7615,23075534
-7.67581,-0.948104,-5.01825,0.084056,-0.605174,0.133068,1.9916,56.6724,-32.7615,23133713
-8.12831,-0.962469,-4.43406,0.224748,-0.776109,0.254708,2.35371,57.0369,-27.856,23193656
-8.25281,-0.931344,-4.47237,0.0903178,-1.11105,0.438434,2.35371,57.0369,-27.856,23254529
-7.79791,-0.794875,-3.81396,0.225414,-1.44679,0.418849,2.53477,59.0414,-24.8777,23312313
-8.24802,-0.907402,-2.33435,0.255924,-1.47824,0.358762,2.53477,59.0414,-24.8777,23383232
-8.88727,-0.411803,-1.97761,-0.17801,-1.47371,0.395,1.08633,60.4992,-15.4172,23448733
-10.3429,-0.0071826,-0.0694318,0.259388,-1.61773,0.299341,1.08633,60.4992,-15.4172,23506310
-11.5472,0.0430956,2.11408,0.44378,-1.09973,0.163178,-0.543164,60.317,-4.73027,23566634
-12.548,0.749385,5.50187,-0.336155,0.340901,0.147723,-0.543164,60.317,-4.73027,23624934
-13.2974,1.16358,4.92248,0.0324955,0.606297,-0.0172167,-1.81055,58.6769,-1.40156,23682913
-11.9279,0.177171,4.29041,0.817627,-0.699502,-0.181224,-1.44844,56.8547,-2.80312,23758491
-12.0572,-0.497994,4.09169,1.19427,0.0849636,-0.013353,-1.44844,56.8547,-2.80312,23816068
-11.71,-0.339977,2.40378,0.174253,-0.469811,-0.0321386,-1.44844,56.8547,-2.80312,23876290
-10.7236,-0.493205,3.62003,-0.69095,0.0228779,0.0980283,-0.543164,59.9525,0.175195,23937183
-9.43076,-0.0909796,2.38223,-0.918109,0.548075,0.0539288,-0.543164,59.9525,0.175195,23995000
-8.80108,-0.0311246,1.99437,-0.606215,0.693563,-0.04333,-0.543164,59.9525,-0.875976,24052736
-8.13071,0.0550666,1.94409,-0.287259,1.05822,-0.182423,-0.181055,62.1392,-5.08066,24127209
-7.513,0.572214,1.24259,-0.76396,1.14202,-0.266892,-0.181055,62.1392,-5.08066,24185274
-7.61835,0.770933,0.85473,-0.929567,0.980544,-0.38187,-0.181055,62.1392,-5.08066,24245416
-7.15148,1.72622,-0.481234,0.0883193,0.860769,-0.170166,3.9832,61.957,-9.81094,24307377
-8.24323,0.189142,-0.746991,2.55856,0.872626,-0.301399,3.9832,61.957,-9.81094,24366323
-8.22887,-0.488417,-3.08134,-0.590494,1.21543,-0.551341,4.88848,62.8682,-16.9939,24428118
-7.8841,0.28491,-2.4349,-0.363334,0.653594,-0.308593,8.87168,61.4103,-22.6002,24500489
-8.20732,-0.306458,-2.68869,1.68923,0.694363,-0.316587,8.87168,61.4103,-22.6002,24558392
-8.25999,-1.68073,-3.32315,-1.24426,0.592041,-0.509106,8.87168,61.4103,-22.6002,24617025
-8.97586,-1.03429,-3.38301,-0.0191982,0.457478,-0.451284,10.6822,60.6814,-25.7537,24675363
-8.588,-2.95205,-2.53306,0.392087,0.318518,-0.402255,10.6822,60.6814,-25.7537,24733265
-8.58561,-2.98078,-2.72221,-0.725057,0.148781,-0.371345,13.0359,60.8637,-28.0312,24809608
-8.41562,-2.99036,-2.43011,0.00824741,0.0319376,-0.254501,13.5791,59.2236,-29.9584,24867947
-9.23443,-3.44765,-3.14359,-0.129247,0.207137,-0.133394,13.5791,59.2236,-29.9584,24925534
-8.63828,-2.91135,-3.02627,-0.495633,0.0226114,-0.0084234,13.5791,59.2236,-29.9584,24986843
-8.35337,-2.65038,-2.34392,0.174786,0.185686,0.0553943,14.8465,59.4058,-29.7832,25044497
-8.57603,-2.7653,-2.99754,0.034494,0.299066,0.0831064,14.8465,59.4058,-29.7832,25103324
-9.01896,-3.08373,-3.80678,0.540772,0.31159,0.0242182,13.5791,58.1303,-29.608,25205835
-7.91762,-2.63601,-4.21379,0.188509,0.062714,0.10389,13.217,58.1303,-31.36,25266615
-8.22647,-2.79164,-3.90494,0.146541,0.10748,0.0386072,13.217,58.1303,-31.36,25324595
-8.46111,-2.36308,-4.29998,-0.106864,0.0036926,0.0644541,12.8549,57.0369,-33.1119,25382167
-8.27675,-2.33674,-4.18985,0.170256,0.0761704,0.0664525,12.8549,57.0369,-33.1119,25443752
-8.55448,-2.27689,-4.28323,0.0440866,0.110677,0.0765781,13.9412,58.1303,-31.0096,25502771
-8.12831,-2.26731,-4.71658,0.154535,0.0981535,0.087503,13.9412,58.1303,-31.0096,25571351
-8.15704,-2.41575,-4.44843,0.244333,0.13306,0.0760452,12.8549,57.4014,-32.7615,25629866
-8.3797,-2.478,-4.37181,0.0873867,0.156109,0.0853713,12.8549,57.4014,-32.7615,25688307
-8.33421,-2.4756,-4.52504,0.210492,0.163437,0.100959,13.0359,57.5836,-33.9879,25746268
-8.16423,-2.60728,-4.26886,0.0403561,0.200475,0.0839058,13.0359,57.5836,-33.9879,25811004
-8.14028,-2.67432,-4.39336,0.169324,0.123201,0.0727144,13.0359,56.4902,-35.039,25868992
-8.14268,-2.7246,-4.35984,0.0813913,0.103749,0.113883,13.0359,56.4902,-35.039,25939900
-7.73327,-2.50673,-4.40054,0.11843,-0.0213549,0.218336,13.5791,57.0369,-35.2143,26001071
-7.62074,-2.20266,-5.00388,0.360377,-0.376416,0.49972,13.5791,57.0369,-35.2143,26058756
-7.89368,-2.03747,-4.51067,0.217953,-0.590119,0.71329,12.1307,57.7658,-33.1119,26119458
-8.04691,-1.00556,-4.53701,0.275909,-0.795561,0.591383,12.1307,57.7658,-33.1119,26177834
-9.30865,-1.24738,-4.11084,0.246731,-0.656201,0.57846,9.41484,58.6769,-28.3816,26247379
-7.50103,-0.952892,-3.31118,-0.46952,-0.911739,0.492393,9.41484,58.6769,-28.3816,26305407
-6.76122,-0.52433,-2.75094,-0.309509,-1.18153,0.422713,4.88848,59.9525,-23.301,26363793
-6.19619,-0.102951,-1.71185,-0.793272,-1.49489,0.426443,4.88848,59.9525,-23.301,26425972
-6.30872,0.409408,-0.40462,-1.06253,-1.74736,0.285218,0.0,61.5926,-14.0156,26486483
-6.43322,0.845153,1.59214,-1.7091,-1.48303,0.071915,0.0,61.5926,-14.0156,26548356
-9.35654,0.217872,2.69108,-1.04734,-1.19912,0.125874,1.26738,60.317,0.525586,26617423
-9.05965,-0.11971,2.87543,1.1515,-0.835264,0.27376,1.26738,60.317,0.525586,26678957
-9.73721,0.0885854,2.96642,2.82289,-0.50112,-0.296336,-0.905273,59.9525,3.6791,26740414
-10.6159,0.890643,4.34547,0.809633,-0.0397408,-0.45648,-0.905273,59.9525,3.6791,26802571
-11.2312,-1.04148,3.9624,1.43449,-0.0425386,-0.880955,1.08633,59.4058,2.45273,26863396
-10.2711,-0.294487,5.66468,0.524518,-0.139931,-0.710952,1.08633,59.4058,2.45273,26922735
-9.65581,0.100556,5.44681,-0.787009,0.738995,0.0660528,2.35371,59.9525,2.27754,26992716
-11.8561,-0.0383072,4.48913,1.23917,0.886216,-0.0549211,2.35371,59.9525,2.27754,27055000
-11.2767,-0.316035,4.55856,0.0474174,0.938842,-0.10022,2.17266,60.1347,-5.25586,27114217
-10.7907,-0.308852,3.73974,-0.927435,1.66748,0.157583,2.17266,60.1347,-5.25586,27175710
-12.5121,-0.957681,0.991199,-0.39491,0.661055,0.202748,1.08633,60.4992,-12.6141,27237822
-11.3964,0.311246,-1.35512,-2.18487,-1.48037,0.596446,1.08633,60.4992,-12.6141,27295435
-10.7045,0.806846,-4.64954,-0.59489,2.86483,-0.294204,-1.26738,59.5881,-11.3877,27365515
-6.6487,0.385466,-1.18274,0.516791,1.84894,-0.0555873,-1.26738,59.5881,-11.3877,27426951
-6.29435,0.749385,-3.3016,1.28127,1.11817,-0.0084234,-1.81055,58.3125,-24.8777,27484359
-7.76918,-0.988805,-4.51307,0.954189,1.34453,0.145459,-1.81055,58.3125,-24.8777,27547987
-8.95431,-0.737414,-5.1595,0.175719,1.35825,-0.205206,-0.543164,55.9435,-32.0607,27606374
-7.02698,-1.12527,-7.10838,0.158932,1.08806,-0.192682,-0.543164,55.9435,-32.0607,27664401
-7.5537,-0.383072,-7.94635,0.316678,0.52436,-0.00509262,1.44844,54.3035,-37.8422,27733297
-6.0286,-1.21147,-6.41406,-0.311241,0.539948,-0.0196148,1.44844,54.3035,-37.8422,27791145
-6.15788,-1.09176,-6.63433,0.678133,-0.462483,0.0724479,0.181055,51.2056,-39.7693,27851530
-8.15944,-1.25456,-5.43244,-0.32936,-0.139931,0.108154,0.181055,51.2056,-39.7693,27910129
-7.78115,-1.05824,-5.83227,-0.185204,-0.00430127,0.0584586,0.181055,51.5701,-38.0174,27967763
-7.86974,-0.3304,-5.41808,0.173721,0.0464598,-0.0177496,0.181055,51.5701,-38.0174,28041018
-8.11155,-0.873883,-6.16986,0.04835,0.0813664,0.0768445,-0.905273,52.299,-38.3678,28099400
-7.18739,-1.30963,-6.11479,-0.0775535,-0.141263,0.068451,-0.905273,52.299,-38.3678,28159627
-7.3909,-1.24738,-5.87297,0.154668,-0.483534,-0.00509262,0.905273,52.299,-38.0174,28224079
-7.65905,-0.933739,-5.65989,-0.406235,-0.539757,0.0868369,0.905273,52.299,-38.0174,28281551
-8.14986,-0.59855,-5.50187,0.128022,-0.79263,0.170906,0.724219,53.5746,-33.6375,28341600
-8.15225,-0.794875,-4.86023,-0.223841,-0.768782,0.160114,0.724219,53.5746,-33.6375,28413963
-8.37252,-0.222661,-4.81234,-0.0636974,-0.913604,0.163178,-0.362109,56.1258,-30.484,28471538
-8.68377,-0.0311246,-3.45723,-0.374259,-0.965831,0.14346,-0.362109,56.1258,-30.484,28532315
-8.88967,0.215478,-2.54504,-0.068627,-0.811682,0.0899012,-1.44844,56.4902,-25.5785,28590882
-10.3286,0.328006,-1.92733,0.0655368,-0.772246,0.0704494,-1.44844,56.4902,-25.5785,28649254
-10.1538,0.277727,-0.849941,-0.138707,-0.31433,0.0318124,-1.26738,58.8592,-20.1475,28706706
-9.74919,0.0502782,0.129287,-0.440608,-0.277692,-0.0539885,-1.26738,58.8592,-20.1475,28777465
-9.93833,0.110133,1.10851,0.0686011,0.208202,0.0128936,-1.26738,59.2236,-18.7459,28835961
-10.2999,0.0047884,-1.21386,0.833748,0.449617,-0.0591845,-1.26738,59.2236,-18.7459,28896718
-10.2208,-0.385466,-1.32399,0.000520021,0.475597,-0.0903606,0.0,60.1347,-20.3226,28955593
-9.6175,-0.287304,-1.55144,0.10977,0.532221,-0.015085,0.0,60.1347,-20.3226,29016736
-9.48104,-0.469263,-1.74298,0.262852,0.509571,-0.0162841,0.905273,59.5881,-24.0018,29085494
-9.22007,-0.574608,-2.2721,0.11843,0.58165,0.00156891,0.905273,59.5881,-24.0018,29148840
-9.27753,-0.476446,-3.08613,-0.0708919,0.49798,-0.0469272,-0.724219,57.2191,-26.6297,29210304
-8.82502,-0.272939,-3.51229,-0.0573023,0.406051,-0.0534556,-0.724219,57.2191,-26.6297,29267934
-8.67898,-0.454898,-3.73017,-0.0655626,0.18502,-0.0653131,0.905273,57.7658,-28.9072,29330071
-8.26957,-0.574608,-4.0055,0.0720651,-0.0699843,-0.130596,0.905273,57.7658,-28.9072,29388858
-8.29351,-0.71826,-4.29998,-0.00294402,-0.296477,-0.204673,1.62949,56.6724,-29.2576,29457695
-8.23845,-0.842759,-3.88818,-0.20359,-0.472875,-0.155244,1.62949,56.6724,-29.2576,29516175
-8.56406,-0.64404,-3.66792,-0.16069,-0.634485,-0.0976883,1.9916,58.8592,-25.7537,29577895
-8.8777,-0.610521,-3.4668,-0.122719,-0.633685,-0.0401324,1.9916,58.8592,-25.7537,29637723
-8.6287,-0.684741,-2.93529,-0.168151,-0.745866,0.0655199,2.89687,58.6769,-21.3738,29699438
-8.20253,-0.744596,-2.21224,-0.148832,-0.877632,0.0635214,2.89687,58.6769,-21.3738,29769975
-8.84418,-0.519542,-1.72861,-0.0919425,-1.02485,-0.0257435,3.25898,60.8637,-16.118,29831603
-9.50019,-0.679953,-0.988805,0.189575,-1.00473,0.0222198,3.25898,60.8637,-16.118,29896163
-9.98621,-0.881066,-0.411803,0.0243684,-1.00274,0.0545949,1.9916,61.0459,-9.63574,29954958
-11.8345,-0.857124,1.15879,0.191574,-0.798625,0.0496654,1.9916,61.0459,-9.63574,30015324
-14.2287,-0.730231,2.70305,0.890238,-0.00470096,0.0881692,2.89687,59.4058,-3.8543,30073675
-12.2008,-0.962469,2.96881,1.16496,0.475464,0.248713,2.89687,59.4058,-3.8543,30142270
-13.635,-0.519542,4.28801,0.39635,0.201941,0.20075,1.81055,60.1347,-5.25586,30200577
-12.5025,-0.397437,2.86107,-0.682157,0.15451,0.207411,1.81055,60.1347,-5.25586,30261734
-11.1426,0.155623,1.85551,-0.795003,0.0804338,0.0532626,0.724219,60.4992,-5.95664,30321451
-10.2999,0.0167594,2.09014,-0.0426469,0.577786,-0.179492,0.724219,60.4992,-5.95664,30379179
-9.33738,-0.0383072,0.890643,0.690391,0.833323,-0.320318,3.25898,60.4992,-7.3582,30437180
-8.19774,-0.280121,0.591368,0.34359,1.43433,-0.368281,3.25898,60.4992,-7.3582,30508602
-8.09,-0.768538,0.23942,0.231543,1.32335,-0.50431,3.44004,61.0459,-16.2932,30566363
-7.8841,-0.55306,-0.562637,-0.119521,1.61659,-0.397458,3.44004,61.0459,-16.2932,30629544
-7.25922,-0.861912,-2.17154,0.401946,1.4707,-0.455947,6.88008,61.5926,-24.8777,30690509
-5.96635,-1.32639,-2.478,-0.175345,1.30136,-0.435829,6.88008,61.5926,-24.8777,30747997
-5.92804,-1.44131,-3.26808,0.289365,1.08779,-0.275019,9.77695,58.3125,-32.5863,30809363
-7.14669,-2.04225,-4.83629,-0.144435,0.98574,-0.253435,9.77695,58.3125,-32.5863,30878385
-6.47631,-1.98719,-4.75728,-0.301515,0.782429,-0.176961,11.4064,55.2146,-39.7693,30941816
-6.53138,-2.19548,-5.52582,-0.105266,0.338902,-0.168168,11.4064,55.2146,-39.7693,31002931
-6.6894,-2.31998,-5.83706,-0.444072,0.172363,-0.15591,12.4928,53.3924,-40.8205,31060455
-7.09162,-2.37744,-5.66947,-0.149365,-0.0621236,-0.226523,12.4928,53.3924,-40.8205,31120525
-7.86256,-2.29843,-5.64313,-0.559317,-0.0270838,-0.145385,12.6738,53.5746,-41.6965,31190231
-7.64947,-1.70228,-5.43005,-0.0960726,-0.0702507,-0.088895,12.6738,53.5746,-41.6965,31248611
-7.60638,-1.69509,-5.80115,-0.0345198,-0.177502,0.00956279,10.1391,55.7613,-39.9445,31315408
-7.82904,-1.80762,-5.33428,0.102575,-0.133003,0.0360758,10.1391,55.7613,-39.9445,31373145
-7.9272,-1.93212,-5.21457,0.152137,-0.0975631,0.0451355,10.5012,55.7613,-39.5941,31430738
-7.94875,-1.98958,-4.95121,0.199168,-0.0132278,0.0371417,10.5012,55.7613,-39.5941,31492511
-7.83861,-2.17872,-5.35822,0.312814,-0.0917009,0.0464678,11.4064,54.4857,-38.7182,31561207
-7.65187,-2.22661,-5.2002,0.303887,-0.135534,0.0791095,11.4064,54.4857,-38.7182,31624736
-7.55131,-2.50912,-5.04698,0.112434,-0.32792,0.0767113,12.8549,55.5791,-38.0174,31685928
-7.37174,-2.26013,-5.09965,0.0749962,-0.535227,0.127472,12.8549,55.5791,-38.0174,31743767
-7.29274,-2.09732,-4.8291,-0.0636974,-0.751195,0.222733,10.8633,56.8547,-36.0902,31803724
-6.88812,-1.78607,-4.31914,-0.178276,-1.14396,0.398998,10.8633,56.8547,-36.0902,31862348
-6.24408,-1.81959,-2.96642,-0.192399,-1.46425,0.399264,10.6822,58.4947,-31.0096,31934758
-6.11,-1.02951,-0.775721,-0.601951,-1.185,0.346638,10.6822,58.4947,-31.0096,31994395
-7.44118,-0.301669,0.0622492,-0.359071,-1.27453,0.224998,6.15586,61.2281,-20.3226,32057350
-8.2552,-0.071826,-0.0071826,0.440716,-1.15888,0.232325,6.15586,61.2281,-20.3226,32116108
-9.06923,-0.505176,0.263362,-0.0750221,-0.772379,0.374083,5.06953,62.6859,-14.0156,32178001
-8.49941,-1.06542,0.423774,0.503867,-0.662596,0.176635,5.06953,62.6859,-14.0156,32248025
-10.137,-0.593762,1.61369,0.393552,-0.238921,0.0300804,4.34531,60.8637,-8.75976,32313093
-10.3382,-0.169988,1.42455,0.22688,-0.272096,-0.0765046,4.34531,60.8637,-8.75976,32374460
-13.2878,-1.08218,3.28724,0.879179,-0.0511986,-0.130863,3.80215,62.1392,-7.5334,32433244
-12.706,-1.23541,3.10528,1.23677,0.433896,-0.159108,3.80215,62.1392,-7.5334,32493201
-12.0596,-2.05662,2.42772,0.144943,0.536484,-0.102884,5.06953,62.3215,-8.75976,32551549
-12.56,-1.60651,0.622492,-1.37869,0.589243,-0.0951569,5.06953,62.3215,-8.75976,32623044
-11.4563,-0.505176,-3.56497,-0.0302564,1.36598,-0.131263,5.06953,61.2281,-12.9645,32681935
-9.29668,-1.44131,-1.5706,-0.29472,0.763643,-0.0229456,5.06953,61.2281,-12.9645,32740510
-8.74602,-0.794875,-2.40378,0.0546119,1.00199,0.0130268,4.70742,59.0414,-19.2715,32798067
-8.20493,-0.825999,-3.35188,0.338927,1.03797,-0.161906,4.70742,59.0414,-19.2715,32858620
-8.03254,-1.20189,-4.53222,0.0170407,0.508239,-0.131263,4.52637,58.4947,-26.1041,32916445
-8.46829,-1.70228,-4.0869,0.100177,0.443355,-0.0669119,4.52637,58.4947,-26.1041,32990679
-8.36294,-1.39103,-4.3359,-0.637258,0.287075,-0.0518568,5.61269,58.4947,-27.856,33048056
-8.88967,-0.981623,-4.36942,0.100044,0.282812,-0.0229456,5.61269,58.4947,-27.856,33108003
-9.16979,-1.36709,-4.03423,0.0925827,0.285343,0.114416,4.34531,58.6769,-28.0312,33169322
-8.01818,-1.06781,-4.39096,-0.106731,0.276284,0.174503,4.34531,58.6769,-28.0312,33226704
-8.69813,-1.52032,-4.28562,0.518656,0.131861,0.0288813,3.9832,57.5836,-30.484,33288341
-8.70292,-1.51074,-4.28801,-0.282463,0.371011,-0.106748,3.9832,57.5836,-30.484,33359602
-8.46589,-0.878672,-4.61841,0.251661,-0.163779,0.0643208,3.62109,56.1258,-32.9367,33417241
-8.3414,-1.4868,-3.83072,-0.069826,-0.0109628,0.071915,3.62109,56.1258,-32.9367,33480622
-8.56884,-1.20668,-4.20182,0.0903178,0.014884,-2.9847e-05,3.25898,57.2191,-31.8855,33538529
-8.86812,-1.32878,-4.26886,0.104174,-0.0264176,0.0358093,3.25898,57.2191,-31.8855,33596067
-8.59518,-1.30005,-4.20422,-0.0545045,0.0251428,0.0380743,5.06953,57.2191,-31.1848,33671694
-8.53054,-1.20428,-3.90734,0.060474,-0.104358,0.0579257,5.06953,57.2191,-31.1848,33730271
-8.69334,-1.29047,-3.97437,0.0932489,-0.112219,0.0611233,4.16426,57.0369,-30.3088,33787782
-8.95431,-1.32878,-3.6751,0.0440866,-0.0549291,0.061523,4.16426,57.0369,-30.3088,33846364
-8.80108,-1.14203,-3.90255,0.150805,-0.116482,0.0591248,3.9832,57.948,-30.1336,33907628
-8.7508,-1.24738,-4.02705,0.0836563,-0.0936994,0.0581922,3.9832,57.948,-30.1336,33965360
-8.58321,-1.07021,-4.07014,0.10444,-0.156052,0.0476669,3.44004,57.7658,-28.5568,34040530
-8.41562,-1.09894,-4.34308,0.275509,-0.26237,0.0645873,3.44004,57.7658,-28.5568,34098174
-8.22647,-1.4054,-4.16352,0.216887,-0.468079,0.101226,4.34531,59.0414,-29.0824,34158018
-8.25999,-1.42694,-3.88339,0.161197,-0.577462,0.176635,4.34531,59.0414,-29.0824,34219091
-8.27675,-1.31681,-3.87142,0.241535,-0.867373,0.244583,5.61269,59.2236,-27.5057,34276907
-8.27436,-1.10851,-2.92811,0.227679,-1.01006,0.306402,5.61269,59.2236,-27.5057,34334326
-8.8346,-0.921767,-2.69587,0.353716,-1.10772,0.283353,3.80215,60.317,-19.7971,34408849
-8.72926,-0.943315,-1.83396,0.19677,-1.18007,0.341975,3.80215,60.317,-19.7971,34466588
-9.44273,-0.794875,-0.0502782,0.0265001,-1.06216,0.276825,3.25898,60.8637,-11.9133,34526951
-11.9111,-0.656011,0.866701,0.540639,-0.958636,0.245116,3.25898,60.8637,-11.9133,34589943
-13.9965,-0.31364,2.99754,0.305886,-0.415852,0.252044,2.71582,59.5881,-5.78144,34649207
-13.1657,-0.323217,4.58489,0.591667,0.767107,0.301472,2.71582,59.5881,-5.78144,34710946
-11.6071,-0.43335,3.32315,0.380895,0.114141,-0.00868988,0.724219,59.4058,-7.70859,34784421
-11.8465,0.0430956,3.81157,-0.634993,0.341034,0.0533959,0.724219,59.4058,-7.70859,34845454
-11.7029,0.378284,1.53708,-1.09291,0.0552531,-0.06065,0.724219,59.4058,-7.70859,34906881
-10.5967,0.263362,1.53468,-2.08055,-0.155652,-0.117806,0.724219,59.4058,-7.70859,34964296
-9.00219,0.160411,2.32238,-1.93906,0.482792,0.0107619,0.724219,60.8637,-4.90547,35025219
-8.54012,0.979228,0.505176,1.90226,0.900871,-0.225324,0.724219,60.8637,-4.90547,35097791
-8.10916,-0.514753,0.986411,0.972042,1.37104,-0.220661,1.81055,61.2281,-8.40937,35155988
-7.69017,-0.440533,-1.00796,-0.202924,0.898606,-0.375875,3.44004,60.6814,-16.2932,35214294
-7.56328,-0.43335,-0.59855,0.283103,1.49508,-0.290873,3.44004,60.6814,-16.2932,35272120
-7.28316,-0.749385,-1.76692,0.36131,1.30163,-0.352027,3.44004,60.6814,-16.2932,35331991
-6.86896,-1.11091,-2.37505,-0.139906,1.07767,-0.332975,5.61269,60.6814,-25.0529,35390045
-7.44118,-1.29047,-3.10528,0.496407,1.01372,-0.242377,9.23379,58.1303,-31.36,35462421
-7.46272,-1.94409,-3.89536,-0.282063,0.970551,-0.281414,9.23379,58.1303,-31.36,35523662
-6.9767,-1.59693,-4.33829,0.055278,0.680773,-0.210135,9.23379,58.1303,-31.36,35581039
-6.98867,-1.85311,-4.50828,0.107904,0.35862,-0.185088,11.0443,57.7658,-35.915,35641736
-8.19296,-2.20266,-5.26724,0.0203714,0.417642,-0.155777,11.0443,57.7658,-35.915,35702619
-7.73806,-2.19309,-5.30076,-0.0707587,0.253368,-0.0918261,11.4064,56.6724,-38.3678,35760259
-7.46751,-2.25534,-5.31513,-0.0748889,0.153844,-0.0626485,12.3117,53.2101,-39.9445,35834407
-7.75003,-2.00873,-5.12838,0.137881,0.048858,0.00210185,12.3117,53.2101,-39.9445,35892899
-7.89129,-2.13084,-5.21936,-0.00267756,0.00382583,0.0479334,12.3117,53.2101,-39.9445,35950674
-7.75721,-2.08774,-5.25767,0.21822,-0.0338786,0.0549946,12.1307,54.4857,-39.4189,36009004
-7.88889,-2.23379,-5.10922,0.0520805,-0.0448035,0.0408721,12.1307,54.4857,-39.4189,36067504
-8.02536,-2.20985,-5.12838,0.247264,-0.0643885,0.0864372,12.3117,55.0324,-38.543,36140457
-7.89129,-2.29843,-5.01825,0.103108,-0.0802431,0.0637879,12.4928,55.2146,-38.3678,36203339
-7.98705,-2.33435,-4.9943,0.0883193,-0.137399,0.075379,12.4928,55.2146,-38.3678,36261089
-8.11634,-2.26013,-4.86502,0.089252,-0.111419,0.0749793,12.4928,55.2146,-38.3678,36318374
-8.10677,-2.23618,-4.66151,0.0856547,-0.0932997,0.0543285,11.5875,55.7613,-37.1414,36376852
-8.06846,-2.24337,-4.83629,0.0548783,-0.138465,0.0455352,11.5875,55.7613,-37.1414,36438203
-8.18577,-2.26731,-4.70939,0.0278324,-0.122344,0.0508645,13.217,56.6724,-35.5646,36509756
-7.89368,-2.229,-4.64714,-0.00494251,-0.252511,0.087503,13.217,56.6724,-35.5646,36572196
-8.09479,-2.09493,-4.48913,-0.00534219,-0.358963,0.138264,11.7686,56.308,-34.1631,36630014
-8.03254,-2.0638,-4.2114,-0.0513069,-0.475407,0.199151,11.7686,56.308,-34.1631,36687640
-7.68778,-1.87227,-3.98634,-0.12152,-0.662863,0.244583,11.5875,56.4902,-32.9367,36749377
-6.9791,-1.80762,-3.03824,-0.067428,-0.977688,0.348236,11.5875,56.4902,-32.9367,36810998
-8.93276,-1.42934,-2.59053,-0.143636,-0.891088,0.284419,9.05273,59.0414,-29.4328,36879714
-7.83622,-1.03429,-1.88184,-0.425687,-0.84459,0.332115,9.05273,59.0414,-29.4328,36938026
-7.78594,-0.864306,-1.42455,0.0917833,-1.14929,0.331183,7.6043,60.4992,-22.0746,36996419
-7.60877,-0.579397,-0.806846,-0.0820834,-0.987281,0.258305,7.6043,60.4992,-22.0746,37054208
-7.37893,-0.488417,-0.244209,0.0061157,-0.935854,0.181031,6.51797,62.3215,-14.7164,37112644
-7.83143,-0.203507,0.593762,0.232742,-1.02312,-0.01282,6.51797,62.3215,-14.7164,37177967
-9.14824,-0.373495,1.01993,0.457103,-0.613567,-0.00482617,3.62109,62.3215,-7.70859,37249376
-8.82263,-0.260968,1.03669,0.428725,-0.832333,0.0287481,3.62109,62.3215,-7.70859,37311208
-10.805,-0.744596,3.34949,0.560624,-0.131004,0.36569,4.16426,61.4103,-4.02949,37370088
-9.69412,-1.26893,2.44927,2.00538,0.344231,0.113483,4.16426,61.4103,-4.02949,37428374
-11.4586,-0.699107,2.7677,1.41224,0.218461,-0.366682,3.62109,60.4992,-3.50391,37493355
-12.9478,-0.766144,4.20422,-1.61264,0.641603,-0.232652,3.62109,60.4992,-3.50391,37562172
-12.7012,-0.095768,2.86107,-2.15569,0.903536,0.0989609,4.52637,62.5037,-7.88379,37623764
-12.0931,-0.323217,1.6927,-0.913845,0.525293,0.177834,2.35371,62.8682,-11.7381,37685328
-10.9439,-0.687136,-0.241814,1.57585,-0.328986,-0.109146,2.35371,62.8682,-11.7381,37742772
-9.79228,-1.17795,-5.46117,-0.0976714,1.36318,-0.240779,2.35371,62.8682,-11.7381,37803101
-8.67898,-1.54426,-0.804451,-0.676161,1.04743,-0.0414647,2.35371,62.8682,-11.7381,37864068
-8.2169,-0.517147,-4.34069,-0.518548,0.982276,-0.0916929,3.44004,59.5881,-21.549,37934374
-8.06128,-0.924162,-3.98874,0.0511478,0.577919,-0.223192,3.44004,59.5881,-21.549,37991652
-8.3797,-0.890643,-3.18668,-0.191333,0.878888,-0.409183,3.44004,59.5881,-21.549,38049186
-8.51617,-1.42694,-4.43645,-0.115524,0.767107,-0.426636,3.44004,59.5881,-21.549,38110520
-8.63588,-1.45089,-4.71179,-0.849228,0.254966,0.0573928,3.44004,59.5881,-21.549,38171348
-8.15704,-0.610521,-3.50511,-0.376125,0.599636,0.0585919,4.70742,57.2191,-30.484,38229200
-8.58321,-0.565031,-5.55933,0.27391,0.226055,-0.092892,4.70742,54.3035,-32.2359,38300774
-8.19535,-1.35512,-4.04859,-0.60395,0.655593,-0.0108216,4.70742,54.3035,-32.2359,38358386
-8.51857,-0.378284,-5.23133,0.219152,0.2551,-0.0409318,4.70742,54.3035,-32.2359,38415856
-8.41083,-1.38385,-4.56574,0.136949,0.477862,-0.00829019,3.62109,55.7613,-33.9879,38479135
-8.45153,-1.08697,-5.91368,-0.0742227,0.348228,-0.0234785,3.62109,55.7613,-33.9879,38540140
-8.18098,-1.16119,-5.7389,0.16133,0.575921,0.0132933,2.89687,52.8457,-35.039,38611130
-6.70616,-1.10133,-5.99987,0.145076,0.278415,-0.00855665,3.25898,53.939,-37.8422,38673050
-7.21133,-1.07739,-5.97832,0.224748,0.229919,0.0747128,3.25898,53.939,-37.8422,38730791
-7.30231,-1.47483,-6.58645,0.16999,0.0128855,0.048866,3.25898,53.939,-37.8422,38788470
-7.75242,-1.4054,-5.99029,0.0105123,0.161838,0.0620559,3.25898,53.939,-37.8422,38846772
-7.58722,-1.26174,-6.08845,-0.0718245,-0.055995,0.0749793,3.25898,53.939,-37.8422,38908524
-7.44357,-1.18752,-5.52103,0.0418217,-0.0309475,0.0492657,2.89687,52.1168,-39.2437,38977124
-7.93199,-1.16119,-5.65031,0.0612734,-0.0132278,0.0291478,3.44004,54.1213,-39.4189,39035887
-7.90565,-1.14922,-5.83227,0.0753959,-0.0384085,0.0374081,3.44004,54.1213,-39.4189,39094248
-7.4316,-1.22823,-6.07169,0.00171906,-0.0699843,0.0668522,3.44004,54.1213,-39.4189,39152308
-7.34301,-1.25696,-6.55053,0.122293,-0.372952,0.0390069,2.71582,52.6635,-39.0685,39217271
-7.10359,-1.29047,-5.87776,-0.191866,-0.354166,0.0744464,2.71582,52.6635,-39.0685,39275062
-7.37893,-0.940921,-6.27041,0.0690008,-0.683114,0.0717818,2.35371,53.3924,-35.5646,39346751
-8.04691,-1.09894,-5.59285,0.0169074,-0.728679,0.0920329,2.35371,53.3924,-35.5646,39408069
-7.63032,-0.833182,-5.4899,0.0550115,-0.939984,0.130537,2.35371,53.3924,-35.5646,39465714
-7.43399,-0.931344,-4.85544,0.251261,-1.28039,0.0964295,2.35371,53.3924,-35.5646,39522891
-8.06128,-0.967257,-3.77087,0.0546119,-1.08441,0.11255,3.80215,58.8592,-27.5057,39584423
-9.48104,-0.574608,-3.20344,0.210226,-1.07268,0.0372749,3.80215,58.8592,-27.5057,39655411
-9.75397,-0.529118,-2.00155,-0.0794187,-0.832866,0.0954969,3.25898,60.4992,-19.6219,39714203
-9.87368,-0.457292,-0.612916,0.0167742,-1.13836,0.143593,3.25898,60.4992,-19.6219,39773505
-10.0963,-0.905008,2.24815,0.857063,-0.584123,0.110019,3.80215,61.7748,-13.1396,39835674
-10.1347,-0.969651,1.46525,1.16536,-0.232393,0.0462014,3.80215,61.7748,-13.1396,39897587
-10.5848,-1.50595,1.14443,-0.622736,0.132394,0.0336776,3.44004,60.317,-11.0373,39959628
-10.2687,-0.816422,0.490811,-0.874676,0.776167,0.0644541,2.17266,60.8637,-11.2125,40029882
-9.58638,-0.0885854,-2.09253,0.707978,0.236314,-0.00602525,2.17266,60.8637,-11.2125,40090335
-8.28633,-0.878672,-1.33118,0.376632,-0.19762,0.0797756,3.44004,61.4103,-14.5412,40151828
-8.12592,-1.08457,-0.766144,0.262452,-0.238388,0.176501,3.44004,61.4103,-14.5412,40209368
-8.74602,-0.608127,-1.26414,0.312947,-0.600378,0.249779,1.81055,60.4992,-12.2637,40272373
-7.89129,-1.06781,-0.418985,0.566353,-1.46825,0.293345,1.81055,60.4992,-12.2637,40331005
-9.05008,-0.617704,2.45884,0.148007,-0.837662,0.420581,2.17266,60.1347,-3.8543,40399476
-10.0054,-0.320823,0.397437,0.11803,-0.837662,0.235923,2.17266,60.1347,-3.8543,40458293
-12.1721,-0.198719,1.5275,-0.213449,-0.752661,0.101892,0.905273,58.8592,1.57676,40516142
-13.9462,0.550666,4.80756,-0.482709,0.238179,0.346371,0.905273,58.8592,1.57676,40578658
-13.374,0.414197,5.39413,2.6742,0.621352,0.248846,0.905273,58.8592,1.57676,40636942
-12.797,0.071826,6.47153,2.05228,-0.0647883,-0.269423,-0.724219,59.0414,-2.10234,40694597
-10.999,-0.280121,3.27048,-0.799666,0.391129,0.00636524,0.0,59.7703,-3.8543,40765457
-11.3174,0.402226,1.93691,-2.13997,0.363816,-0.198811,0.0,59.7703,-3.8543,40822632
-10.8146,0.337582,2.99275,-1.28583,1.03996,-0.122336,0.0,59.7703,-3.8543,40879814
-9.33499,0.258574,1.34794,0.302422,0.952165,-0.288209,1.62949,59.5881,-4.02949,40946946
-8.53532,-0.0574608,1.37906,1.12792,1.06035,-0.544679,1.62949,59.5881,-4.02949,41004444
-8.35097,-0.677559,0.794875,0.19597,1.29484,-0.5167,4.16426,61.0459,-11.7381,41064515
-7.35259,-0.842759,-0.373495,-1.09531,1.7325,-0.529757,6.15586,60.8637,-19.6219,41137065
-6.86896,-0.442927,-2.50433,0.420198,1.33454,-0.615957,6.15586,60.8637,-19.6219,41194635
-6.80432,-1.52989,-2.35589,-0.00534219,1.06661,-0.574123,6.15586,60.8637,-19.6219,41257771
-6.38054,-1.08457,-3.25372,-0.218512,1.14162,-0.339103,11.2254,59.4058,-28.732,41318490
-6.05015,-1.42934,-3.43807,0.313746,0.947902,-0.207071,11.2254,59.4058,-28.732,41376346
-7.15627,-1.78847,-4.94163,0.111502,0.819734,-0.20454,13.7602,58.6769,-34.6887,41448839
-7.57286,-2.28646,-5.21696,-0.0321216,0.70622,-0.120604,12.8549,55.2146,-37.3166,41507887
-6.69658,-2.00395,-5.46357,0.0106456,0.617755,-0.0252105,12.8549,55.2146,-37.3166,41565316
-6.73968,-2.17633,-5.67426,0.1131,0.38993,-0.0276087,14.1223,54.3035,-41.3461,41626639
-6.95994,-2.45166,-6.02381,0.105773,0.205005,0.118146,14.1223,54.3035,-41.3461,41688118
-6.90727,-2.53067,-5.79875,0.24007,-0.00416804,0.0885689,14.1223,54.3035,-41.3461,41745726
-7.43639,-2.67911,-5.81791,0.0555445,-0.0970302,0.0474004,14.1223,52.8457,-40.9957,41818715
-7.67341,-2.50673,-5.54018,0.151071,-0.160448,0.0378078,13.217,53.3924,-40.8205,41876333
-7.59919,-2.65996,-5.4899,-0.00254431,-0.170574,0.0600574,13.217,53.3924,-40.8205,41937681
-7.61835,-2.48039,-5.22415,0.1131,-0.191358,0.0608568,14.3033,54.8502,-39.0685,42002199
-7.66144,-2.54025,-5.05176,0.0749962,-0.219336,0.0819073,14.3033,54.8502,-39.0685,42059921
-7.89368,-2.43251,-4.93684,0.0307635,-0.200684,0.084572,12.8549,55.2146,-37.3166,42119785
-7.75961,-2.44209,-5.19542,0.0928492,-0.319393,0.110952,12.8549,55.2146,-37.3166,42190176
-7.7213,-2.42293,-4.64475,0.0197053,-0.348171,0.121743,12.3117,56.1258,-35.3894,42247816
-7.47948,-2.21942,-4.55616,-0.0353192,-0.534162,0.148123,12.3117,56.1258,-35.3894,42309728
-7.62792,-2.15239,-4.2545,-0.0660956,-0.72788,0.181031,12.3117,56.1258,-33.2871,42373036
-7.67581,-1.99676,-3.632,-0.21225,-0.834331,0.198351,12.3117,56.1258,-33.2871,42431380
-7.26161,-1.57778,-2.74615,-0.327495,-0.903478,0.232459,9.77695,59.7703,-29.4328,42493340
-7.8458,-1.22104,-1.69509,0.00758123,-0.82274,0.177434,9.77695,59.7703,-29.4328,42563033
-8.10677,-1.54905,-1.30723,0.119495,-0.718953,0.181298,10.3201,59.9525,-21.8994,42623539
-8.00142,-1.37427,-0.998382,-0.343216,-0.619163,0.106822,10.3201,59.9525,-21.8994,42687619
-8.48265,-1.1564,-1.30484,0.00145262,-0.623693,0.0564602,9.41484,61.2281,-17.5195,42745157
-9.01417,-1.4868,-0.83797,0.173587,-0.686844,0.147457,9.41484,61.2281,-17.5195,42803326
-9.25119,-1.02472,0.0933738,-0.407834,-0.437436,0.110419,7.78535,61.0459,-14.1908,42875643
-9.92157,-0.675165,0.723049,0.201566,-0.346439,0.129604,7.78535,61.0459,-14.1908,42934918
-9.82819,-1.2378,1.17316,1.3347,0.06791,0.0567266,6.88008,61.957,-13.3148,42995184
-10.398,-1.30005,1.31202,1.08449,0.647199,-0.139656,6.88008,61.957,-13.3148,43053426
-10.8218,-1.39821,0.744596,-0.246624,0.704755,-0.0226792,7.24219,60.1347,-16.4684,43111171
-11.0804,-1.35272,1.65679,-0.863218,0.788691,-0.0278752,7.24219,60.1347,-16.4684,43168796
-12.3972,-1.81959,0.627281,-0.775152,1.45218,-0.0280084,8.14746,60.6814,-23.301,43239958
-13.1657,-2.3128,-1.85551,0.23061,1.2927,-0.00775725,8.14746,60.6814,-23.301,43297682
-10.2256,-1.82917,-4.89375,-0.640988,1.09446,-0.105815,5.9748,57.4014,-28.9072,43361715
-7.40766,-1.46286,-4.99909,-0.267941,1.54198,-0.264494,5.9748,57.4014,-28.9072,43419606
-5.59764,-1.43173,-5.33428,-0.535336,1.0385,-0.400922,5.61269,54.4857,-34.8639,43477268
-6.92642,-0.909797,-6.24647,0.545036,0.89834,-0.155777,5.61269,54.4857,-34.8639,43535951
-7.31189,-1.54905,-6.16986,-0.359204,0.746723,0.0961631,3.80215,51.9346,-39.7693,43605788
-7.00543,-1.63045,-6.69658,0.648823,0.570325,-0.0184157,3.80215,51.9346,-39.7693,43666346
-6.46195,-1.92733,-6.75404,-0.236765,0.745657,-0.036402,4.70742,49.2012,-43.098,43724683
-6.40928,-1.74537,-8.30069,0.339727,0.388864,-0.0430635,4.70742,49.2012,-43.098,43783266
-5.86579,-2.24337,-8.08282,-0.0992701,0.524493,-0.0176164,4.70742,49.2012,-43.098,43840945
-5.03261,-1.88184,-8.77714,0.066203,0.0989529,0.047134,3.9832,49.5656,-44.85,43899157
-5.77242,-1.82917,-7.48906,-0.151097,-0.169641,0.0322121,5.06953,48.4723,-45.2004,43968620
-6.68221,-1.32639,-6.39252,0.0398232,0.0451275,0.169973,5.06953,48.4723,-45.2004,44029212
-6.45477,-1.39821,-6.78995,0.323073,-0.0889031,0.0709824,5.06953,48.4723,-45.2004,44092872
-6.69419,-1.76213,-7.16824,0.0406226,0.170898,0.152387,5.06953,48.4723,-45.2004,44151139
-6.71095,-1.68791,-7.39569,0.349586,-0.0310807,0.0848384,5.06953,48.4723,-45.2004,44208648
-7.00304,-2.11168,-7.09881,-0.0374509,0.0902929,0.0130268,5.43164,49.5656,-43.4484,44281810
-6.79235,-1.58736,-7.0174,0.00091967,-0.00256927,0.0476669,4.34531,47.7433,-44.85,44343388
-6.90966,-1.61609,-6.3183,-0.0391829,-0.0308143,0.0468675,4.34531,47.7433,-44.85,44403646
-6.92163,-1.64482,-6.47392,-0.0033437,0.0176819,0.037941,4.16426,46.8322,-44.6748,44465192
-6.94318,-1.66876,-6.56729,-0.0170665,0.0791014,0.0128936,4.16426,46.8322,-44.6748,44522651
-6.83066,-1.62327,-6.90248,-0.0803513,0.0561857,-0.0032274,4.16426,46.8322,-44.6748,44580206
-6.74207,-1.4461,-7.00783,0.00971293,0.0517891,0.0106286,4.34531,47.7433,-43.7988,44651716
-6.58166,-1.35512,-6.8115,-0.0978046,0.0256757,0.0191554,4.52637,46.8322,-43.2732,44712122
-6.58405,-1.29766,-7.00543,0.0138431,-0.064655,0.0376746,4.52637,46.8322,-43.2732,44772678
-6.53617,-1.24977,-7.1826,0.0142428,-0.188826,0.0466011,2.71582,48.6545,-42.5725,44832985
-6.24408,-1.24259,-7.44836,-0.0117373,-0.368422,0.102825,2.71582,48.6545,-42.5725,44891388
-6.31111,-1.45807,-7.27598,0.209693,-0.505384,0.013693,2.71582,48.6545,-42.5725,44953513
-6.78517,-1.25935,-6.87375,0.0999105,-0.624892,0.0992274,2.71582,48.6545,-42.5725,45023547
-7.49864,-1.44131,-6.22492,0.0418217,-0.678185,0.115482,3.62109,53.2101,-39.2437,45084517
-7.42442,-1.20189,-5.92086,0.205962,-0.711092,0.0605903,3.62109,53.2101,-39.2437,45142890
-7.86256,-1.38385,-5.54976,0.297626,-0.793296,0.0259502,4.88848,55.5791,-35.2143,45202310
-7.86256,-1.47004,-5.22415,0.124159,-0.738405,0.101226,4.88848,55.5791,-35.2143,45261649
-7.81707,-1.30245,-4.6256,0.334797,-0.939051,0.11375,4.88848,55.5791,-35.2143,45336181
-8.22408,-1.56102,-4.21379,0.458702,-1.02432,0.151188,6.69902,58.1303,-31.0096,45398617
-7.86974,-1.42455,-3.58173,0.197569,-1.10146,0.131603,6.51797,59.7703,-24.5273,45459290
-8.49702,-1.36948,-2.58334,0.465364,-1.33781,0.159581,6.51797,59.7703,-24.5273,45520509
-8.82024,-1.56581,-2.22661,0.28257,-1.25401,0.237655,5.61269,59.9525,-16.6435,45578498
-8.57124,-1.59693,-1.4868,0.111901,-1.5334,0.328918,5.61269,59.9525,-16.6435,45635960
-9.1674,-1.16837,0.162806,0.23141,-1.76202,0.391403,5.43164,60.8637,-6.30703,45706306
-10.2304,-1.1971,2.28407,0.908224,-1.25134,0.337844,5.43164,60.8637,-6.30703,45766825
-10.7188,-0.835576,2.21464,0.698651,-0.886025,0.201016,4.70742,58.3125,-1.40156,45825879
-12.2128,-0.775721,3.23217,0.337328,-0.972892,0.395,4.70742,58.3125,-1.40156,45883952
-10.8026,-0.0287304,6.90727,-0.174546,0.506107,0.674653,2.53477,58.6769,3.15351,45941576
-10.9822,0.047884,7.24964,1.49018,-0.0639888,0.16531,2.53477,58.6769,3.15351,46002708
-11.6215,-0.521936,5.71735,0.0988446,0.438293,-0.0575857,0.0,59.0414,1.75195,46074160
-11.497,0.23942,4.10366,-1.08771,0.425902,-0.0462611,0.0,59.0414,1.75195,46132568
-11.0109,0.383072,3.98634,-0.74211,1.02078,0.0495321,1.44844,58.3125,1.75195,46193774
-10.3884,0.457292,2.92811,-0.314039,0.955096,-0.154045,1.44844,58.3125,1.75195,46251243
-9.17458,0.162806,2.54743,0.171189,0.812406,-0.289541,2.17266,59.7703,-4.20469,46312789
-8.4635,-0.26815,2.34871,0.874783,0.904602,-0.419442,2.17266,59.7703,-4.20469,46370495
-8.32703,-0.490811,0.897825,0.556893,0.524893,-0.528025,4.88848,61.7748,-9.98613,46444831
-8.32463,-0.514753,0.110133,-1.88377,-0.0706504,-0.498448,4.88848,61.7748,-9.98613,46505910
-7.93678,-0.426168,1.82199,-1.671,2.18162,-0.134727,8.69062,63.7793,-11.5629,46563696
-8.28154,-0.191536,-1.33596,0.708777,1.28271,-0.0862304,8.69062,63.7793,-11.5629,46621025
-8.06846,-0.931344,-1.25217,2.25466,0.945238,-0.399723,10.6822,62.8682,-20.1475,46679420
-6.32308,-2.39181,-0.557849,0.209027,1.67974,-0.394661,10.6822,62.8682,-20.1475,46738046
-6.40209,-1.50116,-3.05739,-1.03735,0.866764,-0.317919,11.0443,59.9525,-30.3088,46809588
-7.32386,-1.74777,-4.01268,1.08995,0.729802,-0.19548,11.0443,59.9525,-30.3088,46867760
-7.39808,-3.23696,-4.65433,-0.268074,0.596571,-0.199211,13.5791,58.4947,-34.8639,46926331
-7.78834,-2.50194,-5.01585,-0.148566,0.381803,-0.149915,13.5791,58.4947,-34.8639,46983790
-7.62074,-2.75572,-4.87699,0.153336,0.295469,-0.10808,13.5791,58.4947,-34.8639,47045749
-7.5968,-2.38462,-4.8291,-0.175478,0.167833,-0.12993,14.4844,57.5836,-35.7398,47118146
-7.57765,-2.86586,-5.31991,0.0415552,-0.0761129,-0.0356026,13.7602,55.3969,-35.3894,47178843
-9.29908,-2.67672,-3.05739,0.121094,0.229386,0.00423354,13.7602,55.3969,-35.3894,47240096
-7.19457,-3.07176,-6.11958,0.2434,0.0216788,0.135733,15.7518,56.6724,-37.3166,47297860
-7.66623,-3.11486,-4.13,-0.147766,-0.0899689,-0.13939,15.7518,56.6724,-37.3166,47355749
-8.5473,-2.3128,-5.37737,-0.0323881,-0.00789851,0.0394066,15.7518,56.6724,-37.3166,47414666
-7.4723,-2.78924,-4.22098,0.0700667,-0.0120287,0.123475,14.6654,57.0369,-37.3166,47488248
-8.53532,-2.42293,-4.47237,0.000786453,-0.181232,0.0624556,14.1223,56.4902,-34.3383,47545928
-7.87453,-2.54025,-5.04219,0.136815,-0.114883,0.187959,14.1223,56.4902,-34.3383,47604346
-7.65426,-2.63362,-4.02705,-0.133511,-0.347105,0.160913,14.1223,56.4902,-34.3383,47663897
-8.08761,-2.44687,-4.53462,0.387423,-0.483267,0.174103,14.1223,56.4902,-34.3383,47722627
-7.99663,-2.54982,-3.65355,-0.222109,-0.478604,0.158382,14.1223,56.4902,-34.3383,47788455
-8.0517,-2.0231,-3.39737,0.106838,-0.858313,0.306002,14.4844,58.3125,-32.2359,47889162
-7.41005,-2.04225,-2.35829,0.113234,-0.980619,0.285085,13.398,59.7703,-27.6809,47951217
-7.34301,-1.79086,-2.22421,-0.129647,-0.996074,0.317327,13.398,59.7703,-27.6809,48008985
-6.91206,-1.4054,-1.30005,-0.0991369,-1.24615,0.269097,10.6822,62.1392,-19.7971,48066360
-7.48667,-1.21147,-0.258574,0.504667,-1.2696,0.343573,10.6822,62.1392,-19.7971,48128031
-8.339,-0.737414,0.225055,0.299358,-1.20591,0.333048,8.87168,62.5037,-11.7381,48186597
-8.77953,-0.775721,0.596156,0.211825,-1.31556,0.344373,8.87168,62.5037,-11.7381,48255468
-8.89685,-0.857124,2.20027,0.99669,-1.07601,0.245116,6.33691,62.1392,-2.27754,48313876
-9.91917,-0.960075,3.36625,0.86479,-0.442632,0.175302,6.33691,62.1392,-2.27754,48372899
-9.74679,-0.912191,2.52349,-0.174146,-0.330052,0.102958,5.25058,62.1392,0.875976,48435218
-9.84016,-1.08457,3.73974,-0.591027,0.0302056,-0.140456,5.25058,62.1392,0.875976,48493140
-11.0852,-1.41258,4.54419,-1.61051,0.790289,-0.0222795,5.25058,58.4947,-0.175195,48562625
-12.0883,-1.45567,5.57131,0.254059,0.813738,-0.0825,5.25058,58.4947,-0.175195,48624229
-11.4658,-0.476446,4.26647,0.772328,0.67238,-0.138857,8.50957,59.5881,-4.02949,48682119
-12.0764,-1.53229,3.5099,0.354116,0.837853,0.167708,8.50957,59.5881,-4.02949,48739559
-11.4993,-1.2402,1.15879,0.067402,-0.216006,0.248846,5.79375,60.8637,-9.11015,48801013
-10.7452,-2.17393,3.85227,-1.4096,2.17669,-0.0462611,5.79375,60.8637,-9.11015,48859817
-9.68215,1.25217,-2.50673,-2.36793,2.36108,0.0138262,3.9832,61.5926,-14.366,48929371
-8.15465,-0.483629,-3.64158,0.973108,0.453215,0.0733805,3.9832,61.5926,-14.366,48991558
-8.30788,-1.62327,-1.92733,0.0691341,1.01505,-0.0968889,3.62109,59.4058,-22.7754,49048919
-8.3797,-1.09654,-3.77326,-0.987389,1.10671,-0.14312,3.62109,59.4058,-22.7754,49109546
-8.91361,-0.469263,-3.48835,0.0692673,1.07767,-0.062382,2.89687,57.2191,-27.3305,49168264
-8.77235,-0.785298,-4.54419,0.00518307,0.930049,0.075379,2.89687,57.2191,-27.3305,49229516
-8.2169,-0.596156,-5.1619,0.350252,0.931648,0.0418047,3.80215,57.4014,-33.1119,49298349
-7.62792,-1.33118,-5.92086,0.25246,0.986939,-0.0754387,3.80215,57.4014,-33.1119,49359911
-7.00783,-1.12767,-5.72214,-0.137507,0.939242,-0.114209,1.44844,51.7523,-38.543,49418083
-7.21852,-0.924162,-7.52497,0.338394,0.523827,-0.0927588,1.44844,51.7523,-38.543,49478824
-7.24964,-1.39103,-6.73249,0.0559442,0.753651,-0.0326715,2.71582,50.4767,-40.1197,49540618
-5.99269,-0.85473,-8.20014,0.118829,0.458677,-0.0517235,2.71582,50.4767,-40.1197,49598085
-6.35181,-1.22104,-7.14669,0.0495491,0.230452,0.0247511,2.17266,47.7433,-42.0469,49666774
-5.94001,-1.40779,-7.53455,0.0174404,-0.0153595,0.0537955,2.17266,47.7433,-42.0469,49725079
-6.39252,-1.43891,-6.99825,0.069667,-0.150056,0.102958,3.62109,47.7433,-43.4484,49786800
-7.14908,-1.31202,-6.01902,0.0847221,-0.164312,0.0784433,3.62109,47.7433,-43.4484,49844124
-7.69496,-1.4054,-5.84664,0.103508,-0.0881037,0.0567266,2.35371,49.0189,-41.1709,49906088
-7.513,-1.41497,-6.10282,0.0743301,-0.0420057,0.0735138,2.35371,49.0189,-41.1709,49975587
-7.35259,-1.4054,-6.16746,0.0265001,0.00875538,0.050598,3.07793,49.3834,-42.2221,50037475
-7.27119,-1.38624,-6.38773,0.0578094,0.0326038,0.036209,3.07793,49.3834,-42.2221,50098580
-7.24246,-1.25217,-6.60799,-0.00134525,0.0360678,0.03501,1.9916,49.7478,-41.5213,50159513
-7.17781,-1.27372,-6.3973,0.0527466,0.0359345,0.0515306,1.9916,49.7478,-41.5213,50220347
-7.0174,-1.18513,-6.44998,0.0283653,0.0511229,0.057526,2.71582,49.3834,-41.5213,50279767
-7.22091,-1.29047,-6.53378,0.115499,-0.0605248,0.0415383,2.71582,49.3834,-41.5213,50349745
-6.88333,-1.1157,-6.16986,-0.108197,-0.0787775,0.146391,3.9832,50.659,-40.6453,50414180
-6.95994,-1.14922,-7.13951,0.102442,-0.456355,0.113483,3.9832,50.659,-40.6453,50476239
-7.34541,-1.21147,-5.92565,-0.182806,-0.112085,0.0280819,1.81055,50.659,-39.9445,50534810
-7.01022,-0.905008,-6.34703,0.0931157,-0.460218,0.0659196,1.81055,50.659,-39.9445,50596934
-7.66384,-1.10612,-5.35822,0.0999105,-0.39267,0.0700498,3.9832,52.1168,-39.5941,50654715
-8.03254,-0.991199,-6.04296,0.0995108,-0.409191,0.0565934,3.9832,52.1168,-39.5941,50723268
-7.94875,-0.986411,-5.40132,0.192773,-0.396534,0.0548614,2.71582,53.0279,-36.9662,50781895
-8.06367,-1.13485,-5.3678,0.34812,-0.431174,0.0319456,2.71582,53.0279,-36.9662,50843469
-8.01339,-1.17076,-5.18105,0.166659,-0.524835,0.0612565,4.16426,56.308,-33.8127,50901160
-8.1738,-1.24738,-5.10683,0.240869,-0.611569,0.127872,4.16426,56.308,-33.8127,50959501
-7.90565,-1.29287,-4.59926,0.124558,-0.651538,0.176635,3.80215,55.9435,-30.6592,51018407
-8.09958,-1.08936,-4.05338,0.281771,-0.843924,0.107488,3.80215,55.9435,-30.6592,51088491
-8.71968,-1.17795,-3.7565,0.294428,-0.784103,0.16984,4.16426,59.2236,-27.5057,51149385
-8.65025,-1.10851,-3.45962,0.230877,-0.985549,0.211275,4.16426,59.2236,-27.5057,51207615
-8.51378,-0.92895,-2.69587,0.358512,-1.007,0.304004,3.25898,59.4058,-21.3738,51268536
-8.86573,-0.876277,-2.21224,0.349985,-1.10772,0.322256,3.25898,59.4058,-21.3738,51326244
-8.98304,-0.790086,-1.55623,0.138681,-1.14556,0.338377,3.25898,59.0414,-16.118,51397251
-9.83538,-0.802057,-0.658405,0.435387,-1.43054,0.249912,3.25898,59.0414,-16.118,51459780
-10.3046,-0.639252,1.45089,0.417933,-1.05536,0.19089,1.44844,60.4992,-7.70859,51520694
-11.2647,-0.591368,1.90578,0.445512,-0.960235,0.191157,1.44844,60.4992,-7.70859,51578738
-10.9247,0.749385,4.50589,-0.747839,-0.268099,0.474939,1.81055,59.0414,-0.700781,51637987
-12.8593,0.770933,6.2345,1.43542,0.378738,0.240852,1.81055,59.0414,-0.700781,51696556
-12.0907,0.263362,4.28562,1.04265,-0.129405,-0.130063,-0.543164,59.5881,-0.175195,51766169
-12.481,0.325611,4.74291,-1.05494,0.370478,-0.0298736,-0.543164,59.5881,-0.175195,51828376
-11.6981,0.608127,2.8491,-1.39508,0.44189,0.0480666,-0.543164,59.2236,-2.62793,51889268
-10.1203,0.292093,2.65996,-0.385717,0.688234,-0.0214801,-0.543164,59.2236,-2.62793,51947773
-9.30386,0.0622492,1.90818,0.80497,0.94124,-0.297935,0.0,60.8637,-3.8543,52006298
-9.09796,-0.0502782,0.969651,0.545435,0.610294,-0.444356,0.0,60.8637,-3.8543,52067323
-8.60236,-0.102951,1.14203,-0.742244,0.583115,-0.329511,2.71582,61.4103,-8.58457,52136075
-8.73644,0.162806,0.605733,-0.0726239,1.18052,-0.214665,2.71582,61.4103,-8.58457,52201902
-8.35815,-0.311246,-0.129287,1.44475,1.23115,-0.524428,5.43164,63.4148,-14.7164,52260485
-7.90805,-1.37906,0.0694318,0.678667,1.42127,-0.511105,5.43164,63.4148,-14.7164,52318629
-7.24246,-1.30005,-1.44849,-1.21681,1.27272,-0.487523,9.958,62.1392,-22.6002,52380363
-7.08444,-1.42694,-2.05901,-0.123119,1.14242,-0.359221,9.958,62.1392,-22.6002,52438192
-7.60638,-2.03747,-3.29203,0.0169074,0.97295,-0.325247,11.7686,59.5881,-30.3088,52506673
-7.72609,-2.01352,-3.39258,-0.429683,0.993334,-0.245042,11.7686,59.5881,-30.3088,52568302
-7.27119,-1.9393,-4.57292,-0.00720742,0.718211,-0.236382,13.0359,56.8547,-35.039,52626823
-6.936,-2.01113,-4.60405,-0.133644,0.540747,-0.221726,13.0359,56.8547,-35.039,52684585
-7.19936,-2.21703,-5.32231,0.11763,0.275084,-0.187886,12.3117,55.7613,-39.5941,52743255
-7.64468,-2.54743,-5.2433,-0.186536,0.209135,-0.109279,12.3117,55.7613,-39.5941,52805251
-7.44357,-2.35589,-5.18823,-0.0101385,-0.00976375,-0.000829235,11.9496,54.668,-38.543,52876799
-7.67102,-2.27449,-5.07331,0.0779273,-0.0534636,0.0565934,11.9496,54.668,-38.543,52943228
-8.02057,-2.23618,-5.16429,0.0941815,-0.0621236,0.0936317,13.0359,55.0324,-40.2949,53002222
-8.03973,-2.35829,-5.13556,0.12216,-0.0282829,0.082307,13.0359,55.0324,-40.2949,53060046
-7.90565,-2.31998,-4.90572,0.0332949,0.00129444,0.0720482,13.9412,54.4857,-39.0685,53122045
-7.96072,-2.38223,-5.04698,0.0785935,-0.0141604,0.0512642,13.9412,54.4857,-39.0685,53191786
-7.97748,-2.32238,-4.98473,0.0491494,-0.0268173,0.0564602,14.3033,57.4014,-38.3678,53253579
-7.86256,-2.31519,-5.14993,0.0495491,-0.0723824,0.0470008,14.3033,57.4014,-38.3678,53312044
-7.81946,-2.27928,-5.18344,0.0265001,-0.155918,0.0863039,12.4928,55.5791,-37.667,53370465
-7.46751,-2.34871,-4.92487,-0.0718245,-0.313797,0.108287,12.4928,55.5791,-37.667,53428651
-7.7213,-2.33195,-4.73094,-0.0271921,-0.516176,0.122676,11.4064,56.308,-35.5646,53486928
-7.59441,-2.21703,-4.27844,-0.259547,-0.715223,0.166776,11.4064,56.308,-35.5646,53562279
-7.63989,-1.68791,-3.69904,-0.177877,-0.918534,0.185162,10.8633,58.3125,-32.5863,53620222
-7.10599,-1.4461,-2.81797,-0.251287,-1.02472,0.235523,10.8633,58.3125,-32.5863,53679833
-6.88333,-0.998382,-2.21703,-0.219978,-1.14916,0.21807,9.23379,61.0459,-28.5568,53737559
-6.90248,-0.778115,-1.46525,-0.0755551,-1.19459,0.213273,9.23379,61.0459,-28.5568,53796763
-7.21133,-0.905008,-0.624887,0.246998,-1.21737,0.250045,6.88008,63.0504,-17.1691,53854972
-9.26556,-0.52433,0.225055,-0.202524,-0.925728,0.111884,6.88008,63.0504,-17.1691,53927162
-9.10994,-0.560243,-0.222661,0.142278,-0.878697,0.135466,5.9748,62.5037,-11.0373,53985220
-8.82024,-0.708683,0.799663,1.03426,-0.938918,0.165443,5.9748,62.5037,-11.0373,54043572
-9.14585,-1.00796,1.47962,1.31498,-0.721751,0.271362,3.9832,61.957,-5.25586,54100938
-9.35654,-2.10929,2.1069,1.67484,-0.708694,0.0993606,3.9832,61.957,-5.25586,54159237
-10.0413,-1.55384,3.10049,0.13575,-0.0300149,0.0116945,4.70742,61.5926,-3.15351,54232917
-11.4132,-0.627281,2.95684,-1.38495,0.156908,0.0603239,4.70742,61.5926,-3.15351,54291311
-12.1889,-1.03429,4.84586,-0.575039,0.952699,-0.0170834,4.88848,61.4103,-5.08066,54353032
-12.3421,-1.0319,2.83713,0.437252,1.00719,-0.216664,4.88848,61.4103,-5.08066,54410540
-13.374,-1.29287,1.30484,-0.338553,-0.150456,0.0655199,5.43164,60.4992,-9.81094,54467996
-11.4586,-0.758962,3.16513,-1.16898,1.514,-0.114742,5.43164,60.4992,-9.81094,54526284
-10.5058,0.45011,-2.86107,-1.12675,2.19321,-0.0505245,3.80215,62.1392,-15.5924,54598243
-8.40364,-0.311246,-2.48039,0.274044,0.715413,-0.0896944,3.80215,62.1392,-15.5924,54655675
-8.37252,-1.18513,-2.74136,0.178117,1.07301,-0.0447955,4.52637,59.5881,-21.8994,54714238
-8.07564,-1.58496,-4.48673,-0.56811,0.385,-0.158442,4.52637,59.5881,-21.8994,54772732
-8.90643,-0.591368,-3.00472,-1.1406,0.938442,-0.159374,4.16426,57.7658,-25.4033,54830647
-8.55209,-0.476446,-4.27125,0.359578,0.236314,0.0536623,4.16426,57.7658,-25.4033,54892730
-8.86094,-1.33836,-3.00712,-0.318569,0.440691,0.108554,3.62109,57.2191,-28.0312,54964664
-8.73404,-0.258574,-4.70221,-0.370262,0.519564,-0.0567864,3.62109,57.2191,-28.0312,55024873
-8.29351,-0.629675,-4.10605,-0.172947,0.369545,-0.00509262,0.543164,57.7658,-31.36,55086055
-8.66701,-0.723049,-4.18267,0.209693,0.299066,0.0352764,0.543164,57.7658,-31.36,55143730
-8.48026,-0.624887,-4.76925,-0.02546,0.421239,0.120544,0.0,56.1258,-32.2359,55201266
-8.34379,-0.794875,-4.64954,0.160264,0.227521,0.0784433,0.0,56.1258,-32.2359,55259523
-8.32943,-0.806846,-4.5418,-0.0218628,0.447352,0.0653867,0.724219,55.0324,-31.8855,55332486
-8.68856,-0.603339,-5.95198,0.241668,0.285343,0.0450023,0.724219,55.0324,-31.8855,55389905
-8.20732,-0.806846,-5.58088,-0.0109379,0.453614,0.0791095,0.543164,55.2146,-33.8127,55448258
-7.40047,-0.402226,-5.97832,0.206362,0.264692,0.00543264,0.543164,55.2146,-33.8127,55507389
-7.51779,-0.723049,-5.71496,0.14774,0.203406,0.0489992,0.724219,54.3035,-35.3894,55565220
-7.6782,-0.677559,-5.88734,0.157333,0.0715073,0.0295475,0.724219,54.3035,-35.3894,55642933
-7.67102,-0.682347,-5.73411,0.0975123,-0.0117622,0.0817741,0.362109,53.5746,-36.4406,55702240
-7.92002,-0.845153,-5.4899,0.0949809,-0.0356106,0.0815076,0.362109,53.5746,-36.4406,55760847
-7.99663,-0.83797,-5.39413,0.014909,-0.0282829,0.0531294,2.17266,55.0324,-35.7398,55819534
-8.03254,-0.691924,-5.25767,0.0789931,-0.0388081,0.0520635,2.17266,55.0324,-35.7398,55879009
-8.08282,-0.737414,-5.28879,0.0455522,-0.013361,0.0548614,0.543164,52.299,-34.1631,55937655
-8.10197,-0.627281,-5.52103,0.0558109,-0.0393411,0.0551279,0.543164,52.299,-34.1631,56012976
-7.83861,-0.4956,-5.70538,0.0562106,-0.101294,0.0525965,1.62949,53.7568,-34.1631,56070397
-7.78834,-0.610521,-5.43244,0.0931157,-0.177502,0.0354096,1.62949,53.7568,-34.1631,56128055
-7.88171,-0.440533,-5.42765,0.0598079,-0.225199,0.0479334,1.08633,54.668,-34.3383,56193051
-7.8865,-0.466869,-5.29358,0.191574,-0.367889,0.0528629,1.08633,54.668,-34.3383,56250965
-8.19774,-0.464475,-5.31991,0.232076,-0.416785,0.0628553,1.26738,55.2146,-33.4623,56325418
-8.18338,-0.849941,-4.98712,0.29656,-0.590252,0.136532,1.26738,55.2146,-33.4623,56385467
-8.30548,-0.83797,-4.75488,0.310949,-0.685646,0.0817741,2.53477,56.8547,-29.0824,56443342
-8.43956,-0.859518,-4.46758,0.167059,-0.675253,0.0641876,2.53477,56.8547,-29.0824,56502606
-8.92319,-0.634463,-4.35026,0.214622,-0.908808,0.0945643,1.9916,59.2236,-26.1041,56560317
-8.5042,-0.562637,-4.08451,0.697452,-1.20258,0.0936317,1.9916,59.2236,-26.1041,56617877
-8.20971,-1.25217,-2.03268,0.573014,-1.40736,0.176235,3.07793,61.0459,-20.1475,56690645
-8.82502,-0.780509,-1.50356,-0.255417,-0.990878,0.235789,3.07793,61.0459,-20.1475,56748044
-9.2081,-0.536301,-1.99198,0.202632,-1.31276,0.220068,2.71582,61.7748,-11.7381,56806355
-9.91439,-0.667982,-0.306458,0.418999,-1.24735,0.207411,2.71582,61.7748,-11.7381,56864916
-10.6638,-0.505176,0.605733,0.52172,-1.18766,0.116947,1.26738,60.317,-3.6791,56922243
-12.2822,0.0454898,2.2697,0.325737,-1.08934,-0.038134,1.26738,60.317,-3.6791,56983972
-11.2049,-0.713472,5.93522,0.664411,0.587512,0.382743,2.53477,60.1347,0.0,57055877
-12.5983,-0.653617,3.12922,0.929008,0.408049,-0.0238782,2.53477,60.1347,0.0,57116029
-11.7819,-0.61531,5.02782,0.419532,-0.0777116,-0.212267,0.0,60.8637,-3.50391,57176888
-11.4563,-0.14844,4.31914,-1.44291,0.475597,0.18343,0.0,60.8637,-3.50391,57234674
-10.963,0.155623,2.39181,-1.20309,0.179025,0.211008,0.905273,59.2236,-2.62793,57292158
-10.0532,0.11971,2.43011,-0.550657,0.201408,0.128805,0.905273,59.2236,-2.62793,57353841
-9.11712,-0.1652,1.73819,-0.213716,0.331974,0.0541952,0.905273,59.2236,-2.62793,57423945
-8.88727,0.574608,0.493205,-1.27677,0.129463,-0.110212,0.905273,59.2236,-2.62793,57481400
-8.73165,0.35913,1.98719,-0.0972717,1.09379,-0.0569196,1.62949,61.0459,-3.32871,57539893
-8.12831,-0.509965,0.955286,1.16896,1.40289,-0.214399,1.62949,61.0459,-3.32871,57598350
-8.37731,-0.584185,0.373495,0.986697,0.818002,-0.486457,5.06953,63.4148,-12.6141,57659361
-7.95354,-0.349553,0.265756,-0.265942,1.53212,-0.214266,5.06953,63.4148,-12.6141,57721151
-8.06846,-0.337582,-1.17316,0.294961,1.19251,-0.245975,5.79375,60.1347,-21.0234,57790277
-7.4316,-1.075,-1.57299,0.570216,1.28511,-0.290873,5.79375,60.1347,-21.0234,57850850
-7.5154,-1.53947,-3.07415,-0.342683,1.04223,-0.312857,7.06113,59.9525,-28.2064,57911937
-7.72848,-1.17316,-3.47877,0.0703332,0.95936,-0.258365,7.06113,59.9525,-28.2064,57969665
-7.60877,-1.58736,-4.08451,0.0382244,0.62908,-0.185887,9.77695,56.1258,-33.9879,58032746
-7.62074,-1.82438,-4.26886,0.107238,0.497714,-0.116074,9.77695,56.1258,-33.9879,58091305
-8.01579,-2.1069,-4.46279,-0.28686,0.425769,-0.121403,10.3201,58.4947,-35.5646,58162024
-8.07564,-1.86029,-4.91769,-0.0459777,0.311723,-0.0522565,10.3201,58.4947,-35.5646,58220261
-7.89607,-1.57778,-5.19781,-0.0620987,0.181423,0.020621,10.5012,56.4902,-37.4918,58279246
-7.73806,-1.45328,-5.14753,0.116964,0.130928,0.0448691,10.5012,56.4902,-37.4918,58340271
-7.66863,-1.40779,-5.55694,0.207162,0.0435287,0.0296807,9.958,55.5791,-38.3678,58399593
-7.94396,-1.82678,-5.35104,0.489745,-0.0482676,0.032745,9.958,55.5791,-38.3678,58470334
-8.20253,-1.9824,-4.90332,0.071399,0.0752378,0.0713821,11.4064,57.0369,-36.9662,58529896
-8.09479,-2.03747,-5.12598,0.257523,0.0339361,0.0291478,11.4064,57.0369,-36.9662,58592427
-8.00621,-2.09014,-4.76925,0.088719,0.172097,-0.000562772,12.4928,56.308,-37.667,58650234
-8.03973,-2.00873,-5.5737,0.170523,0.0299391,0.0178231,12.4928,56.308,-37.667,58711733
-7.77876,-2.28886,-5.02543,0.0928492,0.123867,0.0761784,12.1307,54.4857,-38.7182,58773731
-7.76439,-2.36068,-5.60961,0.0911172,-0.00936406,0.0284816,12.1307,54.4857,-38.7182,58842357
-7.78355,-2.22421,-5.33907,-0.013336,0.0715073,0.038474,10.5012,55.7613,-38.1926,58899798
-7.83861,-2.14999,-5.11162,-0.0598337,0.0611153,0.0432703,10.5012,55.7613,-38.1926,58958227
-7.91044,-1.99198,-5.12838,-0.130446,0.19408,-0.0455949,10.3201,55.5791,-37.3166,59019170
-7.64708,-2.01113,-5.77002,0.086987,0.153844,0.0483331,10.3201,55.5791,-37.3166,59076817
-7.6782,-2.34632,-5.26964,-0.161622,-0.0277499,0.0464678,11.4064,54.4857,-39.7693,59134767
-7.70214,-1.95846,-5.84424,0.0859212,-0.059459,0.06099,11.4064,54.4857,-39.7693,59204029
-7.75242,-2.07577,-5.63116,0.0161081,-0.052531,0.0571263,10.1391,55.7613,-39.5941,59261513
-7.72369,-1.96324,-5.18823,-0.131779,0.197411,0.0785765,10.1391,55.7613,-39.5941,59319882
-7.80749,-1.65679,-5.85861,0.119096,-0.0421389,0.0416715,10.1391,55.0324,-38.1926,59381054
-7.80031,-1.82678,-5.14753,-0.148965,0.103083,0.066719,10.1391,55.0324,-38.1926,59442618
-7.78834,-1.61369,-5.44441,-0.111794,0.132261,0.0855046,10.1391,55.0324,-38.1926,59511962
-7.77158,-1.49638,-5.55694,-0.022529,-0.143661,0.163312,10.1391,54.668,-39.9445,59572611
-8.1331,-1.33118,-4.47955,-0.300449,0.151179,0.040206,8.50957,55.9435,-39.7693,59634657
-7.63989,-1.47722,-5.90649,-0.275668,-0.069851,-0.103284,8.50957,55.9435,-39.7693,59694999
