-8.39886,-1.403,-4.64714,-0.00201139,0.0424629,0.0308798,8.87168,58.4947,-31.0096,2759870
-8.27675,-1.46286,-4.82431,0.0805919,-0.00643297,0.011961,9.41484,56.4902,-32.2359,2818013
-8.38449,-1.37427,-4.65911,0.00558278,0.031005,0.0228859,9.41484,56.4902,-32.2359,2879415
-8.39886,-1.48201,-4.57292,0.0263669,0.0342025,0.020621,7.78535,57.4014,-31.36,2937438
-8.40843,-1.39103,-4.68785,0.0631386,0.0210126,0.0159579,7.78535,57.4014,-31.36,2998876
-8.32703,-1.45328,-4.48673,0.021304,0.0479254,0.0139594,7.78535,57.7658,-32.4111,3071731
-8.41322,-1.41497,-4.55856,0.0580759,0.0543204,0.0290146,7.78535,57.7658,-32.4111,3131813
-8.35576,-1.42934,-4.58011,0.0414219,0.0535211,0.0176899,8.32851,57.2191,-32.2359,3190306
-8.39167,-1.44849,-4.64475,0.0725981,0.0683097,0.0230191,8.32851,57.2191,-32.2359,3248552
-8.32703,-1.42216,-4.67109,0.0363592,0.0404644,0.0242182,8.14746,57.4014,-33.4623,3310185
-8.34858,-1.32399,-4.69982,0.0705996,0.0475257,0.036209,8.14746,57.4014,-33.4623,3368033
-8.19296,-1.45567,-4.78122,0.0931157,0.0203465,0.00796403,8.14746,58.4947,-33.1119,3441253
-8.34858,-1.35512,-4.70939,0.000253528,0.0160831,0.0290146,8.14746,58.4947,-33.1119,3499536
-8.33661,-1.42216,-4.69024,0.14774,-0.00137019,0.0219533,9.59589,58.4947,-31.36,3557264
-8.33182,-1.34554,-4.63038,0.0432872,0.00835569,0.0270161,9.59589,58.4947,-31.36,3615639
-8.35337,-1.55862,-4.7908,0.0567436,-0.0193564,0.0625888,8.50957,58.1303,-33.1119,3680153
-8.22408,-1.52032,-4.58489,-0.0627648,0.0212791,0.0087634,8.50957,58.1303,-33.1119,3738785
-8.18338,-1.47722,-4.83629,-0.067428,-0.0538633,-0.0747725,8.32851,57.5836,-30.484,3810654
-8.40604,-1.12049,-4.80756,-0.0423804,0.0195471,-0.0555873,8.32851,57.5836,-30.484,3868272
-8.09719,-1.20907,-4.707,-0.093408,-0.0396075,-0.0795689,8.87168,58.8592,-31.7103,3925568
-8.02776,-1.1157,-5.1188,0.00158584,-0.0866382,-0.146451,8.87168,58.8592,-31.7103,3987027
-8.37252,-0.897825,-4.61841,-0.00787356,-0.059459,-0.106615,9.958,59.2236,-30.6592,4047807
-7.98466,-1.13725,-4.96797,0.192773,-0.20175,-0.0898277,9.958,59.2236,-30.6592,4118210
-8.16183,-1.42216,-4.73334,0.103108,-0.14073,-0.0541217,10.1391,59.7703,-29.4328,4176812
-8.09,-2.24337,-4.12281,0.205296,-0.156185,-0.085964,10.1391,59.7703,-29.4328,4234557
-8.31506,-2.94966,-4.95121,-0.19453,-0.2665,-0.170832,10.1391,58.6769,-28.3816,4295569
-8.74841,-2.65996,-4.78122,-0.182273,-0.114217,-0.0856975,10.1391,58.6769,-28.3816,4356220
-8.20493,-2.30083,-4.31674,-0.33389,-0.0547959,0.0215536,12.3117,61.2281,-24.8777,4414069
-8.00621,-2.17872,-4.27125,-0.132312,-0.102093,0.137198,12.3117,61.2281,-24.8777,4486876
-8.15465,-2.36547,-4.42209,-0.0710251,-0.00709913,0.162379,11.2254,59.7703,-26.6297,4544343
-8.41801,-2.14999,-4.64475,0.0147758,0.0395318,0.219668,11.2254,59.7703,-26.6297,4601812
-8.52096,-2.05901,-5.06613,0.146142,-0.0152262,0.271229,9.59589,58.4947,-26.4545,4660174
-8.46829,-1.92254,-4.97036,0.190641,0.105481,0.328918,9.59589,58.4947,-26.4545,4721856
-8.07803,-1.84593,-5.01346,0.464964,0.118271,0.315328,7.9664,59.0414,-26.2793,4779666
-10.8266,-1.72622,-5.58328,0.192506,0.161572,0.144126,7.9664,59.0414,-26.2793,4852727
-8.49941,-0.234632,-4.35505,-0.143903,0.252835,0.131336,8.50957,59.5881,-28.9072,4910499
-7.68538,0.289698,-1.33596,0.192506,0.284144,0.124142,8.50957,59.5881,-28.9072,4970509
-9.33499,0.203507,-4.18506,2.04668,-0.147924,0.120811,8.69062,58.6769,-29.4328,5034395
-8.31746,-1.42455,-2.83473,-0.372527,0.488921,0.00889663,8.69062,58.6769,-29.4328,5092165
-7.41963,-0.00957681,-4.64954,1.25796,-0.178568,0.0791095,10.1391,58.3125,-28.3816,5149730
-8.10916,-1.34554,-4.23774,0.282704,0.142786,0.146791,10.1391,58.3125,-28.3816,5220865
-7.85777,-1.23541,-4.73812,0.640563,-0.0402737,0.0569931,11.2254,58.6769,-30.484,5278439
-7.81707,-1.47004,-4.80995,0.186111,0.0419299,0.0200881,11.2254,58.6769,-30.484,5336115
-8.47786,-1.41976,-4.95839,0.404477,0.0896267,-0.0761049,11.7686,59.2236,-29.9584,5403148
-8.82742,-1.45328,-5.52582,0.166793,0.114008,-0.0326715,11.7686,59.2236,-29.9584,5460823
-11.2384,-2.54743,-5.77242,0.71757,0.135591,-0.119938,11.7686,59.2236,-29.9584,5521170
-9.68215,-2.63841,-3.30639,0.00931326,0.38953,0.120944,11.7686,59.2236,-29.9584,5591078
-7.46272,-2.52109,-1.88663,-0.00507572,-0.0968969,0.166642,11.0443,58.1303,-31.7103,5649009
-9.35893,-2.79164,-2.92093,-0.446737,0.0757706,0.0291478,11.0443,58.1303,-31.7103,5710376
-8.80108,-1.55623,-3.36385,-0.421823,0.321849,0.310132,11.9496,57.5836,-32.5863,5769777
-7.3502,-1.93212,-4.06775,0.105906,-0.237056,0.236589,11.9496,57.5836,-32.5863,5829535
-7.72369,-1.70228,-3.67989,0.202765,0.43363,0.284419,11.9496,57.5836,-32.5863,5902530
-7.35259,-1.61369,-4.39575,0.418466,-0.144993,0.38301,11.9496,57.5836,-32.5863,5962833
-8.27436,-2.06859,-5.07331,0.612184,0.130395,0.37022,8.14746,57.7658,-32.0607,6022898
-8.68137,-2.00634,-5.29597,0.46936,0.16357,0.376615,8.14746,57.7658,-32.0607,6087262
-8.15944,-2.40138,-4.64954,0.703314,0.172896,0.31746,8.32851,58.3125,-32.2359,6145909
-10.6039,-1.31681,-4.40294,-0.397175,0.493051,0.278556,8.32851,58.3125,-32.2359,6204382
-8.36773,0.871489,-6.50026,-0.0593008,-0.0579934,0.178633,6.15586,56.8547,-34.6887,6278148
-8.51617,0.591368,-1.7358,1.03812,0.0936236,0.223532,6.15586,56.8547,-34.6887,6335840
-8.72447,-0.265756,-4.51546,1.65898,-0.146459,0.0764448,7.9664,55.0324,-35.3894,6396549
-7.17542,-1.89381,-2.78685,0.246332,0.195945,-0.12127,7.9664,55.0324,-35.3894,6455204
-8.23366,-0.438139,-4.96797,0.857996,0.00555784,-0.018549,10.3201,55.9435,-35.5646,6513794
-7.74045,-1.40779,-3.91691,1.01974,0.108013,0.0556608,10.3201,55.9435,-35.5646,6571504
-8.13789,-1.48919,-3.7158,0.431123,0.162504,-0.0459946,12.4928,56.6724,-35.5646,6641597
-9.59835,-2.05901,-4.39575,1.05318,0.293337,-0.0495919,12.4928,56.6724,-35.5646,6699531
-10.6829,-3.19147,-4.6232,0.669873,0.391129,0.107621,17.2002,56.308,-38.0174,6761495
-8.18338,-3.44765,-3.13401,0.293495,-0.194422,0.392736,17.2002,56.308,-38.0174,6819623
-10.1801,-1.9824,-3.79481,0.277108,-0.0334789,0.38754,15.3896,57.0369,-34.5135,6877912
-8.07085,-1.75255,-3.56257,0.988829,0.186086,0.579126,15.3896,57.0369,-34.5135,6935728
-7.3885,-2.5163,-3.44765,0.949925,-0.0769123,0.63828,13.7602,55.7613,-36.791,7005221
-7.6782,-2.40378,-3.53623,1.06757,0.156242,0.685045,13.7602,55.7613,-36.791,7065692
-8.49941,-3.05261,-3.99353,0.845205,0.0599162,0.555144,15.3896,55.9435,-35.5646,7123987
-8.20014,-3.05021,-3.44526,0.546901,0.323847,0.593648,15.3896,55.9435,-35.5646,7182645
-8.21211,-2.66475,-3.2609,0.730227,0.361951,0.339843,15.3896,55.9435,-35.5646,7240318
-9.15782,-0.806846,-5.3678,-0.826979,0.517032,0.151587,14.4844,55.0324,-36.4406,7301617
-9.57681,0.603339,-4.39575,1.02573,-0.308202,0.564604,13.217,55.5791,-39.4189,7371125
-8.58081,-1.10612,-2.51391,0.756873,0.294403,0.222733,13.217,55.5791,-39.4189,7434322
-8.13789,-0.28491,-4.64235,-0.122852,0.131994,0.188226,11.7686,54.8502,-40.4701,7495576
-7.75003,-0.483629,-3.98634,0.694521,0.188085,0.288283,11.7686,54.8502,-40.4701,7553128
-7.42681,-0.452504,-4.80277,-0.306844,0.0174154,0.224598,11.7686,54.8502,-40.4701,7613266
-8.37731,0.184353,-4.74291,0.427926,0.00342614,0.223399,11.7686,54.8502,-40.4701,7671568
-7.96311,0.0766144,-5.25767,-0.124717,-0.0539965,0.0519303,11.9496,55.0324,-39.2437,7743394
-8.41083,0.263362,-5.38456,0.608587,-0.0783778,-0.00789049,11.9496,55.0324,-39.2437,7807207
-8.64067,-0.035913,-5.3678,0.0875199,0.000894744,-0.0617159,13.5791,54.8502,-38.0174,7865125
-8.91361,-0.263362,-3.60806,0.713573,0.234449,-0.193748,13.5791,54.8502,-38.0174,7923127
-11.2216,-1.86269,-3.77805,-0.0391829,0.196878,0.0139594,13.5791,54.8502,-38.0174,7985626
-9.165,-1.80762,-2.35829,0.212224,-0.319659,0.32612,13.5791,54.8502,-38.0174,8055617
-10.6159,-1.25217,-1.72861,-0.51615,0.775501,0.233391,14.6654,54.8502,-36.6158,8119683
-7.77637,-0.457292,-4.4173,0.294295,-0.159249,0.457486,14.6654,54.8502,-36.6158,8180769
-7.99903,-0.833182,-2.58095,0.991227,0.309058,0.425511,13.5791,52.299,-38.3678,8238767
-8.18338,-0.909797,-4.27844,0.0654036,0.37714,0.380745,13.5791,52.299,-38.3678,8299053
-7.27598,-0.588974,-4.30717,0.750212,-0.0178908,0.419382,12.6738,53.5746,-39.5941,8358392
-7.65187,-0.83797,-4.52743,0.655351,0.160639,0.468811,12.6738,53.5746,-39.5941,8431359
-8.78672,-0.617704,-5.54736,0.996823,0.164636,0.524368,12.8549,53.7568,-40.8205,8493433
-8.82981,-1.60172,-5.46836,0.623642,0.264293,0.426177,12.8549,53.7568,-40.8205,8552490
-11.8944,-1.4844,-6.69897,1.32231,0.328244,0.369553,12.1307,52.299,-40.8205,8610995
-10.659,0.514753,-3.34949,-0.117656,0.684371,0.600842,12.1307,52.299,-40.8205,8673038
-7.8458,1.72622,-2.3535,0.796176,-0.284486,0.54342,11.4064,51.2056,-43.974,8730557
-8.6694,0.560243,-3.48117,3.09202,-0.0409399,0.288149,11.4064,51.2056,-43.974,8804510
-6.96712,-0.993593,-2.73657,-0.156426,0.296268,0.0548614,16.476,51.2056,-41.1709,8863183
-7.58962,0.667982,-5.05416,1.91052,0.0280739,0.182497,16.476,51.2056,-41.1709,8921607
-7.08684,-0.787692,-4.45561,0.258722,-0.00350189,0.104823,19.5539,52.4812,-42.0469,8981873
-7.93917,-0.100556,-5.29358,1.30019,-0.000171104,-0.0539885,19.5539,52.4812,-42.0469,9040385
-9.85932,-0.995988,-6.01902,0.205163,0.183022,-0.0546546,23.8992,51.0234,-40.9957,9098015
-9.13388,-1.06063,-6.4404,0.881311,0.0727063,0.0194219,23.8992,51.0234,-40.9957,9169531
-10.307,-2.8467,-4.2545,0.000653237,0.410048,0.0521968,26.615,48.6545,-40.4701,9227529
-8.23126,-1.92973,-3.85466,0.0651371,0.19781,0.324388,26.615,48.6545,-40.4701,9286261
-8.13549,-2.8467,-2.22421,0.664944,-0.285286,0.177701,26.615,50.8412,-41.8717,9344683
-9.05726,-1.93451,-3.97916,-0.957279,0.375807,0.350102,26.615,50.8412,-41.8717,9402396
-7.22809,-1.24738,-3.36385,0.379696,-0.0547959,0.556077,26.615,50.8412,-41.8717,9463207
-7.23049,-2.05422,-3.93128,-0.0515734,0.075371,0.361293,23.5371,51.0234,-42.0469,9534729
-7.69017,-1.18752,-4.61841,0.0913837,0.120403,0.377681,22.4508,50.659,-41.6965,9592093
-7.68299,-1.43891,-4.71897,0.436586,-0.0565279,0.329051,22.4508,50.659,-41.6965,9650349
-8.88488,-1.70228,-5.284,0.134417,0.203273,0.235523,22.4508,50.659,-41.6965,9708870
-9.19852,-1.37427,-5.54976,0.392619,0.329576,0.248047,22.4508,50.659,-41.6965,9766939
-11.8154,-1.96085,-8.1762,0.968578,0.189417,-0.0305398,22.4508,50.659,-41.6965,9829253
-9.31823,-0.26815,-3.71341,0.0828569,0.244175,0.120278,23.7182,49.3834,-42.2221,9901450
-7.9679,0.90022,-1.55862,0.661613,-0.0048342,0.327319,22.0887,50.659,-44.4996,9961764
-8.77953,-0.509965,-5.01585,1.53641,-0.192957,0.0462014,22.0887,50.659,-44.4996,10022725
-6.38054,-1.40061,-2.72221,-0.11739,0.35489,-0.138724,25.8908,49.7478,-42.9228,10080298
-7.35499,-0.311246,-5.44202,1.35841,-0.122078,-0.0689104,25.8908,49.7478,-42.9228,10137688
-6.84981,-1.21625,-5.09246,-0.147766,0.0315379,-0.0249441,25.8908,49.7478,-42.9228,10213079
-8.07325,-1.68791,-5.74129,0.280572,-0.0334789,-0.105549,28.6066,48.1078,-40.2949,10272176
-9.22486,-1.50595,-6.71095,0.237805,-0.0142936,-0.111411,28.7877,49.3834,-40.1197,10329627
-9.00938,-2.1883,-5.861,0.0214373,0.283345,-0.12167,28.7877,49.3834,-40.1197,10393095
-10.0221,-2.78685,-3.34949,-0.344549,0.481992,-0.0261432,31.3225,46.8322,-41.1709,10451198
-8.04691,-3.08852,-4.89853,0.124025,-0.280489,0.0994938,31.3225,46.8322,-41.1709,10508672
-8.65743,-3.16035,-1.77889,-0.822982,-0.0218878,0.0052994,30.2361,49.0189,-41.5213,10585183
-7.70693,-1.1971,-3.61285,-0.260213,0.0890938,0.312664,30.2361,49.0189,-41.5213,10642799
-6.31351,-2.05662,-3.87621,-0.237431,-0.263969,0.337978,26.2529,48.29,-41.1709,10702969
-7.16824,-1.77171,-4.04141,0.145342,0.0252761,0.258838,26.2529,48.29,-41.1709,10763634
-7.41484,-1.66876,-4.70221,-0.191866,-0.119679,0.290281,24.4424,48.29,-41.1709,10821230
-8.61912,-2.02789,-5.63116,0.523985,0.0621811,0.175702,24.4424,48.29,-41.1709,10881664
-9.0405,-1.76931,-6.26562,-0.151364,0.132127,0.257906,23.175,48.8367,-40.9957,10955614
-12.5432,-2.15957,-8.51857,0.687326,0.0576512,0.0625888,23.175,48.8367,-40.9957,11013335
-9.29668,-0.191536,-3.46441,-0.719195,0.701824,0.260304,22.8129,47.3789,-41.6965,11071968
-7.62792,0.806846,-1.80523,0.411671,-0.276493,0.224864,22.8129,47.3789,-41.6965,11130404
-9.62469,0.452504,-5.18105,1.96088,-0.192024,0.0773775,24.0803,47.1967,-39.4189,11189054
-6.70137,-1.71425,-2.5187,-0.432481,0.117339,-0.174829,24.0803,47.1967,-39.4189,11249825
-7.0174,0.196324,-4.90332,1.32231,-0.0113625,-0.105016,26.615,47.1967,-40.4701,11322848
-6.8953,-0.945709,-4.62799,-0.173347,0.0715073,-0.0465275,26.615,47.1967,-40.4701,11381506
-7.52976,-0.916979,-5.67426,0.870386,-0.0593258,-0.0924923,28.2445,46.2855,-38.543,11442394
-8.69334,-1.29766,-6.33506,0.0721984,0.112143,-0.136858,28.2445,46.2855,-38.543,11504492
-9.19613,-1.66876,-6.41885,0.420598,0.077103,-0.126466,29.693,44.4633,-39.2437,11562456
-10.3334,-2.83713,-5.29597,0.0464848,0.262028,-0.0493254,29.693,44.4633,-39.2437,11638613
-8.11395,-2.9329,-3.77565,0.0119779,-0.299675,0.0903009,30.5982,45.01,-39.0685,11697119
-8.7963,-3.33991,-1.91536,-0.460193,0.00942154,0.0881692,30.5982,45.01,-39.0685,11757114
-8.2145,-1.53708,-4.35505,-0.93463,0.122002,0.253376,28.2445,43.7344,-39.2437,11816577
-6.54575,-2.28407,-3.47399,0.27058,-0.237189,0.332648,28.2445,43.7344,-39.2437,11874625
-7.36217,-2.00395,-3.68707,-0.148965,0.0211459,0.237788,26.7961,44.0988,-39.2437,11936508
-7.41963,-1.53947,-4.67348,-0.231169,-0.126607,0.275093,26.7961,44.0988,-39.2437,12005824
-8.13549,-1.83156,-4.94163,0.575413,-0.0761129,0.242584,25.1666,43.1877,-37.667,12063427
-8.7101,-2.09493,-5.74608,-0.0675612,0.0444613,0.308134,25.1666,43.1877,-37.667,12121898
-8.48505,-2.03747,-5.14274,0.402345,0.175561,0.2655,24.6234,44.4633,-37.4918,12179372
-12.038,-1.2809,-7.54892,0.0215705,0.187019,0.0780436,24.6234,44.4633,-37.4918,12237828
-8.01579,0.263362,-3.60806,-0.820983,0.117739,0.124541,23.8992,40.8187,-39.2437,12303396
-8.85854,1.13006,-2.09253,1.08289,-0.133136,0.164777,23.8992,40.8187,-39.2437,12372470
-7.90326,-1.17316,-4.03183,0.526383,-0.199885,-0.194947,26.7961,41.9121,-37.1414,12434617
-7.03656,-1.09176,-3.1388,0.113367,0.273219,-0.244109,26.7961,41.9121,-37.1414,12492312
-7.91044,-0.636858,-5.533,0.588336,0.121869,-0.141655,30.7793,40.0898,-36.4406,12549921
-6.58166,-1.28569,-4.61123,0.0348937,-0.0546627,-0.185754,30.7793,40.0898,-36.4406,12611646
-7.91283,-1.54665,-5.29597,0.102708,0.164636,-0.205606,31.8656,40.8187,-36.0902,12670265
-8.93755,-1.45807,-6.50504,0.437252,-0.114217,-0.196413,31.8656,40.8187,-36.0902,12738711
-10.2304,-2.8898,-5.13556,0.0788599,0.439492,-0.312723,32.7709,37.3564,-36.2654,12803488
-10.4627,-3.39498,-2.74375,-0.161356,0.500378,-0.121403,32.7709,37.3564,-36.2654,12861555
-7.49624,-3.84988,-3.41652,-0.227572,-0.294079,-0.102618,34.2193,38.8142,-34.5135,12919171
-7.24006,-3.86903,-3.19626,-0.951816,-0.26197,-0.111944,34.2193,38.8142,-34.5135,12984227
-8.45871,-1.50835,-2.54743,-0.375725,0.336504,0.198351,32.2277,39.7254,-37.8422,13052931
-6.30154,-3.17232,-5.14274,-0.341618,-0.655002,0.212341,32.2277,39.7254,-37.8422,13114124
-6.95515,-2.37744,-2.49236,0.195837,0.475464,0.226463,31.1414,40.0898,-37.8422,13174938
-7.18979,-2.57616,-4.55616,-0.461925,-0.411456,0.280555,31.1414,40.0898,-37.8422,13232570
-8.53293,-2.78924,-5.39413,0.49121,0.0655119,0.281354,30.5982,40.6365,-34.8639,13295401
-9.19613,-2.33674,-6.29196,-0.218779,0.0215456,0.380612,30.5982,40.6365,-34.8639,13355006
-10.3717,-2.85868,-5.26245,0.625774,0.31532,0.157316,27.8824,43.3699,-35.3894,13423780
-9.7851,-0.845153,-3.99832,-0.556519,0.521695,0.10389,27.8824,43.3699,-35.3894,13482128
-6.31351,-0.0502782,-2.05901,-0.154828,-0.0659873,0.141995,28.2445,41.5476,-36.4406,13543343
-9.5361,0.126893,-5.98071,1.52788,-0.382411,-0.0393331,28.2445,41.5476,-36.4406,13600754
-7.64468,-2.14999,-2.21464,-1.06906,0.29387,-0.273687,29.3308,41.1832,-35.039,13665733
-7.34301,-0.64404,-5.34864,0.710642,-0.268765,-0.364817,29.3308,41.1832,-35.039,13724440
-7.13232,-1.59214,-5.05655,-1.01417,0.0339361,-0.320984,30.5982,42.8232,-33.1119,13795502
-7.12754,-1.78368,-5.00388,-0.339486,-0.131804,-0.417976,30.5982,42.8232,-33.1119,13857248
-7.28795,-1.19949,-5.57131,-0.538667,-0.161381,-0.488189,31.5035,41.9121,-34.3383,13915165
-8.48026,-2.05422,-5.96395,-0.393445,-0.19269,-0.594507,31.5035,41.9121,-34.3383,13976591
-12.3828,-3.4668,-8.14507,0.419532,-0.163779,-0.801815,32.5898,41.1832,-31.8855,14039991
-9.55286,-3.98634,-3.10767,-0.836172,0.0962883,-0.658059,32.5898,41.1832,-31.8855,14097530
-7.11078,-4.44843,-3.33273,-0.375192,-0.781971,-0.632212,32.2277,41.1832,-32.9367,14168840
-10.0652,-2.83473,-2.87783,-2.21578,0.116673,-0.318186,32.2277,41.1832,-32.9367,14227379
-7.03177,-1.83635,-3.61524,-1.04308,-0.444897,-0.0939578,28.7877,42.0943,-34.1631,14284885
-6.95994,-2.76291,-2.8467,-0.276468,-0.233725,-0.0443958,28.7877,42.0943,-34.1631,14348706
-7.50582,-2.64559,-4.35744,-0.712933,-0.075047,-0.0288078,26.434,41.5476,-33.9879,14408064
-7.8027,-2.07098,-4.6663,-0.360803,-0.224266,0.0573928,26.434,41.5476,-33.9879,14478447
-8.93516,-2.9305,-5.42286,-0.204256,0.108412,0.120944,24.6234,43.7344,-34.6887,14538113
-8.39407,-2.12126,-5.66468,-0.304846,9.53581e-05,0.162246,24.6234,43.7344,-34.6887,14596885
-11.2504,-2.12126,-6.97431,-0.0571691,0.105215,-0.0938246,25.5287,44.281,-34.1631,14657945
-8.55209,-0.555454,-3.47399,-0.911314,0.126532,-0.0603836,25.5287,44.281,-34.1631,14718696
-8.25281,0.011971,-1.38624,0.342924,-0.0765126,-0.0769042,20.2781,45.1922,-38.1926,14777784
-9.51934,-0.227449,-5.33667,1.28807,-0.031214,-0.172831,20.2781,45.1922,-38.1926,14851947
-6.936,-1.6113,-3.07655,-0.408899,0.231251,-0.289275,22.4508,45.5566,-36.791,14909380
-7.44596,-1.16358,-5.22415,0.898232,0.0366007,-0.237981,22.4508,45.5566,-36.791,14966874
-6.5218,-1.94888,-5.00627,-0.502561,-0.179101,-0.227988,23.356,43.9166,-35.915,15028215
-7.35499,-2.10929,-5.27203,0.104707,-0.0510654,-0.282347,23.356,43.9166,-35.915,15086943
-7.93678,-1.63524,-5.84185,-0.52068,-0.108088,-0.29114,23.7182,46.8322,-36.9662,15144899
-8.24084,-1.84832,-5.9017,-0.316437,-0.0891696,-0.298334,23.7182,46.8322,-36.9662,15218248
-12.0524,-3.18908,-8.5449,0.631103,-0.228929,-0.429967,25.1666,47.9256,-37.3166,15275929
-9.9503,-4.20901,-3.29203,-0.384252,0.0288733,-0.292872,25.1666,47.9256,-37.3166,15336079
-6.32308,-3.56018,-2.21464,-0.740778,-0.638615,-0.230387,25.5287,46.1033,-36.6158,15400613
-9.52413,-3.03824,-2.3535,-1.15819,0.13266,-0.0851646,25.5287,46.1033,-36.6158,15458201
-7.58004,-2.14042,-3.44047,-0.837904,-0.119147,0.0909671,24.0803,48.6545,-38.0174,15529158
-7.25204,-2.66235,-3.76608,-0.527076,-0.199352,0.0501983,24.0803,48.6545,-38.0174,15591737
-7.58004,-1.94649,-4.19464,-0.560383,0.0868289,0.089235,21.1834,47.5611,-39.4189,15649146
-7.4292,-1.81241,-4.96557,-0.0485091,-0.240254,0.11295,21.1834,47.5611,-39.4189,15709662
-8.9998,-2.52109,-4.65193,0.0315629,0.209934,0.153053,20.6402,49.5656,-39.9445,15767920
-8.88488,-1.91297,-5.39653,0.0122443,0.154643,0.253909,20.6402,49.5656,-39.9445,15829125
-11.7507,-1.34315,-6.01663,0.0999105,0.416842,0.149189,20.4592,47.9256,-40.8205,15898179
-6.94079,0.0430956,-4.1683,-0.540265,0.00715661,0.273227,20.4592,47.9256,-40.8205,15959800
-8.28633,0.244209,-1.78129,1.2032,-0.171506,0.265234,18.6486,49.3834,-42.2221,16017905
-8.82981,-1.01754,-5.17866,0.831083,-0.110487,-0.0617159,18.6486,49.3834,-42.2221,16078803
-6.88093,-1.74777,-3.06458,-0.0243942,0.0772362,-0.153512,21.7266,48.1078,-42.7477,16140696
-7.7213,-1.0726,-4.75967,0.503068,0.132527,-0.0801018,21.7266,48.1078,-42.7477,16198139
-6.75404,-0.998382,-5.03022,0.519455,-0.151788,-0.0940911,22.9939,49.0189,-41.5213,16267105
-8.20014,-1.17316,-5.19781,-0.0914095,0.14585,-0.107148,22.9939,49.0189,-41.5213,16326299
-8.98304,-1.61369,-6.45237,0.642428,-0.181898,-0.0821003,25.5287,49.3834,-41.8717,16387881
-8.82024,-2.32956,-5.55215,-0.309642,0.261095,-0.109279,25.5287,49.3834,-41.8717,16445511
-10.0556,-3.22978,-4.89135,-0.0919425,0.221659,-0.0399992,27.5203,49.5656,-43.4484,16508051
-7.62314,-3.48356,-4.18985,0.00984615,-0.293813,0.0977618,27.5203,49.5656,-43.4484,16577277
-8.99741,-3.57933,-2.22421,-1.03962,-0.102493,-0.0852978,26.434,49.5656,-44.1492,16637877
-7.98466,-1.63524,-4.06775,-0.817386,-0.0402737,0.253509,26.434,49.5656,-44.1492,16699905
-6.69179,-2.68869,-3.49793,-0.245425,-0.305004,0.163045,21.3644,50.659,-45.2004,16760755
-7.61595,-2.12844,-3.89776,-0.542264,0.119071,0.101359,21.3644,50.659,-45.2004,16818502
-7.47948,-1.72622,-4.32153,-0.327762,-0.166577,0.233524,19.1918,50.2945,-45.5508,16876907
-8.49463,-2.16196,-4.65911,0.136283,0.0571183,0.109486,19.1918,50.2945,-45.5508,16946568
-8.98544,-1.79805,-6.10042,-0.152829,0.0793679,0.144526,16.8381,51.5701,-46.0764,17004219
-10.5536,-2.00395,-4.2545,0.686794,0.302264,0.0601906,16.8381,51.5701,-46.0764,17065796
-10.0102,-0.943315,-1.58736,-1.03509,0.999329,0.192356,17.9244,50.1123,-47.1275,17123667
-7.24725,0.0191536,-2.9329,0.372501,-0.403462,0.130137,17.9244,50.1123,-47.1275,17181253
-9.53371,0.0694318,-4.53222,1.25143,-0.174437,-0.0356026,18.6486,50.8412,-46.0764,17240856
-7.24725,-1.5706,-2.69587,-0.160423,0.166368,-0.209469,18.6486,50.8412,-46.0764,17309940
-7.46272,-0.857124,-4.53701,0.611518,-0.107289,-0.306994,20.6402,51.3879,-48.3539,17371842
-7.24006,-1.00796,-4.78601,-0.0177327,0.104149,-0.163505,20.6402,51.3879,-48.3539,17433298
-7.08923,-1.6113,-4.93684,0.24873,-0.100361,-0.222259,22.8129,50.659,-46.6019,17490872
-8.22408,-1.53947,-5.63116,-0.0587679,0.0456604,-0.194814,22.8129,50.659,-46.6019,17552675
-9.34696,-2.06859,-6.16986,-0.0343865,0.00728984,-0.214532,23.356,49.7478,-45.3756,17610579
-12.3924,-3.28963,-8.37012,0.410339,0.20274,-0.370546,23.356,49.7478,-45.3756,17681837
-9.02614,-3.25132,-3.33512,-0.38172,0.210201,-0.0487925,22.8129,48.4723,-46.6019,17745817
-7.61116,-3.72059,-1.96085,-0.0334539,-0.630621,-0.141122,22.8129,48.4723,-46.6019,17803624
-9.4547,-2.41096,-3.75411,-1.89736,0.383535,-0.0234785,20.8213,50.1123,-44.3244,17863590
-6.55532,-1.66158,-3.10049,0.0815246,-0.14899,0.241785,20.8213,50.1123,-44.3244,17922175
-6.74925,-2.5594,-3.79241,-0.67776,-0.156451,0.150388,15.3896,49.3834,-43.2732,17992476
-6.99825,-1.7334,-4.47237,-0.320567,-0.0166918,0.168241,15.3896,49.3834,-43.2732,18054799
-7.97987,-1.66158,-5.03261,0.319342,-0.0670532,0.123475,13.7602,49.9301,-42.3972,18115520
-9.19373,-2.69587,-6.16986,-0.198128,0.139588,0.096696,13.7602,49.9301,-42.3972,18173165
-8.59039,-1.58496,-5.4516,-0.105266,0.221792,0.205546,12.4928,49.3834,-41.8717,18232021
-11.3102,-1.85551,-5.11401,-0.587029,0.336371,0.0525965,12.4928,49.3834,-41.8717,18293363
-7.1012,0.656011,-4.53462,-0.669499,-0.029482,0.0216868,9.59589,49.7478,-42.5725,18362221
-8.74123,0.486023,-2.36068,1.61342,-0.0713166,0.0583254,9.59589,49.7478,-42.5725,18427104
-7.92002,-1.78129,-3.84269,-0.344948,-0.0262844,-0.239979,12.1307,49.0189,-40.1197,18484807
-6.80432,-0.667982,-4.03662,0.34852,0.0860295,-0.219328,12.1307,49.0189,-40.1197,18542681
-7.67102,-1.35751,-4.92966,0.407141,0.0254093,-0.171365,12.1307,49.0189,-40.8205,18600960
-6.52899,-0.92895,-5.18344,0.0343607,-0.10649,-0.172964,12.1307,49.0189,-40.8205,18659830
-7.86256,-1.79805,-5.41808,-0.358804,0.145184,-0.198011,13.7602,48.1078,-38.8933,18728306
-8.53772,-1.28329,-6.62236,0.530514,-0.204814,-0.210269,13.7602,48.1078,-38.8933,18789957
-8.83221,-2.07098,-6.03578,-0.498564,0.197944,-0.255567,12.6738,49.5656,-38.543,18848592
-10.5608,-2.89938,-7.37893,0.221284,0.0495241,-0.334573,12.6738,49.5656,-38.543,18906430
-7.77158,-3.51708,-2.99275,-0.0442456,0.0715073,-0.177361,14.6654,49.0189,-38.0174,18968531
-8.72926,-3.9217,-2.44209,-0.474716,-0.70976,-0.343899,14.6654,49.0189,-38.0174,19037779
-8.15225,-1.56581,-5.29837,-1.79983,0.0948227,-0.0194816,14.4844,49.5656,-36.0902,19102527
-6.08366,-2.48039,-2.79643,0.272578,-0.413321,0.123742,14.4844,49.5656,-36.0902,19164098
-7.70214,-2.44448,-4.20422,-0.566246,0.0300724,0.0184893,11.9496,51.7523,-35.7398,19221735
-7.40766,-1.6927,-4.5011,-0.535202,-0.15312,0.120811,11.9496,51.7523,-35.7398,19281911
-8.07085,-2.15957,-4.99909,0.308017,-0.0113625,0.0965628,10.3201,50.1123,-37.667,19340404
-9.16979,-2.5163,-5.87297,-0.362535,0.264559,0.0888354,10.3201,50.1123,-37.667,19408986
-8.39167,-2.16196,-4.81234,0.214489,0.426035,0.123209,11.2254,51.0234,-36.791,19470697
-10.0221,-2.01831,-2.6839,-0.975265,0.753251,0.0611233,11.2254,51.0234,-36.791,19532211
-6.91924,0.407014,-4.01029,0.0728645,-0.122477,0.119345,9.958,49.0189,-38.0174,19589754
-9.32063,-0.0335188,-3.57694,1.62621,-0.0927668,0.242851,9.958,49.0189,-38.0174,19649379
-7.75961,-1.69509,-3.21781,-0.154295,0.225656,-0.00922281,11.7686,49.0189,-38.7182,19707068
-6.1938,-1.12049,-4.49392,0.993225,-0.156451,-0.108347,11.7686,49.0189,-38.7182,19779904
-7.1012,-1.63763,-4.96078,0.0462183,0.109078,-0.023745,14.1223,49.9301,-39.2437,19837572
-6.72531,-1.56341,-5.3654,0.673737,-0.206413,-0.0626485,14.1223,49.9301,-39.2437,19894986
-7.80031,-1.97761,-5.49948,-0.134443,0.123068,-0.061183,16.1139,50.1123,-39.0685,19952710
-8.90403,-2.03507,-6.55532,0.478953,-0.119413,-0.125267,16.1139,50.1123,-39.0685,20011093
-8.78672,-2.25055,-6.64151,-0.141238,0.191948,-0.0810344,17.5623,49.3834,-39.0685,20069130
-10.9894,-3.44526,-7.74045,-0.35121,0.366348,-0.11714,17.5623,49.3834,-39.0685,20144143
-7.19218,-3.60327,-4.33829,-0.0768873,-0.258906,0.0100957,17.5623,48.6545,-40.4701,20201757
-7.84101,-3.8403,-2.10929,-0.367331,-0.533495,-0.125667,17.5623,48.6545,-40.4701,20261704
-8.62391,-2.17393,-4.42209,-1.06333,0.0397982,0.11788,17.3812,49.2012,-40.9957,20323045
-6.50265,-2.48039,-3.49793,-0.0778199,-0.394802,0.205413,17.3812,49.2012,-40.9957,20380855
-7.31428,-2.50433,-3.8379,-0.409432,0.0176819,0.0725811,16.1139,51.5701,-39.0685,20453964
-7.05571,-1.72143,-4.58968,-0.249821,-0.207879,0.154119,16.1139,51.5701,-39.0685,20516601
-8.42759,-2.30801,-5.01106,0.214756,0.149714,0.144126,14.3033,51.9346,-39.0685,20574756
-9.34696,-2.60968,-6.36139,-0.110728,0.184754,0.185428,14.3033,51.9346,-39.0685,20634776
-9.84974,-2.11647,-4.58968,0.565687,0.474398,0.124408,13.0359,49.5656,-38.8933,20695831
-9.48822,-1.24498,-2.3942,-1.25558,0.794553,0.172238,13.0359,49.5656,-38.8933,20753616
-7.53455,0.725443,-4.92487,0.550232,-0.46648,0.23992,11.2254,48.8367,-42.3972,20826622
-9.20091,-1.98479,-4.40533,0.638564,0.162904,-0.0518568,11.2254,48.8367,-42.3972,20886041
-6.12197,-0.873883,-3.81396,-0.473516,0.0376666,-0.194414,13.5791,47.5611,-40.4701,20943361
-6.8953,-0.895431,-4.16591,1.91958,-0.0709169,-0.142854,13.5791,47.5611,-40.4701,21004096
-6.91206,-1.66636,-5.48751,-0.432082,-0.0313472,-0.0581186,18.1055,48.1078,-41.6965,21065320
-7.13472,-1.87466,-4.85783,0.78685,-0.0834406,-0.0758384,18.1055,48.1078,-41.6965,21122739
-8.60476,-1.9417,-5.861,0.404877,0.0172822,-0.0706424,19.1918,48.8367,-42.3972,21197228
-8.99022,-2.44687,-6.07169,-0.15203,0.26789,-0.00202832,19.1918,48.8367,-42.3972,21255891
-10.5225,-3.84269,-6.70616,0.0897849,0.324113,-0.0982212,20.0971,47.1967,-41.1709,21313563
-7.23288,-3.56018,-4.14676,-0.0622319,0.0195471,0.0589916,20.0971,47.1967,-41.1709,21375304
-8.23366,-3.98395,-2.35829,-0.370929,-0.455822,-0.14352,19.735,48.29,-40.8205,21434316
-8.80348,-2.09971,-5.05655,-1.43798,0.189417,0.0699165,19.735,48.29,-40.8205,21508268
-6.14831,-2.53067,-3.80917,-0.0475765,-0.229862,0.212341,17.9244,48.6545,-43.2732,21570857
-6.82826,-2.45645,-4.30717,-0.415428,0.0128855,0.0676516,17.9244,48.6545,-43.2732,21628693
-7.01501,-1.80283,-4.67348,-0.367731,-0.148324,0.200616,16.476,48.29,-42.9228,21686239
-8.20253,-2.30322,-5.37259,0.232742,-0.0488005,0.150521,16.476,48.29,-42.9228,21744550
-9.38527,-2.60489,-6.74925,-0.11659,0.13306,0.157316,15.2086,48.4723,-44.1492,21806019
-9.53371,-1.92494,-4.75488,0.568351,0.295602,0.179033,15.2086,48.4723,-44.1492,21878459
-9.06445,-1.10373,-2.83234,-0.745308,0.681439,0.205279,14.8465,48.1078,-44.1492,21941944
-7.24006,0.258574,-2.07098,0.457903,-0.286352,0.255108,14.8465,48.1078,-44.1492,21999314
-9.63666,-0.138864,-5.71017,1.52881,-0.161381,0.0804418,14.4844,48.1078,-45.2004,22056880
-6.7301,-1.5682,-2.72699,-0.361469,0.237913,-0.061183,14.4844,48.1078,-45.2004,22115094
-6.9767,-0.802057,-4.63757,1.35415,-0.111952,-0.0602504,19.3728,47.5611,-45.3756,22176328
-6.96712,-1.43891,-4.99191,-0.189334,0.0881612,-0.0487925,19.3728,47.5611,-45.3756,22248147
-7.29753,-1.80523,-5.60243,0.385958,-0.00390158,-0.113143,20.6402,48.8367,-43.7988,22306564
-8.61433,-1.59693,-6.22253,0.257123,0.0463266,-0.12167,20.6402,48.8367,-43.7988,22364826
-9.35414,-2.03507,-6.37097,-0.119655,0.240045,-0.0880957,23.175,48.1078,-44.4996,22423795
-11.9471,-3.72059,-7.32865,0.81776,0.284011,-0.263295,23.175,48.1078,-44.4996,22481818
-7.0198,-3.055,-2.14281,-0.677627,0.49425,-0.112344,24.8045,47.9256,-46.7771,22540805
-8.11155,-4.14436,-5.71017,-0.331359,-0.771846,-0.244376,24.8045,47.9256,-46.7771,22615108
-8.60715,-1.75495,-4.82431,-1.21322,0.464539,0.234191,24.4424,50.4767,-45.726,22672451
-5.38216,-2.33674,-4.20901,-0.0503743,-0.562406,0.149456,24.4424,50.4767,-45.726,22729870
-6.92163,-2.01352,-3.62003,0.09618,0.360619,0.217004,19.3728,50.1123,-45.3756,22794487
-6.65348,-1.94409,-5.31034,-0.482576,-0.47554,0.339043,19.3728,50.1123,-45.3756,22852360
-8.02776,-2.24097,-4.81234,0.428858,0.14132,0.280555,18.4676,51.3879,-47.3027,22910128
-8.73644,-2.40138,-6.53378,0.0841892,0.00236029,0.315861,18.4676,51.3879,-47.3027,22986902
-9.67257,-2.74615,-5.41808,0.386624,0.144784,0.179965,17.9244,52.299,-47.1275,23044554
-9.9096,-1.01275,-2.42293,-1.33499,0.736864,0.241518,17.9244,52.299,-47.1275,23101844
-8.08043,1.53708,-4.26647,0.0964465,-0.547085,0.293612,15.0275,52.6635,-49.9306,23160863
-10.2544,-0.0430956,-3.6727,2.34219,-0.279024,0.121877,15.0275,52.6635,-49.9306,23219325
-6.58405,-1.5275,-2.32716,-1.38881,0.396725,-0.109546,17.3812,53.2101,-47.3027,23292165
-7.20415,-0.703895,-4.65433,2.18724,-0.245983,-0.285278,17.3812,53.2101,-47.3027,23355294
-7.12514,-1.52511,-4.48194,-0.960077,0.413778,-0.236382,24.2613,52.8457,-48.0035,23412799
-6.77798,-1.01754,-5.26006,0.762469,-0.0626565,-0.192016,24.2613,52.8457,-48.0035,23470399
-7.32865,-1.29047,-5.55933,-0.48191,0.275617,-0.136192,22.4508,51.3879,-48.7043,23528601
-9.70848,-1.64242,-7.27598,0.376099,0.100285,-0.176028,22.4508,51.3879,-48.7043,23589858
-12.2942,-3.47877,-7.88171,0.754209,0.321316,-0.24331,27.3392,52.299,-50.281,23661554
-8.21211,-3.1388,-4.58729,-0.352676,0.0272745,-0.0169502,27.3392,52.299,-50.281,23725810
-7.22091,-3.62721,-2.43969,0.265383,-0.57573,-0.174163,26.0719,51.3879,-49.4051,23783674
-9.15542,-2.32956,-4.53462,-1.67726,-0.0184238,-0.0439961,26.0719,51.3879,-49.4051,23841212
-6.33506,-2.07817,-3.14359,-0.302048,-0.259039,0.147057,24.4424,53.0279,-48.8795,23903338
-7.07008,-2.42772,-3.70144,-0.33389,-0.282888,0.0420712,24.4424,53.0279,-48.8795,23961221
-7.65905,-1.96085,-4.70939,-0.569576,-0.0690517,0.112417,22.2697,54.1213,-48.5291,24035411
-7.34541,-1.92973,-4.39336,0.103641,-0.196954,0.107354,22.2697,54.1213,-48.5291,24097050
-9.17218,-2.59292,-5.71496,-0.0891446,0.22006,0.144792,21.3644,56.1258,-46.6019,24154738
-8.52575,-1.88902,-5.66707,0.00185233,0.204206,0.136132,21.3644,56.1258,-46.6019,24212379
-10.5369,-1.64721,-6.37815,-0.592092,0.174895,-0.140322,21.3644,56.4902,-50.1059,24271533
-7.48427,0.476446,-2.8898,-1.03002,0.365548,0.0478001,21.3644,56.4902,-50.1059,24346069
-10.5369,-0.272939,-4.74052,2.50966,-0.353767,0.217004,19.735,55.9435,-48.1787,24404450
-6.36379,-2.40617,-2.98557,-1.7191,0.454813,-0.228655,19.735,55.9435,-48.1787,24463817
-6.24168,-0.430956,-4.05817,1.66431,-0.209477,-0.454481,20.8213,56.308,-48.5291,24526709
-7.73566,-2.04704,-6.06691,-0.510688,0.12027,-0.303664,20.8213,56.308,-48.5291,24584677
-6.33266,-1.36469,-5.07571,0.201699,-0.217338,-0.207338,24.8045,55.5791,-47.1275,24646584
-7.17542,-2.03747,-5.43962,-0.312173,-0.0282829,-0.223592,24.8045,55.5791,-47.1275,24718491
-9.59596,-1.73101,-6.46195,0.0223699,0.0252761,-0.219062,24.8045,58.1303,-45.0252,24779891
-10.0485,-2.7677,-5.75327,0.428725,0.205804,-0.331376,24.8045,58.1303,-45.0252,24841185
-8.99022,-3.38061,-2.69826,-1.01124,0.331708,-0.258232,24.6234,56.4902,-43.4484,24898735
-7.05332,-4.35026,-4.1707,0.189708,-0.801423,-0.26929,24.6234,56.4902,-43.4484,24958597
-10.8314,-2.78924,-2.50194,-1.99475,0.116673,-0.127266,23.356,56.308,-41.1709,25019833
-6.75165,-1.84353,-3.21302,-0.101668,-0.170707,0.252843,23.356,56.308,-41.1709,25091277
-6.6894,-2.23379,-3.40695,-0.954348,-0.0138939,0.00023663,17.7434,57.5836,-42.3972,25148919
-7.04135,-1.3216,-5.18584,-0.269939,-0.182298,0.138664,17.7434,57.5836,-42.3972,25207969
-7.29274,-1.54905,-4.35505,-0.131512,-0.330318,0.241385,15.3896,56.6724,-42.2221,25265408
-8.7101,-2.07338,-5.50427,-0.238763,0.0484583,0.0988277,15.3896,56.6724,-42.2221,25324200
-8.82502,-1.55623,-5.66468,0.0548783,0.134259,0.132135,12.4928,56.308,-40.8205,25386328
-10.0485,-1.54426,-4.38857,-0.723858,0.611093,0.0218201,14.1223,55.0324,-41.6965,25489537
-7.76679,1.43652,-4.18506,-0.130047,-0.244251,0.181298,14.1223,55.0324,-41.6965,25546927
-10.501,-0.502782,-3.38301,1.85337,-0.261704,-0.0513238,14.1223,55.0324,-41.6965,25609723
-7.04613,-1.21386,-3.40455,-1.25185,0.480527,-0.213733,14.1223,55.0324,-41.6965,25670499
-6.18901,-0.136469,-4.05338,2.05335,-0.409457,-0.270756,14.1223,55.0324,-41.6965,25728384
-7.52019,-2.1883,-4.6663,-0.471785,0.253501,-0.256766,14.1223,55.0324,-41.6965,25801587
-6.61997,-1.30484,-5.09246,0.779789,-0.268898,-0.185488,19.1918,55.0324,-40.9957,25861053
-7.8458,-1.76931,-5.2026,-0.251687,0.0732393,-0.182423,19.1918,55.0324,-40.9957,25918673
-9.27753,-1.7741,-6.08127,0.237139,-0.0499996,-0.184289,18.6486,56.308,-39.7693,25977641
-11.6023,-3.20823,-5.79397,0.798708,0.150513,-0.241178,18.6486,56.308,-39.7693,26039234
-9.99579,-3.75411,-2.60968,-0.280331,0.425236,-0.0120207,18.6486,56.308,-39.7693,26096726
-7.80988,-4.02705,-3.3016,-0.0175994,-0.439701,-0.076771,20.2781,56.4902,-41.3461,26169757
-9.50258,-2.65038,-4.55616,-1.578,0.0792347,-0.0174831,16.657,57.2191,-41.3461,26227249
-6.26562,-2.19309,-3.01669,-0.269539,-0.0470685,0.194887,16.657,57.2191,-41.3461,26284824
-6.47631,-2.11168,-3.48835,-0.56811,-0.152188,0.129737,16.657,57.2191,-41.3461,26347066
-6.94558,-1.76453,-4.58011,-0.155893,-0.0553288,0.181964,16.657,57.2191,-41.3461,26405699
-7.45315,-1.95127,-4.50828,-0.145235,-0.173105,0.186361,16.657,57.2191,-41.3461,26463516
-9.06205,-2.34871,-5.4085,0.0768615,0.217662,0.1348,12.6738,58.3125,-37.4918,26538419
-8.44435,-1.69988,-5.30316,-0.000945568,0.339036,0.167841,10.6822,58.4947,-37.667,26596002
-11.0923,-1.47243,-5.32949,-0.686153,0.247506,-0.00176184,10.6822,58.4947,-37.667,26655581
-7.79073,1.09654,-4.13718,-0.47738,0.00142767,0.20941,9.41484,57.2191,-37.1414,26720028
-10.2232,-0.40462,-2.88022,1.79008,-0.104225,-0.0169502,9.41484,57.2191,-37.1414,26777974
-6.79235,-1.52989,-3.36625,-1.03842,0.331042,-0.133261,9.41484,57.2191,-37.1414,26835915
-6.28238,-0.387861,-3.64637,1.86216,-0.223333,-0.253835,11.2254,57.948,-37.1414,26907348
-7.62792,-1.84353,-5.17387,-0.60808,0.20234,-0.153912,13.7602,59.0414,-35.039,26965982
-6.63433,-1.22344,-5.20978,0.66148,-0.216139,-0.155244,13.7602,59.0414,-35.039,27024368
-7.69496,-1.76692,-5.22654,-0.46006,0.0789682,-0.185354,14.8465,56.8547,-36.0902,27092092
-9.09557,-1.58496,-6.57448,0.204364,-0.119546,-0.202675,14.8465,56.8547,-36.0902,27150333
-12.9383,-3.96959,-8.00621,0.751411,0.00275998,-0.304197,16.476,55.5791,-36.9662,27222304
-8.07325,-3.18189,-3.69904,-0.475249,0.0334031,-0.0270758,16.476,55.5791,-36.9662,27281990
-8.96389,-4.00789,-2.31998,-0.201325,-0.361094,-0.283945,14.8465,55.0324,-36.0902,27339724
-10.0269,-2.42293,-4.57292,-1.69018,0.158241,0.00716464,14.8465,55.0324,-36.0902,27405246
-5.8203,-2.33674,-3.60567,-0.270872,-0.274494,0.0480666,9.23379,54.8502,-35.5646,27463095
-6.78995,-1.83635,-3.24893,-0.585697,0.134126,0.0162244,9.23379,54.8502,-35.5646,27520613
-6.84981,-1.71185,-4.8722,-0.489105,-0.180033,0.093232,5.79375,55.7613,-35.3894,27590908
-7.69017,-1.80283,-4.80756,0.130154,0.133726,0.0479334,5.79375,55.7613,-35.3894,27648941
-8.02776,-2.09014,-5.89452,-0.308843,0.0516558,0.124941,5.61269,55.2146,-34.8639,27708128
-9.07163,-1.86269,-5.46357,-0.0105382,0.368746,0.224864,5.61269,55.2146,-34.8639,27770299
-12.56,-1.04148,-8.67898,0.246198,0.0861627,0.201416,2.53477,56.4902,-35.039,27829242
-7.57286,0.924162,-3.10049,-0.437145,0.380204,0.580591,2.53477,56.4902,-35.039,27887144
-9.15542,1.07978,-3.1388,2.35605,-0.550149,0.570466,1.08633,54.668,-37.1414,27957889
-7.64468,-1.13485,-3.61285,-0.414095,0.279215,0.229794,1.08633,54.668,-37.1414,28015405
-6.61039,-0.141258,-3.73017,1.82952,-0.091168,0.0731141,2.35371,56.308,-38.7182,28083189
-7.51779,-1.36469,-4.56335,0.0667359,0.214331,0.160647,2.35371,56.308,-38.7182,28141426
-6.99346,-0.960075,-5.5306,0.905693,-0.282621,0.0895015,6.33691,55.5791,-38.3678,28198909
-8.02057,-1.85311,-5.22654,-0.265276,0.243908,0.0110283,6.33691,55.5791,-38.3678,28261618
-8.83939,-1.15401,-6.47871,0.5918,-0.0935662,-0.0654463,5.06953,56.8547,-38.1926,28330236
-9.50258,-1.80523,-4.78361,0.127489,0.290806,0.0144924,5.06953,56.8547,-38.1926,28390688
-10.3334,-2.69348,-2.82037,-0.2349,0.417775,0.0150253,6.33691,56.308,-39.7693,28454914
-8.45153,-2.57855,-3.4692,-0.521613,-0.115949,-0.314456,6.33691,56.308,-39.7693,28512823
-8.7508,-2.52349,-3.80678,-1.35777,-0.299542,-0.281148,5.61269,58.8592,-36.9662,28573845
-8.47547,-0.914585,-3.19147,-1.00551,0.336504,-0.180958,5.61269,58.8592,-36.9662,28644395
-6.18183,-1.19231,-3.79241,-0.401305,-0.440367,-0.14725,2.53477,57.948,-36.791,28702642
-7.8865,-1.12288,-4.87699,-0.300183,-0.108222,-0.105416,2.53477,57.948,-36.791,28769042
-7.74045,-1.39821,-4.19943,-0.376657,0.0294062,-0.0918261,0.362109,60.8637,-33.6375,28826966
-8.5066,-1.75495,-5.59285,0.297892,-0.069851,-0.016817,0.362109,60.8637,-33.6375,28884951
-9.75876,-1.3192,-5.37259,-0.162422,0.416709,0.11748,3.07793,61.0459,-33.8127,28946759
-8.64546,-1.18752,-4.08929,0.528249,0.527025,0.208077,3.07793,61.0459,-33.8127,29015402
-9.60314,-0.488417,-2.1069,-1.07319,0.87276,0.395267,2.17266,59.0414,-35.3894,29072969
-6.99107,1.20189,-4.48673,0.924478,-0.58319,0.343707,2.17266,59.0414,-35.3894,29134606
-9.90002,-0.368707,-4.10366,1.04106,-0.119013,0.116947,2.53477,59.0414,-35.039,29193323
-7.21852,-0.112527,-3.11007,-0.257815,0.253634,0.00276801,2.53477,59.0414,-35.039,29250681
-7.09402,0.610521,-4.21858,2.05268,-0.0818418,-0.0313392,1.81055,58.3125,-36.791,29309982
-7.45794,-0.845153,-4.86023,0.138414,0.126532,0.0544617,1.81055,58.3125,-36.791,29390760
-7.23528,-1.2378,-5.77481,1.00562,-0.20175,-0.116074,6.88008,59.7703,-38.1926,29451767
-7.99663,-1.30005,-5.77721,0.224881,0.00329291,-0.186021,6.88008,59.7703,-38.1926,29513570
-9.19852,-1.8986,-6.16028,0.219419,-0.0442706,-0.228388,8.87168,58.8592,-35.2143,29572432
-11.7172,-2.96881,-6.66785,1.03759,0.204339,-0.437295,8.87168,58.8592,-35.2143,29630995
-9.83777,-3.21541,-2.66953,-0.412364,0.339568,-0.0821003,12.6738,60.1347,-36.4406,29689438
-8.33421,-4.30477,-3.7972,0.0836563,-0.6582,-0.118872,12.6738,60.1347,-36.4406,29762203
-9.44752,-2.61926,-3.08373,-1.26877,0.487721,0.181298,12.1307,59.9525,-36.2654,29819821
-6.46674,-1.5275,-3.74932,0.318676,-0.232526,0.406192,12.1307,59.9525,-36.2654,29879068
-6.92163,-2.32238,-3.37343,-0.169616,0.0354016,0.362226,11.0443,60.317,-33.8127,29941247
-6.90966,-1.71185,-4.90332,0.118696,0.0425961,0.453223,11.0443,60.317,-33.8127,29998923
-7.63989,-1.68552,-4.69024,0.338661,-0.234258,0.439366,9.23379,58.8592,-36.2654,30075183
-9.49301,-2.54025,-5.54976,0.0194388,0.258963,0.414586,9.23379,58.8592,-36.2654,30133708
-8.94234,-1.88424,-4.81713,0.521188,0.290939,0.298008,8.50957,57.0369,-33.4623,30193888
-10.2089,-1.46765,-2.31519,-0.843766,0.888881,0.311465,8.50957,57.0369,-33.4623,30252796
-8.04691,1.52989,-3.85706,0.639763,-0.183497,0.341975,5.43164,53.939,-37.8422,30310734
-9.84256,-0.567425,-2.67911,1.57278,0.00955477,0.153186,5.43164,53.939,-37.8422,30369845
-7.13232,-1.04627,-3.15795,-0.333091,0.451083,-0.0602504,10.3201,55.9435,-36.2654,30443872
-6.4811,-0.648829,-4.2521,1.80434,-0.205214,-0.118339,10.3201,55.9435,-36.2654,30505877
-7.40526,-1.42216,-4.8315,0.236606,0.26296,-0.0373346,13.5791,55.2146,-38.0174,30563768
-6.49307,-1.49159,-5.29597,0.576478,-0.137666,-0.0930252,13.5791,55.2146,-38.0174,30623806
-8.28872,-1.92733,-5.4085,0.26938,0.096688,-0.118206,14.8465,53.939,-37.1414,30682561
-9.52892,-1.91536,-6.45237,0.120828,0.133726,-0.0839655,14.8465,53.939,-37.1414,30741409
-12.1099,-3.47159,-8.00381,0.690391,0.05925,-0.158175,17.3812,53.5746,-38.1926,30813161
-8.02297,-3.49553,-4.43645,-0.0439792,-0.180566,0.171572,17.3812,53.5746,-38.1926,30871485
-8.35097,-3.95761,-2.49955,-0.418892,-0.242385,0.0074311,18.1055,54.3035,-38.1926,30930219
-8.23845,-2.05422,-3.88818,-0.990054,0.106947,0.226197,18.1055,54.3035,-38.1926,30987762
-6.25365,-2.08774,-3.32555,-0.0191982,-0.21041,0.338511,16.1139,53.7568,-38.0174,31050753
-6.71573,-2.14042,-3.69665,-0.120454,-0.0320134,0.321057,16.1139,53.7568,-38.0174,31109651
-6.84981,-2.11887,-4.22098,-0.0811507,-0.18483,0.312264,14.1223,53.939,-37.8422,31184638
-8.77235,-2.51391,-4.80037,0.251128,0.158241,0.162512,14.1223,53.939,-37.8422,31246966
-8.9998,-2.38941,-5.80594,-0.0960726,0.218062,0.243783,14.3033,54.4857,-38.0174,31304869
-13.1801,-3.26808,-7.27598,1.22651,0.0969544,-0.0210804,14.3033,54.4857,-38.0174,31362333
-9.94791,-0.588974,-1.41018,-1.43998,0.921389,0.27789,15.5707,52.4812,-38.8933,31420695
-9.25119,0.526724,-4.74052,1.51829,-0.825138,0.160913,15.5707,52.4812,-38.8933,31482338
-7.6806,-1.55623,-3.47877,-0.838037,0.412179,-0.0441294,15.7518,53.7568,-39.7693,31551557
-5.87297,-0.471658,-2.91614,0.931939,-0.108755,-0.235183,15.7518,53.7568,-39.7693,31610836
-7.90086,-1.17316,-4.64954,0.0245016,0.258031,-0.130197,19.0107,53.7568,-41.1709,31669315
-6.49547,-0.794875,-4.81474,0.132019,-0.0654544,-0.0691769,19.0107,53.7568,-41.1709,31727030
-7.33583,-1.47243,-5.13317,0.0227696,0.0612485,-0.161773,19.916,52.4812,-39.9445,31788643
-9.30626,-0.806846,-6.99825,0.106306,0.0579177,-0.152713,19.916,52.4812,-39.9445,31861064
-10.0796,-1.99676,-5.60961,0.500137,0.412979,-0.167501,21.7266,53.5746,-39.9445,31921102
-10.2472,-3.38061,-3.99353,-0.411431,0.463873,-0.000163078,21.7266,53.5746,-39.9445,31983276
-7.91283,-3.40695,-4.47237,0.236472,-0.383344,0.0977618,23.175,52.8457,-39.9445,32041748
-9.37809,-2.90417,-1.87227,-1.0977,0.0499238,-0.0810344,23.175,52.8457,-39.9445,32099409
-7.24246,-0.397437,-5.26245,-0.985257,0.225656,0.220601,20.6402,53.939,-38.1926,32161748
-6.33027,-1.52271,-3.74932,0.73529,-0.214673,0.310399,20.6402,53.939,-38.1926,32232206
-6.92403,-2.01113,-4.65672,-0.229037,0.190216,0.370486,18.4676,54.3035,-37.1414,32290852
-7.29992,-1.77889,-5.22415,0.499737,-0.111286,0.294544,18.4676,54.3035,-37.1414,32350075
-8.26717,-2.82037,-5.09486,0.0698002,0.289873,0.240452,17.3812,55.7613,-37.1414,32413104
-8.59518,-1.61609,-6.74446,0.187044,0.215264,0.237521,17.3812,55.7613,-37.1414,32471096
-11.8585,-0.634463,-8.32943,-0.261279,0.221259,-0.238514,15.3896,54.1213,-36.9662,32535842
-7.63032,0.59855,-5.03022,-0.0481094,-0.163246,0.339443,15.3896,54.1213,-36.9662,32604511
-9.1243,0.440533,-3.95522,1.28793,-0.212675,0.154785,12.4928,53.0279,-37.667,32664764
-6.83305,-1.29047,-3.93128,0.0893852,0.108945,-0.0262764,12.4928,53.0279,-37.667,32726218
-6.05972,-0.83797,-4.42688,0.563422,-0.284087,-0.144319,14.1223,53.2101,-36.791,32784081
-7.34301,-0.960075,-5.14274,0.101376,0.182889,-0.107814,14.1223,53.2101,-36.791,32844550
-6.5649,-1.20668,-5.20978,-0.303514,-0.318594,-0.0533223,14.3033,52.6635,-36.6158,32914718
-8.49463,-0.557849,-5.70538,-0.213849,0.0960218,-0.211468,14.3033,52.6635,-36.6158,32973058
-8.99741,-0.61531,-6.67024,0.121227,-0.112618,-0.245841,15.2086,51.0234,-36.4406,33030659
-9.5361,-1.34554,-6.02381,0.296693,0.13799,-0.0659793,15.2086,51.0234,-36.4406,33089796
-9.61032,-2.26491,-3.31118,-0.80393,0.45095,-0.0497251,15.2086,51.7523,-36.0902,33148355
-7.61356,-3.31836,-4.46519,0.975239,-0.587321,0.0836393,15.2086,51.7523,-36.0902,33214653
-8.93037,-3.6751,-2.33195,-1.54456,0.121735,-0.164037,16.8381,50.4767,-35.915,33283421
-7.28316,-1.30484,-3.73495,0.639497,-0.137932,0.197552,16.8381,50.4767,-35.915,33343656
-6.49068,-2.44209,-3.17232,-1.08145,-0.145926,0.134134,13.9412,50.8412,-35.5646,33404863
-7.05811,-1.29047,-4.42209,0.232475,-0.130071,0.108953,13.9412,50.8412,-35.5646,33462746
-7.64229,-1.61609,-4.84107,-0.274736,-0.295411,0.181564,12.3117,49.5656,-35.039,33523155
-8.97825,-2.0638,-5.17147,-0.0820834,0.13306,0.112817,12.3117,49.5656,-35.039,33581959
-8.88009,-1.63045,-5.44202,0.0729978,0.226588,0.139996,11.0443,49.7478,-35.2143,33651576
-12.9454,-1.33118,-8.48744,0.680931,0.0709743,-0.0908935,11.0443,49.7478,-35.2143,33709099
-8.34379,0.0981622,-1.71185,-1.2332,0.691165,0.369154,11.2254,48.1078,-36.791,33768344
-9.35414,0.818817,-4.70461,2.23054,-0.815279,0.151854,11.2254,48.1078,-36.791,33829986
-8.13071,-1.4437,-3.22259,-0.826579,0.618421,-0.0304065,11.7686,47.5611,-35.915,33888978
-6.03339,-0.248997,-3.87142,1.10341,-0.165911,-0.210935,11.7686,47.5611,-35.915,33950378
-7.33583,-1.18752,-4.34069,-0.157359,0.436028,-0.119139,12.6738,47.3789,-37.4918,34019966
-6.84023,-0.514753,-5.72693,0.5914,-0.238788,-0.0711753,12.6738,47.3789,-37.4918,34080579
-7.93678,-1.54665,-5.66707,-0.049042,0.195146,-0.100353,14.6654,47.1967,-37.3166,34141807
-9.00698,-1.00317,-6.92403,0.318543,0.0507232,-0.147517,14.6654,47.1967,-37.3166,34202859
-9.23922,-1.7358,-5.28161,0.549432,0.291872,-0.0943575,15.7518,46.8322,-37.667,34262828
-10.5345,-2.86586,-3.32794,-0.308443,0.392195,0.0872366,15.7518,46.8322,-37.667,34332822
-7.71172,-3.64397,-4.40054,0.532246,-0.589319,-0.062382,15.7518,45.7389,-38.7182,34390853
-9.73482,-3.10528,-2.31998,-1.34365,0.265891,0.0191554,15.7518,45.7389,-38.7182,34449038
-7.37653,-0.972046,-4.42448,-0.220644,-0.157384,0.331716,15.5707,47.3789,-38.1926,34510658
-6.26323,-2.0231,-3.46201,-0.0442456,-0.171773,0.39953,15.5707,47.3789,-38.1926,34568797
-6.99825,-1.71904,-4.39575,0.164794,-0.0230869,0.31786,13.7602,48.1078,-38.543,34631026
-7.46033,-1.98,-4.57053,0.0387573,-0.183364,0.248846,13.7602,48.1078,-38.543,34700760
-8.80108,-2.30801,-5.09965,0.213423,0.187285,0.149056,12.3117,47.3789,-36.0902,34761484
-8.85615,-1.83875,-5.87058,0.0101126,0.158374,0.201815,12.3117,47.3789,-36.0902,34823232
-12.3637,-2.65756,-8.16183,0.615649,0.0584506,-0.145518,11.4064,47.5611,-36.9662,34884218
-8.67898,-0.466869,-2.17154,-1.09957,0.699825,0.160514,11.4064,47.5611,-36.9662,34945043
-9.03093,0.861912,-3.91452,1.33683,-0.518574,0.147723,8.69062,47.7433,-38.8933,35003508
-9.04529,-1.30723,-4.33111,0.0943148,0.104149,-0.0362687,8.69062,47.7433,-38.8933,35071879
-6.50983,-0.756567,-3.82593,0.374633,-0.064655,-0.207871,12.6738,48.4723,-38.8933,35130775
-7.63511,-0.909797,-4.55377,0.327603,0.200209,-0.170166,12.6738,48.4723,-38.8933,35192497
-6.66785,-0.682347,-5.42286,0.0265001,-0.1803,-0.151647,13.398,48.1078,-37.4918,35250044
-7.72369,-1.10851,-5.34146,0.0551448,0.0756374,-0.122469,13.398,48.1078,-37.4918,35312918
-7.96072,-0.957681,-5.7796,-0.0425136,-0.0456029,-0.194414,14.1223,49.2012,-38.8933,35370700
-8.85854,-1.24259,-5.9879,-0.0502411,0.180357,-0.233451,14.1223,49.2012,-38.8933,35442070
-10.5752,-2.48997,-7.29992,-0.049042,0.0441949,-0.193482,15.7518,48.6545,-37.667,35501429
-7.69496,-2.66475,-5.28161,0.0908507,-0.091168,-0.0699762,15.7518,48.6545,-37.667,35562461
-8.30309,-3.50272,-2.00155,-0.0636974,-0.338712,-0.19548,16.476,48.29,-36.9662,35621384
-10.07,-1.47962,-5.00867,-0.966871,0.228187,0.241119,16.476,48.29,-36.9662,35679185
-6.3997,-1.88663,-3.82115,0.385292,-0.356431,0.394468,14.1223,50.2945,-38.1926,35749462
-7.63032,-1.70707,-3.70622,0.201966,0.150913,0.38261,14.1223,50.2945,-38.1926,35811909
-7.48667,-1.67355,-4.61602,-0.0525061,-0.27929,0.375282,15.3896,49.7478,-35.5646,35872535
-8.17859,-1.97043,-4.37899,0.540506,0.27162,0.223799,15.3896,49.7478,-35.5646,35930067
-7.89368,-1.40061,-5.38216,0.303488,0.0272745,0.307334,11.9496,49.2012,-34.3383,35988445
-8.56166,-2.03747,-4.68306,0.560757,0.296668,0.370086,11.9496,49.2012,-34.3383,36047089
-12.1889,-1.82199,-8.73644,0.866656,0.0395318,0.2222,12.6738,48.4723,-35.7398,36115958
-9.29668,0.766144,-6.48589,0.143077,0.244974,0.484532,12.6738,48.4723,-35.7398,36180382
-7.57046,0.155623,-0.909797,1.05904,0.209402,0.432971,11.2254,47.7433,-37.1414,36241497
-9.36132,-0.117316,-5.98311,1.43382,-0.243984,0.241119,11.2254,47.7433,-37.1414,36299230
-7.21612,-1.5706,-2.56419,0.00091967,0.317852,0.0783101,12.4928,46.8322,-36.6158,36361537
-7.54652,-0.818817,-5.23133,0.90516,-0.0787775,-0.168834,12.4928,46.8322,-36.6158,36419485
-7.25922,-1.51074,-4.89135,-0.371461,-0.0638556,-0.225057,16.1139,48.6545,-37.667,36488187
-7.96072,-1.29287,-5.37977,-0.281797,0.0106206,-0.366016,16.1139,48.6545,-37.667,36549695
-7.60877,-1.20907,-5.4492,-0.718395,-0.210543,-0.547343,16.2949,48.4723,-36.0902,36608378
-8.47068,-1.33596,-5.26724,-0.940358,-0.0657209,-0.682307,16.2949,48.4723,-36.0902,36666284
-9.18655,-1.96085,-6.16986,-0.278999,-0.21414,-0.714682,14.1223,47.3789,-33.9879,36724529
-8.39646,-4.22337,-4.14197,-0.954881,-0.683647,-0.746258,14.1223,47.3789,-33.9879,36785515
-9.15782,-4.41491,-2.79882,-1.93453,-0.491528,-0.834723,16.476,49.3834,-31.36,36855328
-8.59039,-3.64637,-2.94008,-1.86112,-0.688577,-0.812473,16.476,49.3834,-31.36,36920167
-8.32703,-4.24971,-1.88424,-2.07429,-0.530298,-0.922389,15.5707,50.2945,-29.0824,36978434
-8.7939,-4.0031,-2.69348,-2.51075,-0.497257,-1.04376,15.5707,50.2945,-29.0824,37035832
-8.54251,-3.73974,-2.51391,-2.35168,-0.483401,-1.07521,14.4844,51.3879,-26.9801,37097726
-8.76517,-4.39575,-2.94487,-2.71167,-0.468879,-1.27039,14.4844,51.3879,-26.9801,37166627
-8.79869,-3.62243,-2.85149,-2.82385,-0.399998,-1.39443,16.2949,50.659,-24.8777,37228004
-8.40364,-3.0143,-4.03902,-2.86621,-0.428509,-1.31889,16.2949,50.659,-24.8777,37286986
-8.1738,-3.57215,-3.24414,-2.44187,-0.498189,-1.20151,16.2949,53.2101,-25.5785,37345333
-7.75242,-3.38301,-2.83234,-2.41056,-0.490462,-1.05256,16.2949,53.2101,-25.5785,37402809
-8.63588,-2.71742,-3.75171,-1.89989,-0.357497,-0.836588,17.5623,52.299,-24.0018,37465294
-8.72926,-2.75333,-4.27604,-1.9288,-0.191491,-0.679109,17.5623,52.299,-24.0018,37535318
-7.57525,-2.37026,-4.41491,-1.3603,-0.0201558,-0.795553,18.6486,51.9346,-23.301,37599679
-8.94952,-3.46201,-5.89213,-1.10117,-0.199219,-1.11597,18.6486,51.9346,-23.301,37660996
-8.77953,-0.823605,-2.51152,-2.38578,0.399522,-1.01898,19.916,52.8457,-24.5273,37719642
-8.19056,0.0574608,-5.79397,-0.641521,-0.734275,-0.892679,19.916,52.8457,-24.5273,37780199
-9.39484,-2.45406,-3.6344,-1.70977,0.0330035,-0.979679,22.2697,51.5701,-24.7025,37838794
-7.91762,-0.816422,-4.85065,-0.984858,-0.433839,-1.00792,22.2697,51.5701,-24.7025,37910400
-7.94396,-1.30484,-4.91051,-1.25851,-0.266634,-0.852176,25.1666,53.0279,-25.0529,37969533
-7.44118,-1.47243,-4.81234,-0.833507,-0.437969,-0.786227,25.1666,53.0279,-25.0529,38028024
-7.45075,-1.3192,-4.71179,-1.04228,-0.355232,-0.654861,26.9771,52.299,-24.7025,38085319
-8.07085,-1.3623,-5.2002,-0.59902,-0.379614,-0.563198,26.9771,52.299,-24.7025,38145483
-7.92002,-1.76692,-5.67904,-0.626599,-0.32339,-0.552673,28.9687,51.0234,-23.4762,38204092
-8.80827,-1.72382,-5.80115,-0.539599,-0.0861052,-0.524694,28.9687,51.0234,-23.4762,38278011
-9.59835,-2.38223,-5.29597,-0.281264,0.0693756,-0.531489,31.6846,52.6635,-23.301,38336320
-9.8689,-3.70383,-3.98395,-0.444472,0.253368,-0.383336,31.6846,52.6635,-23.301,38394344
-7.00064,-4.55616,-4.09408,-0.365466,-0.358563,-0.467671,32.9519,49.2012,-23.8266,38455618
-8.40843,-3.90255,-2.55701,-1.23733,-0.274228,-0.368414,32.9519,49.2012,-23.8266,38513712
-8.12592,-2.58334,-4.47955,-0.724791,-0.32379,0.00343417,32.4088,51.2056,-24.0018,38588067
-6.74686,-2.90656,-3.68946,-0.715198,-0.133003,0.0446026,32.4088,51.2056,-24.0018,38650753
-6.98149,-2.22661,-4.16591,-0.426353,-0.18483,0.188625,30.7793,52.1168,-23.8266,38708191
-7.68778,-2.30083,-4.43645,-0.135776,-0.340177,0.264301,30.7793,52.1168,-23.8266,38768524
-8.87051,-2.40378,-4.69263,0.00105292,0.0579177,0.325987,30.0551,51.7523,-24.1769,38827337
-9.15303,-2.16196,-5.78678,0.0202382,0.13266,0.442298,30.0551,51.7523,-24.1769,38884685
-9.17937,-1.8172,-4.91051,0.595531,0.288274,0.326253,26.9771,52.6635,-24.7025,38960717
-9.68694,-0.85473,-1.99916,-0.98619,0.885949,0.414452,26.9771,52.6635,-24.7025,39018679
-7.34301,0.543483,-3.09091,0.770863,-0.413587,0.315995,25.5287,52.6635,-26.1041,39078944
-9.56244,-0.672771,-4.40772,1.1094,0.17263,0.00982927,25.5287,52.6635,-26.1041,39140496
-6.92882,-1.03908,-3.15556,-0.167884,0.233916,-0.0839655,26.0719,54.3035,-23.1258,39198327
-6.72292,-0.651223,-4.52504,1.19454,-0.143794,-0.199743,26.0719,54.3035,-23.1258,39256142
-7.11796,-1.11809,-4.4173,-0.00947234,0.0641796,-0.161773,27.3392,52.6635,-23.6514,39331666
-7.7213,-1.03908,-5.60004,0.589802,-0.120079,-0.115808,27.3392,52.6635,-23.6514,39389005
-8.59758,-1.51313,-5.55933,0.0430208,0.158774,-0.140189,28.7877,53.0279,-21.1986,39450105
-9.03332,-1.56102,-5.99747,0.0867206,0.156109,-0.13899,28.7877,53.0279,-21.1986,39508771
-11.7771,-3.36146,-6.37336,0.923945,0.373542,-0.330976,29.693,51.3879,-21.3738,39566200
-8.61194,-3.08613,-2.78924,-0.684555,0.545011,-0.106615,29.693,51.3879,-21.3738,39639507
-7.99424,-3.74692,-4.21619,-0.126316,-0.76212,-0.315655,30.2361,49.7478,-23.301,39700973
-9.30147,-2.40378,-3.73017,-1.67806,0.46374,0.080575,30.2361,49.7478,-23.301,39758472
-6.56011,-1.56102,-3.91452,0.362243,-0.446096,0.230593,30.9603,50.8412,-23.6514,39816857
-6.78277,-2.45884,-3.64876,-0.719461,-0.0554621,0.214339,30.9603,50.8412,-23.6514,39875131
-7.06289,-1.63284,-4.68785,0.00997943,-0.225065,0.271628,29.693,51.3879,-23.1258,39932829
-7.65187,-2.03986,-4.6639,-0.279532,-0.277825,0.105889,29.693,51.3879,-23.1258,40010966
-9.414,-1.85072,-5.84424,0.164927,0.244974,0.211142,27.1582,51.7523,-23.4762,40070872
-8.27915,-1.80283,-5.09486,0.0751295,0.309458,0.170373,27.1582,51.7523,-23.4762,40129430
-12.7204,-2.09493,-7.20176,0.275642,0.508506,0.0881692,26.7961,52.1168,-24.5273,40188033
-7.79552,0.696712,-2.71502,-0.477114,0.201541,0.384475,26.7961,52.1168,-24.5273,40249396
-9.63666,-0.0694318,-4.61841,2.3334,-0.440101,0.192756,26.7961,51.0234,-27.3305,40308812
-6.95037,-2.11647,-2.48997,-0.73425,0.564729,-0.0831661,26.7961,51.0234,-27.3305,40385887
-6.71095,-0.177171,-4.26647,1.90666,-0.323656,-0.125667,26.7961,53.939,-26.2793,40443462
-7.25682,-1.84353,-5.02064,-0.1912,0.266957,-0.0144188,26.7961,53.939,-26.2793,40505423
-7.02937,-1.19949,-5.14035,1.12619,-0.228529,-0.01282,29.1498,51.9346,-24.0018,40567431
-8.64307,-2.1045,-5.68144,-0.211317,0.177959,-0.0334709,29.1498,51.9346,-24.0018,40625057
-8.94713,-1.71904,-6.46434,0.474956,0.046593,-0.0434632,29.5119,51.5701,-24.3521,40685000
-9.65342,-2.67672,-5.52103,1.03959,0.253368,-0.272221,29.5119,51.5701,-24.3521,40757657
-8.34379,-3.41174,-2.44209,-0.431149,0.449751,-0.0028277,32.7709,51.5701,-22.9506,40815247
-8.16183,-4.96318,-5.06613,0.445246,-0.808218,-0.152713,32.7709,51.5701,-22.9506,40874413
-9.67736,-3.29203,-2.18351,-1.86965,0.532354,0.0600574,34.0383,51.3879,-23.8266,40933077
-6.5218,-1.69509,-4.10605,0.156534,-0.399998,0.198218,34.0383,51.3879,-23.8266,40992110
-6.7732,-2.70305,-3.24654,-0.554788,-0.0362768,0.201283,31.5035,52.4812,-26.2793,41056658
-6.86657,-1.8579,-4.71179,-0.194264,-0.257041,0.168374,31.5035,52.4812,-26.2793,41126110
-7.94635,-2.32716,-4.62081,0.00531632,-0.0899689,0.0844387,29.1498,51.9346,-27.856,41188602
-8.95192,-2.67672,-5.26485,-0.184138,0.214065,0.0512642,29.1498,51.9346,-27.856,41246657
-8.37492,-2.03507,-5.41089,-0.00973883,0.21513,0.0848384,28.6066,53.939,-27.3305,41304086
-12.4355,-2.44209,-8.32703,0.620445,0.331175,-0.176295,28.6066,53.939,-27.3305,41366686
-7.8027,-0.150835,-3.3854,-0.51695,0.391395,0.197952,28.4256,53.7568,-32.7615,41438492
-9.24162,-0.756567,-3.96959,1.66271,-0.299675,0.0867036,28.4256,53.7568,-32.7615,41496490
-7.59201,-1.71664,-3.63919,-0.709869,0.371544,-0.0923591,28.7877,53.3924,-31.36,41554924
-6.40928,-0.754173,-4.23774,1.30885,-0.341909,-0.163771,28.7877,53.3924,-31.36,41613439
-7.76439,-1.99916,-4.84347,0.0973791,0.254567,-0.0595842,28.6066,51.7523,-32.5863,41670925
-6.2752,-1.38864,-5.30555,0.385958,-0.238388,-0.0529226,28.6066,51.7523,-32.5863,41736582
-7.91283,-2.11887,-5.63595,0.0932489,0.0608488,-0.0569196,28.2445,55.3969,-32.9367,41806143
-9.14345,-1.8986,-6.30872,0.144543,0.0363342,-0.0832993,28.2445,55.3969,-32.9367,41867157
-9.39006,-2.44448,-5.87058,0.472025,0.226855,-0.117806,27.3392,55.5791,-35.2143,41928320
-9.87847,-3.21302,-3.39498,-0.392912,0.36728,-0.0178828,27.3392,55.5791,-35.2143,41986492
-7.52497,-4.9129,-4.01029,0.482018,-0.478338,-0.0875627,25.5287,55.9435,-36.9662,42046331
-9.83777,-3.81875,-2.14281,-1.61517,0.207003,-0.0958231,25.5287,55.9435,-36.9662,42108119
-7.24725,-1.79086,-4.86262,-0.246357,-0.394136,0.139863,20.8213,61.4103,-35.5646,42176568
-6.71334,-2.50433,-3.29442,-0.644319,-0.0482676,0.147857,20.8213,61.4103,-35.5646,42240297
-7.02698,-1.76931,-4.31435,-0.371861,-0.238522,0.150388,20.8213,61.4103,-35.5646,42298512
-7.58962,-1.82678,-4.3335,-0.139639,-0.0689184,0.146391,20.8213,61.4103,-35.5646,42355964
-8.45632,-2.25773,-5.06852,0.010912,0.0866956,0.0387404,19.1918,64.5082,-27.3305,42421436
-8.93037,-1.98958,-5.99508,-0.0959394,0.215797,0.101359,19.1918,64.5082,-27.3305,42491417
-11.5831,-2.4373,-8.14986,0.998688,0.289207,-0.158042,22.0887,64.5082,-26.2793,42550598
-8.83939,-1.09654,-3.44526,-0.544129,0.666784,0.0865704,24.4424,62.1392,-27.856,42609440
-7.26401,-0.679953,-3.55539,0.775526,-0.51391,0.138664,24.4424,62.1392,-27.856,42667956
-9.8689,-1.18513,-4.37899,0.617247,0.252835,-0.00868988,24.4424,62.1392,-27.856,42726494
-6.75644,-1.4437,-3.75171,0.240603,-0.18896,-0.145918,26.615,61.0459,-26.8049,42788086
-7.69257,-1.6927,-4.3766,0.750078,0.199809,-0.114342,29.5119,59.9525,-24.3521,42862150
-6.60321,-1.65918,-5.5737,0.103907,-0.281955,-0.119538,29.5119,59.9525,-24.3521,42920792
-7.64229,-2.01592,-5.38935,-0.0984708,0.0954889,-0.115541,32.5898,59.0414,-25.2281,42982674
-7.84101,-1.71425,-5.88734,-0.156959,-0.24545,-0.233051,32.5898,59.0414,-25.2281,43040482
-8.61194,-2.0231,-5.76284,-0.498031,0.0464598,-0.275952,32.5898,59.0414,-25.2281,43101294
-10.8673,-2.45645,-7.94156,0.187976,-0.101027,-0.373477,32.5898,59.0414,-25.2281,43159771
-8.74841,-3.22978,-3.61524,-0.162821,-0.0480011,-0.0950237,33.6762,56.8547,-25.5785,43229446
-7.58722,-4.08211,-2.77727,-0.234766,-0.401996,-0.233184,33.6762,56.8547,-25.5785,43286785
-9.06205,-3.20823,-4.15873,-1.25558,0.0168825,-0.19961,33.6762,56.8547,-25.5785,43345850
-7.45794,-1.97043,-3.53863,-0.293388,-0.131937,0.0860375,35.6678,55.9435,-27.1553,43403706
-6.38054,-2.29604,-3.9624,-0.200126,-0.232526,0.119878,35.6678,55.9435,-27.1553,43464453
-7.20654,-2.23858,-3.65594,-0.42129,0.0314047,0.113883,34.7625,55.7613,-26.6297,43534489
-7.4723,-2.23858,-4.83389,0.126557,-0.0899689,0.10389,34.7625,55.7613,-26.6297,43594165
-8.84179,-2.63841,-5.2864,0.216754,0.219394,0.223132,34.7625,55.7613,-26.6297,43656161
-8.98304,-2.25055,-5.96635,0.408341,0.0795012,0.41765,34.7625,55.7613,-26.6297,43713819
-9.88087,-2.28646,-5.29358,0.939667,0.392195,0.390337,33.4951,55.9435,-27.5057,43774706
-9.44273,-1.41497,-2.78685,-0.182939,0.683704,0.717686,33.4951,55.9435,-27.5057,43833644
-7.46512,0.177171,-3.38301,0.895833,-0.350836,0.702365,32.0467,55.5791,-29.2576,43903190
-10.5896,-0.909797,-4.96557,1.56332,0.0461933,0.263901,32.0467,55.5791,-29.2576,43961373
-7.16345,-1.27132,-3.28245,0.354249,0.370744,0.220601,32.2277,57.2191,-25.2281,44019531
-6.95276,-1.18752,-4.74291,1.53081,-0.129938,0.0246179,32.2277,57.2191,-25.2281,44081438
-6.83784,-1.75495,-4.90332,0.210892,0.200608,0.0478001,32.9519,56.8547,-24.1769,44142305
-7.26401,-2.03268,-5.3678,0.684262,-0.0232201,-0.0204142,32.9519,56.8547,-24.1769,44203867
-7.48188,-1.93691,-5.55694,-0.189201,0.0520555,-0.0665122,35.3057,57.7658,-24.0018,44272571
-8.75559,-2.35829,-6.21056,0.0436869,-0.137932,-0.191083,35.3057,57.7658,-24.0018,44333958
-12.3373,-3.84509,-6.73968,0.27058,0.141987,-0.293938,35.3057,57.7658,-24.0018,44394958
-9.53371,-3.47877,-3.70383,-0.6258,0.106414,-0.115541,36.9352,55.3969,-23.4762,44456235
-7.32865,-3.66073,-1.82917,-0.217047,-0.359895,-0.203074,36.9352,55.3969,-23.4762,44516479
-9.77073,-3.22978,-3.93607,-1.65208,-0.0488005,-0.287409,36.9352,55.3969,-23.4762,44574937
-7.10838,-2.09493,-3.45962,-0.400772,-0.135667,-0.00202832,38.0215,55.7613,-25.2281,44644097
-6.77559,-2.6025,-3.64637,-0.905585,-0.303405,-0.150714,36.2109,55.7613,-25.2281,44702367
-7.15148,-2.42533,-4.36463,-0.640722,0.0399315,-0.00362709,36.2109,55.7613,-25.2281,44763973
-7.762,-2.08295,-4.64475,-0.43901,-0.329785,0.0784433,36.2109,55.7613,-25.2281,44824510
-8.14986,-2.81558,-4.94403,-0.41676,0.0545869,0.0112948,36.2109,55.7613,-25.2281,44886479
-8.70292,-2.52828,-5.50666,-0.220244,-0.00643297,-0.0113545,36.2109,55.7613,-25.2281,44955384
-11.7843,-1.92973,-6.72771,-0.0407817,0.0579177,-0.317919,36.392,57.0369,-27.856,45016328
-8.99741,-0.459687,-4.86023,-0.637657,-0.0982293,-0.185354,36.9352,54.668,-30.1336,45077929
-7.87453,-0.665588,-1.45089,0.129754,-0.177902,-0.267824,36.9352,54.668,-30.1336,45138922
-9.01417,-1.56341,-4.69263,0.133485,-0.263036,-0.404387,39.651,55.5791,-27.1553,45199709
-7.24725,-1.86508,-3.29681,-0.453132,-0.0553288,-0.484725,39.651,55.5791,-27.1553,45258314
-7.53695,-1.70946,-4.42688,-0.00281078,-0.107689,-0.462742,42.1857,53.7568,-28.2064,45328604
-7.14669,-1.7741,-4.67827,-0.333357,-0.259572,-0.462742,42.1857,53.7568,-28.2064,45391343
-7.81228,-1.87227,-4.79558,-0.718262,0.0268748,-0.418376,43.2721,52.6635,-29.9584,45449272
-7.97029,-1.76931,-5.2026,-0.250754,-0.19682,-0.479262,43.2721,52.6635,-29.9584,45510106
-9.38766,-2.03028,-5.26964,-0.628198,0.188351,-0.425703,43.2721,48.6545,-30.6592,45573135
-10.7763,-3.62961,-6.2776,-0.45633,-0.0666535,-0.406518,43.2721,48.6545,-30.6592,45630996
-7.42442,-3.75171,-4.69982,-0.340152,-0.381212,-0.307394,44.3584,47.5611,-32.4111,45699514
-8.57124,-4.23055,-2.07577,-1.15086,-0.251845,-0.355757,44.3584,47.5611,-32.4111,45757825
-8.34379,-2.15239,-4.58489,-1.18297,-0.0770455,-0.0551876,40.9184,51.0234,-34.6887,45819587
-6.34224,-3.04542,-2.95205,-0.261945,-0.345906,0.0176899,40.9184,51.0234,-34.6887,45877002
-7.04135,-2.6025,-3.65116,-0.68149,0.0356681,-0.0241447,40.9184,49.2012,-35.7398,45937509
-7.45315,-2.26731,-4.61123,-0.062898,-0.233326,0.13973,40.9184,49.2012,-35.7398,46007260
-8.35337,-2.86825,-4.70939,0.201433,0.0854965,0.0500651,38.9267,48.29,-36.2654,46068505
-8.95671,-3.0143,-5.63116,-0.188935,0.104415,0.132935,38.9267,48.29,-36.2654,46127436
-9.00698,-2.52349,-4.47237,0.560357,0.340901,0.114549,38.3836,49.2012,-33.6375,46190374
-9.66778,-1.8172,-3.4692,-0.824847,0.612159,0.143727,38.3836,49.2012,-33.6375,46252167
-7.59201,0.646434,-4.36702,0.0872535,-0.295145,0.20408,36.7541,47.9256,-36.6158,46310714
-9.42118,-0.493205,-2.71742,1.7717,-0.0173579,0.30467,36.7541,47.9256,-36.6158,46382443
-7.69496,-1.61609,-2.88741,-0.320301,0.184621,0.107088,39.832,50.2945,-32.2359,46442942
-7.32865,-0.684741,-4.72376,1.29406,0.0331367,0.00356738,39.832,50.2945,-32.2359,46500621
-7.02937,-1.52989,-4.47476,-0.043846,0.295336,0.0561937,39.832,51.0234,-31.8855,46563620
-7.00304,-1.09654,-5.33428,0.791247,-0.0777116,-0.0269426,39.832,51.0234,-31.8855,46622194
-7.45315,-1.62806,-5.39413,-0.218645,0.127331,-0.0990206,41.0994,49.7478,-30.6592,46679683
-8.23845,-1.21147,-5.59046,0.591001,0.0545869,-0.1691,41.0994,49.7478,-30.6592,46753870
-9.36132,-1.61609,-5.83467,-0.0902105,0.414178,-0.122869,39.832,48.1078,-30.484,46811976
-10.4339,-3.16274,-5.3678,-0.304579,0.160239,0.0721815,39.832,48.1078,-30.484,46872325
-7.3885,-2.95205,-3.7589,0.225281,-0.357364,0.389005,39.832,48.1078,-33.2871,46931853
-9.4547,-3.36625,-2.17154,-0.106331,-0.114084,0.0517971,39.832,48.1078,-33.2871,46994022
-8.25999,-0.713472,-4.76207,-0.583565,0.411913,0.54382,38.3836,49.2012,-33.2871,47051890
-6.61518,-1.75495,-3.76608,0.857996,-0.507782,0.539956,38.3836,49.2012,-33.2871,47125227
-7.71172,-1.88424,-4.11802,0.531713,0.433097,0.530763,35.3057,50.8412,-29.2576,47182695
-7.40047,-1.24738,-4.56335,0.680665,-0.261437,0.582723,35.3057,50.8412,-29.2576,47245774
-7.55131,-1.94888,-4.26647,0.853733,0.297601,0.533961,34.0383,54.3035,-25.9289,47307946
-8.20732,-2.06859,-5.57609,0.826154,0.0180816,0.525834,34.0383,54.3035,-25.9289,47365545
-9.742,-2.35589,-4.8315,0.880245,0.492784,0.506382,32.5898,55.3969,-26.6297,47439180
-10.4507,-2.33435,-1.35033,-0.259547,0.578985,0.510512,32.5898,55.3969,-26.6297,47497680
-10.8697,1.18274,-4.58011,-0.0519731,0.171697,0.161047,30.2361,56.6724,-28.2064,47560827
-7.97029,0.222661,-2.14999,1.40851,-0.0731818,0.462682,30.2361,56.6724,-28.2064,47622441
-8.52814,-0.241814,-3.27766,1.36387,-0.233592,0.25191,31.1414,57.2191,-26.6297,47680012
-6.78517,-1.39821,-2.77488,0.50067,0.542213,0.137065,31.1414,57.2191,-26.6297,47739913
-7.31428,-0.909797,-4.2521,1.14404,-0.0257515,0.131869,33.133,58.4947,-27.5057,47809649
-7.05332,-1.79326,-4.68785,0.0873867,0.282945,0.0884356,33.133,58.4947,-27.5057,47867746
-6.90727,-1.34794,-5.00388,0.369171,0.0279407,-0.0406653,32.4088,57.7658,-27.856,47930460
-8.26957,-1.42216,-5.32949,0.0292979,0.0912255,-0.142854,32.4088,57.7658,-27.856,47988987
-9.81144,-1.52271,-6.17464,-0.0647633,0.109212,-0.167102,34.4004,59.0414,-27.6809,48046906
-11.3413,-3.0981,-7.85059,0.179183,-0.0201558,-0.250638,34.4004,59.0414,-27.6809,48108762
-8.28633,-2.84192,-4.40054,-0.498031,0.0683097,-0.16457,35.3057,58.8592,-28.2064,48210115
-9.73243,-3.08613,-4.18985,-1.50086,0.088028,-0.221593,35.3057,58.8592,-28.2064,48269563
-6.45237,-2.25773,-3.22978,-0.890796,0.0367339,-0.0426638,35.6678,59.9525,-28.9072,48328253
-6.12437,-2.41335,-3.56257,-0.917576,-0.291281,-0.142854,35.6678,59.9525,-28.9072,48385633
-7.11796,-1.77171,-4.24971,-0.425287,0.0158166,-0.117273,34.0383,61.2281,-31.8855,48445202
-7.72848,-1.87705,-4.72855,-0.436079,-0.329652,-0.0461279,34.0383,61.2281,-31.8855,48503255
-9.4954,-2.70305,-5.42286,-0.155494,0.175161,0.0330115,31.5035,61.2281,-31.1848,48575269
-8.25042,-2.13323,-5.06852,-0.143903,0.190083,0.0495321,31.5035,61.2281,-31.1848,48634106
-9.87129,-1.82917,-5.10922,-0.564247,0.36728,-0.10435,29.3308,61.2281,-30.8344,48691936
-7.96551,0.560243,-3.94325,-0.544395,0.0834981,0.0929655,29.3308,61.2281,-30.8344,48750842
-9.14345,0.208295,-3.3016,1.62261,-0.242252,0.172904,29.3308,62.6859,-31.8855,48812651
-7.57286,-1.58496,-4.28083,-0.721326,0.185153,-0.116874,29.3308,62.6859,-31.8855,48886094
-6.79953,-0.169988,-4.11802,1.09302,0.0629805,-0.2565,29.5119,62.8682,-31.7103,48948911
-7.40766,-1.29287,-5.6551,-0.127782,0.0286068,-0.0778369,29.5119,62.8682,-31.7103,49006637
-6.45477,-1.00317,-4.67827,0.233541,-0.156984,-0.134327,32.5898,61.5926,-30.8344,49064260
-7.69975,-1.53468,-5.9017,0.129621,0.0865624,-0.248906,32.5898,61.5926,-30.8344,49122581
-9.4954,-1.08218,-6.50026,0.137615,-0.0609245,-0.299933,33.8572,61.7748,-28.5568,49184570
-10.908,-2.56419,-5.40611,0.772195,0.36395,-0.314589,33.8572,61.7748,-28.5568,49255573
-8.70053,-3.23217,-3.91691,-0.666702,0.178892,-0.0439961,35.6678,61.0459,-28.5568,49317275
-7.66623,-4.13,-3.33273,0.480152,-0.718154,-0.265826,35.6678,61.0459,-28.5568,49375308
-9.98382,-2.96642,-2.21703,-1.65394,0.557135,-0.00589202,34.4004,61.2281,-28.0312,49432756
-6.50983,-1.29526,-4.48194,0.0126441,-0.293813,0.281488,34.4004,61.2281,-28.0312,49495472
-6.70855,-2.30801,-2.81079,-0.0377174,-0.0711833,0.286817,31.8656,60.4992,-30.8344,49553028
-7.27598,-1.7741,-4.91051,0.118563,-0.0960976,0.40859,31.8656,60.4992,-30.8344,49624154
-7.61835,-2.03747,-4.47955,0.42646,-0.0622568,0.359028,29.874,62.1392,-30.3088,49683266
-8.98065,-2.75094,-5.88495,0.346788,0.225123,0.3084,29.874,62.1392,-30.3088,49741769
-8.73883,-2.22661,-5.73411,0.0654036,0.275617,0.333581,28.4256,65.0549,-31.7103,49799700
-12.1841,-2.57855,-7.35259,0.416468,0.200342,0.0901677,28.4256,65.0549,-31.7103,49862403
-8.00621,0.47884,-3.73974,-0.340152,0.250037,0.320924,25.7098,65.6015,-33.6375,49920227
-9.14585,-0.258574,-3.33273,1.69575,-0.131537,0.154385,25.7098,65.6015,-33.6375,49993931
-7.19936,-1.30963,-3.74932,-0.581167,0.213265,-0.0906271,23.5371,65.966,-33.2871,50055553
-6.59363,-0.37589,-3.90494,1.27994,-0.0966305,-0.161639,23.5371,65.966,-33.2871,50113299
-7.24246,-1.37188,-4.84107,0.0207711,0.156109,-0.0622488,24.8045,67.9705,-32.4111,50173102
-6.82347,-0.998382,-4.93445,0.766066,-0.159516,-0.0755719,24.8045,67.9705,-32.4111,50231648
-8.26957,-1.65679,-5.91368,0.0463516,0.11987,-0.0525229,26.615,68.6994,-28.9072,50304406
-9.2057,-1.71904,-6.4835,0.564621,0.0527217,-0.0326715,26.615,68.6994,-28.9072,50366886
-10.058,-2.32238,-5.45399,0.517057,0.402853,-0.0714418,26.615,68.6994,-28.9072,50424482
-9.36132,-2.94966,-3.07415,-0.468987,0.473066,0.0620559,26.615,68.6994,-28.9072,50481803
-7.85059,-4.27365,-4.34547,0.708777,-0.455289,0.094431,29.1498,70.1572,-26.4545,50541195
-9.7827,-3.53145,-1.24259,-1.32047,0.433496,-0.0228124,29.1498,70.1572,-26.4545,50602594
-7.34062,-1.26414,-4.85544,-0.0275918,-0.0350777,0.300673,27.8824,69.2461,-25.2281,50672908
-6.28478,-2.28167,-3.71819,-0.379322,-0.00763205,0.277491,27.8824,69.2461,-25.2281,50736408
-6.58884,-1.66636,-4.63757,0.0392903,-0.0105631,0.287883,28.2445,68.5172,-25.2281,50794090
-7.07486,-1.72622,-4.52983,0.0908507,-0.138465,0.308667,28.2445,68.5172,-25.2281,50851754
-8.6263,-2.54982,-5.67665,0.282171,0.0882944,0.190091,25.7098,66.6949,-24.5273,50911231
-9.05008,-2.40378,-6.38773,0.164261,0.201674,0.210875,25.7098,66.6949,-24.5273,50969725
-10.7835,-2.56658,-5.87776,0.938867,0.214997,-0.0407986,26.0719,67.0594,-25.5785,51040400
-8.53772,-0.471658,-2.88262,-0.584631,0.599502,0.312264,26.0719,67.0594,-25.5785,51102794
-8.34618,0.0215478,-3.45962,1.38879,-0.521105,0.267765,26.2529,65.0549,-26.8049,51160908
-9.03093,-1.5275,-4.70221,0.116831,0.147715,0.0311463,26.2529,65.0549,-26.8049,51220236
-6.07648,-0.885855,-3.45483,0.429258,-0.0791772,-0.162172,26.2529,65.0549,-25.0529,51279090
-7.15387,-1.06542,-4.62081,0.851601,0.0772362,-0.111011,26.2529,65.0549,-25.0529,51352473
-6.61757,-1.10373,-5.05895,0.47429,-0.0881037,-0.0173499,28.6066,64.1437,-24.1769,51415362
-7.78594,-2.0231,-5.55455,0.142012,0.208202,-0.0302733,28.6066,64.1437,-24.1769,51473291
-8.70292,-1.68552,-6.53378,0.347321,0.0355348,-0.0598507,29.693,64.1437,-22.425,51531112
-8.77953,-2.02789,-6.2345,0.000120312,0.228987,-0.0675781,29.693,64.1437,-22.425,51595238
-10.0604,-3.5075,-7.93678,-0.216647,0.179824,-0.120071,30.4172,62.3215,-23.8266,51653136
-6.73489,-3.32315,-2.89459,0.0527466,-0.0682522,0.0271493,30.5982,61.0459,-25.0529,51727366
-9.69891,-3.1795,-2.05662,-1.26997,0.287875,-0.0144188,30.5982,61.0459,-25.0529,51786164
-6.92882,-0.744596,-5.67904,-0.384918,-0.115549,0.311998,30.5982,61.0459,-25.0529,51843819
-6.04536,-2.10211,-3.19386,0.0941815,-0.320059,0.403527,29.693,61.2281,-25.5785,51903757
-6.62236,-1.89621,-4.71658,0.0462183,0.069642,0.345039,29.693,61.2281,-25.5785,51965853
-6.88333,-1.82917,-4.77883,0.137881,-0.345373,0.266433,28.2445,61.5926,-24.8777,52023754
-8.53772,-2.52588,-5.50427,0.1572,0.17223,0.12574,27.3392,61.7748,-23.6514,52094616
-8.71968,-2.40378,-6.37336,0.140279,-0.034678,0.195154,27.3392,61.7748,-23.6514,52154138
-13.7116,-3.62243,-8.66222,0.942997,0.144518,-0.135526,27.3392,61.7748,-23.6514,52212767
-8.97586,-0.342371,-2.03986,-1.23493,0.564462,0.257639,26.7961,61.5926,-22.7754,52270717
-8.88009,0.845153,-5.01346,2.04922,-0.65407,0.279889,26.7961,61.5926,-22.7754,52333570
-7.97029,-2.00395,-3.44047,-0.26834,0.225523,0.0331447,24.8045,59.9525,-21.8994,52391651
-5.61201,-0.964863,-3.58651,1.00215,-0.354433,-0.232518,26.434,59.7703,-19.9723,52465755
-7.51061,-1.72861,-4.54898,0.502535,0.337836,-0.12127,26.434,59.7703,-19.9723,52527098
-6.93121,-1.2402,-5.14753,0.468961,-0.201483,-0.0844984,26.434,59.7703,-19.9723,52584684
-8.16662,-2.18112,-5.29118,0.189042,0.339302,-0.0798354,26.434,59.7703,-19.9723,52642362
-9.60075,-1.89621,-6.43322,0.349586,0.138389,-0.092892,26.434,59.7703,-19.9723,52701624
-12.0524,-4.38139,-6.32787,0.977504,0.399922,-0.295004,31.1414,58.3125,-19.6219,52774552
-7.37893,-3.7158,-2.83713,-0.283795,0.349161,-0.0898277,31.3225,55.5791,-20.4978,52832739
-8.28633,-4.38618,-4.23534,-0.0273253,-0.738405,-0.287143,31.3225,55.5791,-20.4978,52892145
-9.05487,-3.00472,-3.86903,-1.72323,0.388864,0.114815,31.3225,55.5791,-20.4978,52953561
-5.3654,-2.26252,-3.40455,0.0435537,-0.303938,0.229261,31.3225,55.5791,-20.4978,53011328
-6.05972,-2.57616,-3.47638,-0.427685,-0.0380088,0.194221,31.3225,55.5791,-20.4978,53072950
-6.79235,-2.50673,-4.64954,-0.157226,-0.237855,0.262569,31.5035,55.7613,-19.9723,53145270
-8.28633,-2.48757,-5.14753,0.232875,0.0110203,0.168774,29.3308,56.1258,-19.9723,53203029
-9.26795,-3.18189,-6.18183,-0.105266,0.236314,0.234724,29.3308,56.1258,-19.9723,53261895
-8.90882,-2.36068,-4.72615,0.495074,0.269755,0.0958966,29.3308,56.1258,-19.9723,53320326
-10.422,-2.07098,-2.13563,-1.27543,0.839985,0.094964,28.7877,55.9435,-22.2498,53377888
-7.86256,0.646434,-4.84107,0.545435,-0.596514,0.194621,28.7877,55.9435,-22.2498,53436303
-10.1993,-1.27132,-3.05739,0.932206,0.28028,0.0820405,27.3392,54.4857,-24.0018,53512494
-5.92804,-1.00556,-3.41174,0.0210376,-0.173638,-0.180558,27.3392,54.4857,-24.0018,53570147
-7.12754,-1.06302,-3.82593,1.38293,0.311856,-0.0731738,27.3392,54.4857,-24.0018,53631989
-6.47392,-1.67594,-5.15232,0.0234358,0.0342025,-0.0300069,27.3392,54.4857,-24.0018,53689709
-6.73249,-2.17154,-5.19781,0.677201,-0.0156259,-0.137125,32.4088,55.2146,-22.2498,53747389
-8.30548,-2.27449,-6.37097,-0.032921,0.129862,-0.128065,32.4088,55.2146,-22.2498,53808845
-9.00219,-2.52349,-6.6463,-0.0447786,0.259763,-0.128331,31.6846,55.2146,-21.8994,53878566
-11.9064,-4.27844,-8.22887,0.387823,0.256565,-0.314322,31.6846,55.2146,-21.8994,53937458
-6.66306,-3.57933,-2.27449,-0.327895,0.0657783,-0.168834,33.8572,52.6635,-21.8994,53995995
-8.9591,-4.15633,-4.88656,-0.51695,-0.719886,-0.29607,33.8572,52.6635,-21.8994,54053745
-9.15063,-1.95606,-4.40533,-1.39867,0.428167,0.240985,34.7625,53.939,-21.3738,54111582
-4.98473,-2.28167,-3.79481,-0.0555703,-0.525102,0.290014,34.7625,53.939,-21.3738,54184640
-6.42125,-2.11887,-3.61764,-0.0619654,0.284411,0.278024,31.5035,53.2101,-24.5273,54242978
-6.4811,-2.02549,-5.09486,-0.332558,-0.461284,0.326653,31.5035,53.2101,-24.5273,54307445
-8.35097,-2.49955,-5.16429,0.373567,0.236714,0.205679,30.7793,53.2101,-22.7754,54365476
-9.39724,-2.98796,-7.00064,-0.150964,0.145051,0.211941,30.7793,53.2101,-22.7754,54422936
-10.0269,-1.70467,-4.81953,0.598595,0.438159,0.0360758,30.0551,52.8457,-25.2281,54488581
-9.80186,-0.905008,-2.56658,-1.20096,0.776833,0.256174,27.5203,52.8457,-26.6297,54557134
-8.40604,0.447716,-4.17788,1.21279,-0.538292,0.323988,27.5203,52.8457,-26.6297,54617387
-8.68856,-1.26893,-4.33111,0.440849,0.0352684,0.150921,27.5203,52.8457,-26.6297,54678259
-5.64792,-1.02232,-2.82516,0.302155,-0.127007,-0.14312,27.5203,52.8457,-26.6297,54735950
-6.96234,-0.651223,-4.5825,1.27048,0.259896,-0.0714418,27.5203,52.8457,-26.6297,54796217
-6.44758,-1.46525,-5.18584,0.206495,-0.100361,-0.0393331,30.9603,50.8412,-22.9506,54858030
-7.13472,-1.69509,-5.35343,0.662013,0.1673,-0.119005,33.4951,50.8412,-22.2498,54927095
-9.13627,-2.11168,-6.66785,0.295893,0.110944,-0.143253,33.4951,50.8412,-22.2498,54989160
-8.93516,-2.65038,-6.96712,0.128955,0.301864,-0.109546,33.4951,50.8412,-22.2498,55047027
-9.87129,-4.09648,-6.94558,-0.28606,0.283878,-0.146318,34.5814,49.7478,-22.6002,55105000
-7.02937,-3.57215,-3.13161,0.176652,-0.0992951,0.0242182,34.5814,49.7478,-22.6002,55166704
-9.00938,-4.2928,-3.30639,-0.515618,-0.410123,-0.130463,35.8488,49.5656,-23.4762,55225222
-7.0174,-1.31681,-4.98712,-0.86868,-0.0586596,0.284952,35.8488,49.5656,-23.4762,55293734
-5.35583,-2.1883,-3.2633,0.257656,-0.46275,0.395667,35.8488,49.5656,-23.4762,55353064
-6.72531,-2.47321,-4.32153,-0.0998031,0.0565854,0.318526,35.8488,49.5656,-23.4762,55411767
-7.13951,-2.229,-4.80277,-0.263144,-0.357097,0.367422,32.7709,51.5701,-24.3521,55469002
-7.94635,-2.48279,-5.18105,0.322407,0.0419299,0.225397,32.7709,51.5701,-24.3521,55533934
-9.64384,-3.18429,-6.41646,-0.183073,0.277483,0.20408,31.8656,53.2101,-22.425,55603410
-13.8026,-2.56658,-9.57201,0.888905,0.01142,-0.073307,31.8656,53.2101,-22.425,55664765
-8.53532,-0.263362,-2.9329,-0.998447,0.690233,0.264701,31.1414,53.5746,-23.8266,55726478
-8.49223,0.605733,-3.58412,1.6294,-0.61943,0.199018,31.1414,53.5746,-23.8266,55784393
-8.0493,-1.28329,-4.24252,-0.173347,0.211,0.0356761,29.1498,53.7568,-24.0018,55846181
-5.94241,-0.509965,-3.19626,0.876515,-0.112885,-0.146451,29.1498,53.7568,-24.0018,55904703
-7.11078,-1.35272,-4.93924,0.619645,0.235115,-0.0711753,30.2361,54.1213,-22.6002,55974382
-6.16986,-1.10612,-5.37977,0.622976,-0.153653,-0.0999532,30.2361,54.1213,-22.6002,56031820
-7.6782,-2.16196,-5.6551,0.0675353,0.122402,-0.144452,30.7793,55.3969,-21.7242,56090316
-9.33738,-1.74537,-6.72052,0.390088,0.121202,-0.162572,30.7793,55.3969,-21.7242,56148658
-12.366,-4.39575,-6.60321,1.00548,0.392594,-0.364151,32.2277,56.8547,-21.0234,56209281
-9.07881,-3.39737,-3.12683,-0.447936,0.633876,0.0378078,32.2277,56.8547,-21.0234,56271413
-7.73566,-4.28562,-4.58011,0.648556,-0.791831,-0.0625153,31.1414,55.3969,-23.1258,56340580
-9.26316,-2.8898,-4.48434,-1.62437,0.414711,0.138797,31.1414,55.3969,-23.1258,56400808
-5.76045,-1.90339,-3.35188,0.128688,-0.177102,0.316527,30.2361,60.317,-24.3521,56459494
-6.16028,-2.38462,-4.11324,-0.228371,-0.170307,0.254042,30.2361,60.317,-24.3521,56520901
-6.60081,-2.02071,-4.84586,-0.123252,-0.079044,0.27789,26.615,59.5881,-21.1986,56579891
-7.48906,-2.03268,-4.59926,0.27018,-0.21867,0.245649,26.615,59.5881,-21.1986,56637935
-9.26556,-2.92811,-5.61679,0.116031,0.285876,0.305336,26.9771,62.5037,-21.1986,56706324
-8.41083,-1.92254,-5.24091,0.350385,0.419907,0.312531,26.9771,62.5037,-21.1986,56764168
-9.84974,-1.68791,-4.5011,-0.663637,0.609628,0.295877,26.2529,63.5971,-21.8994,56822538
-7.6806,0.842759,-3.21541,-0.116857,-0.113684,0.477337,26.2529,63.5971,-21.8994,56883501
-10.1418,-0.476446,-4.52743,2.91935,-0.176036,0.372218,22.4508,63.7793,-23.4762,56942305
-5.97593,-2.63362,-2.78685,-1.33459,0.434829,-0.0843652,22.4508,63.7793,-23.4762,57003560
-6.13634,-0.141258,-4.12521,1.88547,-0.139931,-0.245841,24.2613,64.8726,-22.0746,57071873
-7.2688,-1.94888,-5.94001,-0.0888782,0.175561,-0.09982,24.2613,64.8726,-22.0746,57135451
-6.19859,-1.24738,-4.92487,0.48335,-0.299275,-0.151647,25.3477,61.957,-21.0234,57196475
-8.2983,-2.01113,-6.10282,0.16959,0.207137,-0.118472,25.3477,61.957,-21.0234,57254077
-8.71968,-1.97043,-6.49786,0.606456,-0.143928,-0.0204142,27.3392,63.2326,-20.8482,57315889
-14.0013,-5.83706,-8.11634,0.861859,0.400455,-0.174829,27.3392,63.2326,-20.8482,57384415
-7.62553,-3.59609,-3.19147,-0.088212,0.0291398,0.077111,27.5203,61.2281,-20.3226,57445509
-8.90643,-4.19225,-3.00712,-0.536801,-0.273162,-0.0423974,27.5203,61.2281,-20.3226,57506472
-8.57124,-1.7765,-4.88417,-1.59386,0.259763,0.300806,28.6066,61.957,-19.6219,57567169
-5.51863,-1.98719,-3.86185,0.16586,-0.515243,0.411122,28.6066,61.957,-19.6219,57627105
-6.61518,-2.12605,-3.43807,-0.412763,0.0608488,0.267632,24.0803,61.7748,-19.7971,57685736
-6.7301,-1.83396,-5.17866,-0.299517,-0.264901,0.307468,24.0803,61.7748,-19.7971,57754472
-7.6806,-1.95846,-4.59687,0.341592,-0.00430127,0.16904,20.8213,62.1392,-19.7971,57813733
-9.25119,-2.65517,-6.37576,-0.061166,0.173562,0.182097,20.8213,62.1392,-19.7971,57875523
-10.0652,-1.82438,-4.35266,0.613117,0.361019,0.177434,21.3644,60.8637,-21.0234,57933172
-10.5465,-1.13485,-2.23858,-1.04335,0.897674,0.417783,21.3644,60.8637,-21.0234,57994867
-7.17303,1.29766,-3.83551,0.453906,-0.271163,0.51291,18.2865,61.7748,-23.301,58052759
-9.14585,0.749385,-3.10049,2.47209,-0.0711833,0.377014,18.2865,61.7748,-23.301,58123783
-7.00064,-1.06063,-3.18908,0.147074,0.077103,0.00410032,16.657,60.1347,-22.7754,58185681
-6.96712,-0.248997,-4.43167,1.49897,0.118538,0.0180896,16.657,60.1347,-22.7754,58246641
-6.93121,-1.76213,-4.88417,0.30855,0.191149,0.0907006,19.1918,59.4058,-22.425,58306609
-6.7732,-1.23301,-5.31513,0.812297,-0.0313472,0.0515306,19.1918,59.4058,-22.425,58365102
-7.95114,-1.78129,-5.88255,-0.0866132,0.226189,-0.0356026,20.0971,58.8592,-23.301,58422981
-8.56645,-1.76453,-6.59842,0.437252,0.0615149,-0.182956,20.0971,58.8592,-23.301,58496107
-10.41,-3.43807,-7.06529,-0.474316,0.137457,-0.313656,21.3644,59.0414,-23.1258,58557072
-8.03494,-2.82516,-5.12838,-0.323632,-0.162447,-0.206938,21.3644,59.0414,-23.1258,58615678
-8.10677,-3.11246,-2.24815,-0.863484,-0.269831,-0.376008,22.8129,55.0324,-23.8266,58673894
-9.01656,-1.3216,-4.96078,-0.84723,0.0816328,0.0651202,22.8129,55.0324,-23.8266,58735416
-5.66468,-2.37505,-3.91212,-0.345082,-0.320859,0.156517,20.8213,55.5791,-25.0529,58805016
-6.75165,-2.02789,-3.71101,-0.0321216,-0.0890363,0.194221,20.8213,55.5791,-25.0529,58867483
-7.13711,-1.58017,-5.05655,-0.359604,-0.337779,0.198485,20.8213,55.5791,-25.0529,58928201
-8.21211,-1.97043,-4.67348,0.40421,0.0636466,0.067918,20.8213,55.5791,-25.0529,58985819
-9.18655,-2.18112,-6.31111,0.0536792,0.00728984,0.172638,19.5539,54.668,-21.7242,59043953
-9.4954,-1.90578,-4.18506,0.226214,0.521029,0.104956,19.5539,54.668,-21.7242,59103140
-11.7531,-1.76931,-3.62243,-1.1911,0.612026,0.154652,18.4676,54.3035,-23.4762,59175399
-6.91206,0.677559,-2.6025,0.114832,-0.533362,0.297875,18.4676,54.3035,-23.4762,59238036
-9.55286,-0.289698,-2.79403,2.98943,0.265492,0.0942978,17.3812,52.1168,-23.1258,59296251
-6.87375,-2.1476,-3.47877,-0.816454,0.158507,-0.226523,17.3812,52.1168,-23.1258,59357976
-7.69736,0.189142,-4.51067,1.84177,0.177826,-0.0206807,19.735,51.5701,-22.2498,59415953
-6.6463,-1.84593,-5.22894,-0.214382,0.170365,0.0435368,19.735,51.5701,-22.2498,59473541
-6.44519,-1.26893,-5.26485,1.2858,0.0499238,-0.123535,18.1055,51.7523,-22.425,59545093
-7.96551,-2.06141,-6.41885,-0.377457,0.111477,-0.196679,18.1055,51.7523,-22.425,59605705
-8.7939,-2.09732,-6.19859,0.64869,-0.0521313,-0.189485,17.5623,48.6545,-23.6514,59665840
-10.75,-3.95283,-6.59363,-0.474049,0.175428,-0.274619,17.5623,48.6545,-23.6514,59726998
-8.00381,-2.9736,-3.90734,-0.159091,-0.00203634,0.068451,15.3896,47.1967,-24.0018,59784516
-8.19056,-3.56257,-1.43173,0.316011,-0.399865,0.039673,15.3896,47.1967,-24.0018,59846053
-9.27753,-1.93212,-4.84826,-0.606748,0.49345,0.464414,16.1139,48.6545,-23.301,59914986
-6.2345,-2.28646,-3.32315,0.56129,-0.244784,0.619362,16.1139,48.6545,-23.301,59978315
-7.16105,-2.19548,-4.16591,0.68253,0.292671,0.4832,11.9496,51.3879,-19.2715,60039475
-6.78038,-1.59693,-5.47314,0.0479503,-0.0793104,0.60817,11.9496,51.3879,-19.2715,60097385
-7.5561,-1.97761,-4.73094,1.04279,-0.109287,0.484665,10.6822,51.5701,-19.7971,60154719
-8.56406,-2.56898,-6.13394,0.241668,0.189284,0.440566,10.6822,51.5701,-19.7971,60213579
-10.4339,-2.18112,-4.80756,1.10141,0.453748,0.302405,10.3201,52.6635,-20.4978,60289045
-11.3126,-1.09415,-2.05422,-1.19696,0.855972,0.618163,10.3201,52.6635,-20.4978,60346462
-6.61518,1.07978,-3.36385,0.437385,-0.499655,0.523835,10.3201,52.6635,-20.4978,60404676
-9.26795,-0.3304,-2.38223,2.82422,0.111876,0.279756,10.3201,52.6635,-20.4978,60463210
-7.41484,-2.1476,-3.29921,-0.222642,0.200342,-0.0521233,7.6043,53.5746,-19.2715,60521218
-6.75404,-0.102951,-4.55856,1.65738,0.0692424,-0.00922281,7.6043,53.5746,-19.2715,60594252
-6.49307,-1.67355,-4.78601,-0.218246,-0.00536712,0.0222198,11.4064,54.4857,-20.1475,60656782
-7.05571,-1.43652,-4.82671,1.36734,-0.153387,-0.0991538,11.4064,54.4857,-20.1475,60717283
-9.26316,-2.14999,-6.13394,-0.00294402,0.0864291,-0.146184,11.4064,54.4857,-20.1475,60778596
-9.56004,-2.73178,-5.74129,0.707711,0.14998,-0.119938,11.4064,54.4857,-20.1475,60837236
-11.4156,-4.02944,-3.61764,-0.166818,0.43736,0.0519303,14.6654,54.1213,-17.3443,60897957
-7.75482,-3.78523,-3.64637,-0.0117373,-0.257174,0.185561,16.2949,55.7613,-15.4172,60971611
-8.63588,-4.37899,-1.64242,-1.26504,0.409381,0.066186,16.2949,55.7613,-15.4172,61029525
-7.82904,-1.78129,-4.42209,-0.461925,0.0120862,0.288949,14.4844,53.5746,-18.5707,61088014
-5.98311,-3.07894,-3.48117,-0.23037,0.039665,0.35663,14.4844,53.5746,-18.5707,61147524
-6.57687,-2.23139,-4.23774,-0.369063,0.054054,0.313063,14.4844,53.5746,-18.5707,61206959
-6.72531,-2.09971,-4.43645,-0.281664,-0.0849061,0.364357,13.0359,52.8457,-17.5195,61268751
-8.06128,-2.25773,-5.22175,0.10444,0.0833648,0.246448,11.7686,54.8502,-17.3443,61340244
-9.34935,-2.30083,-6.43322,0.143344,0.157308,0.350901,11.7686,54.8502,-17.3443,61397703
-11.9447,-2.55222,-6.8115,1.0721,0.445754,-0.0156179,11.7686,54.8502,-17.3443,61456448
-9.95748,-1.27132,-3.44286,-0.585298,0.556868,0.227396,11.7686,54.8502,-17.3443,61514876
-6.83544,0.071826,-2.3104,0.0230361,-0.405327,0.207678,11.7686,54.8502,-17.3443,61572652
-9.25359,-0.325611,-4.7908,1.91185,-0.208278,-0.0074908,11.9496,52.8457,-18.2203,61632076
-6.69179,-1.72622,-2.25534,-0.432348,0.0897599,-0.325514,14.1223,54.668,-19.2715,61703723
-8.13071,-0.347159,-5.45399,1.27674,-0.0301481,-0.161773,14.1223,54.668,-19.2715,61762953
-6.50504,-1.8986,-4.5394,-0.229037,0.0115532,-0.142587,14.1223,54.668,-19.2715,61820873
-6.78756,-1.92494,-5.04219,0.653752,-0.142329,-0.293538,16.1139,54.4857,-19.7971,61878605
-8.1738,-1.99437,-5.81312,-0.3215,0.0429958,-0.253702,16.1139,54.4857,-19.7971,61936436
-9.13627,-2.62883,-6.1531,0.259521,0.0256757,-0.265959,17.2002,55.5791,-19.0963,62009101
-11.9638,-4.32153,-6.33984,0.81403,0.356089,-0.518299,17.2002,55.5791,-19.0963,62067570
-8.21211,-3.61524,-2.57616,-0.839636,0.0761704,-0.236649,21.0023,55.0324,-20.3226,62125951
-9.14824,-5.96395,-4.01508,0.342924,-0.841926,-0.167368,21.0023,55.0324,-20.3226,62187154
-9.14824,-3.07415,-2.18112,-2.59243,0.747655,0.104823,21.7266,55.3969,-18.5707,62244699
-5.67186,-1.32878,-4.17549,0.213024,-0.591717,0.298408,21.7266,55.3969,-18.5707,62306103
-6.16507,-2.86825,-2.40378,-0.421423,-0.130738,0.282287,19.916,55.7613,-21.0234,62378237
-7.16105,-2.30801,-4.46519,-0.275801,-0.200684,0.227396,19.916,55.7613,-21.0234,62438318
-8.75799,-2.21464,-5.23851,0.192773,-0.102759,0.232725,18.8297,56.1258,-20.3226,62500264
-9.4954,-2.71502,-5.95198,-0.213716,0.209268,0.270563,18.8297,56.1258,-20.3226,62558810
-9.73243,-2.13323,-4.56813,0.521454,0.201807,0.147723,16.476,58.4947,-20.8482,62616359
-10.5177,-1.96324,-1.21865,-1.39881,0.908599,0.228062,16.476,58.4947,-20.8482,62675114
-6.80193,0.679953,-4.20182,0.634167,-0.637682,0.107354,15.2086,57.948,-24.8777,62747795
-9.81862,-0.802057,-4.13478,1.6386,0.0705747,-0.0860972,15.2086,57.948,-24.8777,62805342
-6.31351,-1.65679,-2.6432,-0.741844,0.257231,-0.314056,15.3896,58.4947,-24.7025,62868942
-7.07726,-0.263362,-4.37899,1.64606,0.0182148,-0.214532,15.3896,58.4947,-24.7025,62926655
-7.09641,-1.89381,-4.86023,-0.501228,0.180091,-0.119938,17.7434,59.7703,-24.8777,62984624
-6.74207,-1.23541,-5.48512,0.932472,-0.137799,-0.123269,17.7434,59.7703,-24.8777,63049586
-8.58081,-2.22421,-6.79953,0.0117114,-0.172839,-0.168034,18.2865,57.7658,-24.7025,63118575
-9.20331,-2.71024,-5.91368,-0.0419808,0.109878,-0.158042,18.2865,57.7658,-24.7025,63179132
-9.79707,-3.58173,-5.00867,-0.578769,0.220726,-0.141788,19.1918,61.2281,-25.5785,63240247
-7.53934,-3.82593,-4.01029,-0.0335871,-0.436637,-0.0146853,19.1918,61.2281,-25.5785,63298384
-8.26239,-4.35505,-1.22344,-0.336821,-0.360029,-0.150714,21.5455,59.9525,-22.9506,63358857
-8.43956,-2.14281,-5.09007,-1.72895,0.0323373,0.0953637,19.1918,60.8637,-23.4762,63433437
-6.00705,-2.96642,-3.42131,-0.0221293,-0.517774,0.114949,19.1918,60.8637,-23.4762,63491117
-7.52737,-2.94247,-3.82593,-0.737847,0.0583174,-0.0513238,18.6486,59.9525,-22.9506,63555543
-7.32865,-1.88663,-4.85544,-0.440875,-0.266101,0.0891018,18.6486,59.9525,-22.9506,63615171
-8.25999,-2.76291,-4.2521,0.178783,-0.00949729,0.0640543,18.6486,59.9525,-22.9506,63673051
-8.97107,-2.68629,-5.59764,-0.352276,0.096688,0.106688,18.1055,62.3215,-20.3226,63738210
-10.6303,-2.229,-2.82755,-1.13674,0.744191,0.0792427,16.476,62.1392,-22.2498,63807087
-7.70693,0.454898,-3.80917,-0.598487,-0.287418,-0.0262764,16.476,62.1392,-22.2498,63865578
-8.6263,-0.43335,-0.411803,1.74505,0.292005,-0.053722,16.657,61.957,-22.7754,63923852
-8.29591,-2.03028,-5.15471,-0.0394494,0.0603158,-0.230786,16.657,61.957,-22.7754,63982227
-6.70616,-1.46046,-3.16992,-0.610878,0.292005,-0.336705,16.657,61.957,-22.7754,64040814
-7.49146,-1.12049,-5.17147,0.775259,0.157441,-0.186021,18.8297,60.8637,-24.1769,64102289
-6.73728,-1.91297,-4.73094,-0.29885,-0.102892,-0.217596,21.7266,61.2281,-23.8266,64174765
-8.01339,-1.65918,-5.40611,-0.255017,0.174761,-0.194681,21.7266,61.2281,-23.8266,64232556
-8.53293,-1.80283,-6.57687,-0.101935,-0.233592,-0.257166,21.7266,61.2281,-23.8266,64291573
-8.9184,-2.7653,-5.23133,-0.198927,0.302397,-0.295803,21.7266,61.2281,-23.8266,64349593
-9.14585,-3.04064,-4.06535,-0.673496,0.163836,-0.111544,21.7266,61.2281,-23.8266,64411668
-6.87614,-3.45962,-4.37899,-0.540665,-0.57573,-0.148183,23.356,60.6814,-23.301,64480487
-9.34935,-4.55616,-1.94409,-0.774486,-0.181499,-0.198278,25.3477,60.8637,-22.425,64539178
-8.99262,-1.64482,-4.91769,-1.67819,-0.0923671,0.013693,25.3477,60.8637,-22.425,64596769
-6.03099,-2.42533,-4.13,0.414336,-0.688976,-0.0325382,25.3477,60.8637,-22.425,64655425
-7.44596,-3.03345,-2.19788,-0.953016,0.0535211,-0.250771,23.175,60.8637,-21.0234,64712984
-7.96311,-1.34554,-5.25288,0.0999105,-0.247848,0.0144924,23.175,60.8637,-21.0234,64774375
-8.06128,-2.92811,-4.25928,-0.11739,-0.204548,0.0144924,23.356,59.9525,-19.7971,64846699
-8.54012,-2.50433,-5.56412,-0.042114,-0.0390746,0.075379,23.356,59.9525,-19.7971,64904492
-8.0924,-2.86107,-4.26886,0.067402,-0.0023028,0.0410054,24.4424,61.7748,-19.4467,64965977
-10.8457,-2.45166,-2.21703,-0.917976,0.511303,0.131869,24.4424,61.7748,-19.4467,65024166
-7.8865,-0.943315,-3.90255,-0.166152,-0.478071,0.164511,23.7182,61.4103,-21.1986,65084617
-9.73243,-1.62327,-2.61447,0.595131,-0.0722492,-0.138324,23.7182,61.4103,-21.1986,65146671
-7.762,-2.29604,-3.36146,-0.38212,-0.00110372,-0.346564,23.356,61.0459,-19.7971,65215276
-7.89129,-1.53708,-3.67031,-0.389981,0.0411306,-0.376541,23.356,61.0459,-19.7971,65272886
-7.55131,-1.32639,-4.58729,-0.618739,0.0572515,-0.271022,25.1666,61.0459,-20.4978,65331216
-7.33104,-1.75016,-4.63278,-0.437944,-0.0464023,-0.40905,25.1666,61.0459,-20.4978,65389739
-7.90565,-1.36469,-4.83868,-0.850694,0.178092,-0.369613,25.7098,59.4058,-21.7242,65450332
-8.30069,-1.52511,-5.33428,-0.50789,-0.161248,-0.433164,25.7098,59.4058,-21.7242,65524818
-12.2176,-3.4261,-7.08923,-0.188268,0.0103542,-0.547077,27.1582,60.4992,-22.7754,65583438
-9.37809,-3.9217,-3.75411,-0.275801,-0.00323542,-0.378939,27.1582,60.4992,-22.7754,65643497
-7.44118,-3.66792,-1.80523,-0.522279,-0.339511,-0.301132,29.1498,59.5881,-22.6002,65704479
-9.29908,-2.62165,-3.91452,-2.05564,-0.0048342,-0.26476,29.1498,59.5881,-22.6002,65765540
-7.65187,-1.71425,-4.06775,-0.620337,-0.474741,-0.119671,28.2445,59.4058,-23.8266,65823104
-8.02297,-2.12844,-3.06458,-0.461259,-0.181632,-0.0505245,27.5203,60.1347,-21.0234,65896323
-7.81228,-2.40378,-4.07493,-0.644186,0.0921581,0.00942956,27.5203,60.1347,-21.0234,65953871
-7.33104,-2.07817,-5.19063,0.354382,-0.383078,0.0408721,27.5203,60.1347,-21.0234,66014178
-8.39886,-2.20506,-3.96001,-0.136175,0.352092,0.201416,28.2445,59.0414,-22.0746,66075587
-8.53532,-2.38223,-4.96078,0.0103791,-0.0209552,0.169707,28.2445,59.0414,-22.0746,66136636
-9.92636,-2.36308,-6.74446,-0.0487756,-0.308735,0.1781,28.0635,60.6814,-22.2498,66195035
-10.3693,-1.21386,-3.76368,-0.275935,-0.20548,0.273893,26.2529,61.4103,-22.2498,66267256
-8.87291,-0.169988,-2.11887,-0.528541,0.0961551,-0.133128,26.2529,61.4103,-22.2498,66325726
